0
3
4
48
48
54
69
82
93
132
209
240
265
272
296
307
362
393
414
414
423
424
455
457
474
475
487
500
528
530
540
549
553
556
560
567
598
602
621
624
637
665
683
687
694
695
698
737
760
775
788
798
830
841
853
861
876
881
890
918
934
952
960
970
982
985
987
1001
1044
1061
1061
1068
1073
1078
1083
1102
1104
1110
1179
1211
1219
1220
1220
1249
1273
1295
1297
1319
1343
1345
1360
1382
1418
1423
1425
1461
1472
1499
1514
1562
1576
1578
1626
1627
1679
1726
1728
1744
1751
1769
1772
1821
1823
1868
1874
1888
1893
1899
1906
1908
1910
1920
1968
1970
1972
1979
2009
2025
2043
2121
2131
2146
2179
2181
2184
2190
2202
2203
2233
2244
2245
2248
2271
2291
2323
2338
2345
2364
2406
2410
2442
2474
2477
2565
2611
2611
2631
2638
2670
2672
2672
2679
2687
2736
2754
2755
2755
2767
2793
2880
2938
2952
2966
2967
2994
3014
3066
3067
3090
3103
3111
3121
3127
3151
3153
3165
3178
3184
3187
3197
3214
3216
3232
3234
3245
3252
3279
3292
3346
3371
3373
3378
3388
3402
3409
3430
3444
3444
3446
3497
3507
3522
3523
3542
3546
3554
3593
3606
3611
3703
3742
3864
3873
3931
3944
3957
3983
3988
4034
4045
4084
4088
4097
4103
4123
4136
4159
4164
4186
4191
4237
4247
4252
4279
4280
4304
4305
4316
4333
4361
4384
4395
4395
4410
4410
4414
4436
4452
4466
4483
4509
4533
4537
4546
4564
4582
4635
4637
4687
4698
4712
4718
4720
4727
4728
4747
4776
4776
4779
4801
4830
4840
4858
4861
4884
4893
4933
4955
4977
4987
5001
5011
5084
5112
5175
5187
5202
5204
5206
5263
5268
5325
5326
5347
5358
5481
5488
5501
5518
5527
5543
5553
5579
5598
5626
5642
5642
5656
5675
5684
5709
5758
5792
5816
5821
5822
5823
5872
5888
5941
5995
6001
6048
6072
6099
6116
6132
6135
6136
6154
6155
6200
6219
6233
6238
6241
6264
6265
6265
6293
6294
6323
6325
6367
6369
6371
6386
6463
6486
6487
6625
6664
6676
6684
6696
6714
6742
6834
6847
6854
6859
6859
6865
6873
6885
6901
6910
6921
6925
6925
6927
6961
6984
6987
6995
7009
7029
7035
7045
7047
7062
7068
7070
7088
7098
7137
7148
7182
7188
7193
7236
7246
7248
7257
7264
7279
7289
7297
7301
7329
7335
7346
7354
7365
7371
7408
7414
7447
7485
7502
7559
7572
7580
7592
7614
7641
7667
7678
7678
7685
7699
7739
7740
7741
7749
7768
7773
7785
7813
7813
7818
7826
7832
7865
7871
7872
7895
7896
7918
7923
7941
7950
7961
7963
7966
7988
8000
8001
8028
8041
8051
8057
8061
8076
8127
8133
8179
8206
8276
8329
8341
8359
8372
8374
8382
8388
8439
8457
8461
8488
8498
8510
8516
8517
8534
8536
8566
8642
8675
8680
8684
8690
8702
8766
8768
8776
8795
8847
8909
8910
8941
8979
9009
9010
9033
9051
9111
9128
9145
9161
9185
9214
9217
9232
9261
9274
9277
9288
9356
9374
9386
9402
9419
9444
9505
9512
9531
9546
9611
9643
9693
9724
9726
9765
9780
9792
9798
9837
9888
9921
10011
10041
10055
10101
10103
10118
10129
10132
10201
10285
10311
10347
10378
10412
10417
10418
10431
10438
10460
10475
10530
10615
10708
10729
10731
10739
10753
10783
10798
10833
10852
10871
10889
10902
10930
10946
11003
11011
11019
11075
11104
11107
11160
11161
11188
11214
11215
11220
11277
11327
11332
11351
11374
11374
11381
11426
11500
11532
11543
11551
11556
11559
11597
11598
11619
11627
11672
11675
11682
11698
11700
11702
11734
11760
11767
11772
11838
11848
11877
11881
11883
11886
11886
11901
11948
11949
11960
11976
11982
12044
12071
12080
12116
12116
12200
12211
12228
12242
12279
12332
12340
12394
12422
12462
12463
12470
12487
12488
12501
12512
12548
12627
12691
12694
12706
12722
12739
12758
12765
12772
12858
12863
12880
12909
12916
12919
12937
12939
12958
12966
12977
13003
13044
13044
13058
13095
13116
13129
13152
13176
13179
13197
13214
13220
13221
13224
13224
13257
13278
13284
13291
13328
13381
13395
13412
13430
13437
13443
13450
13459
13475
13505
13507
13526
13566
13570
13595
13607
13635
13649
13680
13681
13713
13715
13725
13733
13782
13783
13838
13839
13851
14012
14032
14040
14058
14060
14086
14097
14125
14133
14144
14180
14242
14246
14273
14289
14291
14292
14297
14308
14332
14333
14335
14348
14365
14378
14387
14391
14412
14418
14423
14468
14491
14494
14497
14499
14525
14545
14552
14593
14602
14625
14642
14656
14659
14668
14683
14690
14717
14725
14738
14780
14788
14819
14835
14842
14869
14873
14884
14906
14916
14927
14929
14938
14949
14969
14975
15013
15021
15028
15049
15077
15083
15142
15155
15183
15264
15282
15307
15330
15340
15356
15365
15403
15411
15418
15418
15420
15424
15430
15444
15458
15495
15540
15580
15593
15612
15615
15650
15669
15679
15686
15734
15765
15769
15772
15783
15786
15807
15808
15811
15852
15882
15899
15923
15932
15945
15984
16004
16014
16034
16035
16050
16092
16107
16120
16138
16148
16152
16202
16229
16281
16321
16386
16414
16463
16486
16514
16525
16549
16555
16572
16579
16592
16622
16642
16691
16713
16742
16751
16826
16843
16859
16865
16889
16893
16897
16914
16968
16975
16976
16989
17010
17069
17122
17123
17164
17185
17187
17204
17250
17324
17333
17344
17357
17418
17422
17428
17463
17476
17505
17508
17537
17550
17578
17583
17590
17595
17630
17636
17660
17710
17727
17733
17785
17810
17811
17816
17843
17897
17897
17909
17915
17968
17974
17990
17997
17997
18006
18006
18017
18017
18054
18056
18057
18058
18064
18065
18087
18098
18178
18185
18197
18198
18227
18247
18311
18317
18348
18371
18373
18373
18407
18427
18430
18441
18446
18495
18501
18533
18543
18546
18566
18578
18594
18614
18669
18671
18733
18775
18801
18906
18938
18946
18949
18956
18967
18980
18980
18983
18984
19022
19027
19088
19101
19104
19128
19156
19171
19176
19190
19205
19211
19290
19312
19326
19336
19360
19403
19428
19440
19446
19467
19474
19482
19484
19498
19503
19508
19540
19558
19560
19575
19581
19599
19617
19650
19656
19663
19665
19687
19753
19794
19814
19827
19853
19887
19913
19918
19923
19935
19959
19983
19987
20000
20008
20044
20083
20097
20108
20109
20135
20147
20150
20168
20200
20224
20238
20263
20289
20298
20318
20324
20333
20362
20407
20418
20429
20452
20499
20507
20533
20555
20575
20579
20598
20626
20637
20675
20681
20687
20690
20694
20695
20700
20700
20702
20738
20747
20749
20778
20785
20810
20895
20898
20899
20900
20908
20914
20918
20944
20949
20953
20977
20983
20994
21001
21027
21058
21085
21111
21112
21126
21152
21168
21170
21213
21221
21242
21281
21281
21336
21358
21381
21394
21480
21488
21516
21539
21541
21585
21593
21601
21647
21675
21691
21706
21746
21763
21777
21795
21838
21847
21889
21897
21922
21927
21942
21977
21986
22001
22014
22020
22084
22088
22174
22200
22204
22228
22229
22295
22322
22356
22386
22396
22426
22428
22434
22452
22455
22513
22528
22536
22561
22584
22589
22602
22607
22619
22656
22711
22737
22758
22760
22761
22762
22764
22765
22780
22801
22802
22843
22856
22897
22899
22951
22973
22978
22980
22998
23007
23007
23029
23030
23035
23058
23059
23103
23118
23120
23131
23156
23163
23169
23199
23200
23204
23209
23239
23254
23258
23284
23312
23313
23314
23348
23380
23429
23444
23466
23471
23479
23498
23499
23511
23523
23540
23542
23559
23574
23593
23609
23646
23651
23663
23673
23714
23718
23729
23781
23793
23800
23804
23814
23834
23901
23910
23911
23914
23960
23975
23986
23994
24003
24013
24021
24039
24052
24094
24105
24124
24126
24133
24136
24141
24152
24170
24171
24184
24197
24206
24212
24215
24217
24228
24232
24237
24245
24279
24296
24338
24343
24383
24393
24394
24406
24419
24431
24435
24445
24457
24493
24540
24541
24544
24553
24572
24585
24610
24621
24633
24664
24666
24683
24689
24700
24704
24723
24750
24758
24762
24769
24770
24793
24799
24824
24825
24869
24871
24877
24906
24907
24937
24956
24957
24968
24990
25000
25000
25057
25065
25070
25087
25090
25091
25091
25111
25121
25169
25184
25199
25204
25208
25231
25233
25238
25249
25256
25278
25301
25302
25316
25322
25326
25362
25364
25388
25400
25414
25447
25478
25536
25564
25571
25617
25677
25682
25683
25698
25701
25745
25753
25762
25804
25807
25833
25870
25872
25888
25910
25916
25921
25937
25953
25961
25994
26004
26010
26026
26062
26084
26103
26110
26126
26131
26140
26145
26161
26169
26181
26185
26202
26212
26225
26235
26237
26245
26248
26248
26256
26266
26285
26304
26321
26325
26325
26325
26341
26342
26349
26351
26353
26355
26379
26379
26380
26387
26429
26446
26448
26455
26456
26475
26488
26496
26535
26551
26552
26562
26604
26618
26657
26661
26676
26682
26692
26717
26755
26762
26775
26777
26793
26813
26816
26818
26855
26864
26867
26887
26895
26938
26945
26956
26972
26974
26986
26987
26990
26998
27004
27013
27018
27101
27108
27110
27110
27137
27138
27162
27162
27175
27219
27255
27256
27257
27290
27306
27320
27352
27376
27385
27386
27453
27471
27472
27481
27492
27498
27499
27537
27554
27558
27578
27584
27614
27640
27652
27657
27666
27711
27734
27755
27804
27825
27848
27848
27867
27935
27938
27959
27961
27982
27987
27999
28003
28029
28029
28041
28044
28052
28079
28080
28092
28129
28130
28132
28134
28160
28191
28216
28234
28242
28249
28368
28374
28382
28386
28389
28395
28462
28472
28506
28512
28564
28566
28570
28581
28601
28647
28663
28723
28733
28756
28756
28785
28822
28833
28850
28851
28854
28900
28925
28927
28949
28952
28989
29002
29008
29021
29032
29064
29075
29080
29082
29100
29118
29121
29126
29174
29195
29255
29256
29260
29276
29286
29305
29309
29332
29333
29334
29352
29364
29379
29379
29390
29395
29421
29432
29446
29451
29483
29489
29529
29532
29574
29596
29601
29607
29614
29643
29671
29695
29728
29734
29745
29755
29774
29785
29788
29801
29837
29846
29851
29876
29883
29892
29904
29912
29929
29936
29957
29963
29969
30008
30022
30103
30111
30130
30130
30132
30170
30176
30183
30189
30196
30207
30234
30273
30284
30321
30332
30361
30366
30377
30414
30465
30472
30496
30512
30544
30550
30570
30575
30585
30619
30643
30685
30736
30746
30747
30753
30757
30760
30775
30776
30809
30812
30812
30837
30848
30864
30871
30885
30888
30902
30923
31000
31009
31014
31015
31042
31087
31109
31114
31119
31148
31149
31158
31163
31163
31178
31192
31195
31200
31218
31220
31227
31248
31255
31261
31272
31290
31290
31325
31351
31352
31364
31369
31373
31384
31390
31397
31415
31423
31439
31451
31460
31462
31478
31479
31513
31541
31551
31599
31609
31621
31642
31642
31675
31707
31724
31752
31801
31804
31810
31817
31852
31870
31885
31907
31939
31949
31965
32000
32019
32046
32065
32066
32099
32121
32139
32143
32143
32151
32170
32198
32218
32238
32276
32279
32300
32304
32310
32321
32347
32363
32400
32404
32450
32498
32521
32572
32639
32649
32655
32753
32771
32778
32791
32821
32827
32847
32869
32890
33012
33028
33031
33068
33069
33098
33103
33114
33116
33135
33159
33183
33188
33192
33228
33231
33280
33298
33304
33311
33333
33377
33384
33384
33389
33468
33492
33504
33538
33539
33618
33637
33690
33702
33738
33752
33755
33769
33801
33809
33822
33835
33839
34008
34068
34102
34113
34129
34146
34160
34227
34229
34257
34279
34284
34290
34292
34316
34346
34364
34374
34377
34389
34389
34390
34402
34423
34453
34481
34489
34492
34512
34518
34521
34536
34540
34547
34564
34576
34612
34632
34640
34645
34659
34661
34665
34671
34690
34701
34712
34714
34716
34724
34728
34734
34745
34769
34781
34808
34852
34869
34877
34882
34909
34913
34917
34920
34948
34981
34992
34994
34995
34999
35036
35045
35045
35055
35074
35077
35091
35108
35124
35141
35162
35199
35204
35205
35210
35237
35247
35273
35276
35281
35283
35283
35299
35322
35326
35350
35379
35396
35404
35419
35430
35457
35471
35471
35490
35500
35513
35522
35534
35537
35564
35575
35579
35586
35612
35616
35647
35707
35710
35715
35727
35777
35778
35779
35783
35790
35791
35804
35804
35831
35845
35885
35960
35987
35999
36029
36032
36098
36114
36118
36135
36157
36227
36231
36273
36276
36296
36324
36371
36417
36450
36474
36507
36527
36527
36543
36561
36604
36616
36645
36647
36679
36710
36729
36764
36775
36805
36845
36848
36867
36881
36916
36928
36982
36984
36996
37006
37007
37040
37066
37083
37084
37088
37121
37140
37162
37164
37241
37247
37255
37265
37274
37278
37290
37293
37299
37311
37312
37327
37342
37346
37362
37365
37368
37372
37372
37373
37404
37431
37432
37444
37453
37460
37478
37481
37493
37508
37518
37555
37566
37597
37600
37603
37642
37650
37653
37661
37722
37729
37767
37769
37771
37780
37783
37794
37828
37830
37847
37850
37870
37880
37895
37908
37969
37971
37973
37973
38001
38022
38026
38027
38035
38067
38069
38131
38134
38143
38203
38207
38219
38223
38225
38242
38250
38257
38272
38290
38318
38336
38388
38460
38502
38515
38519
38529
38531
38553
38559
38597
38624
38634
38651
38665
38683
38724
38732
38739
38760
38783
38789
38790
38831
38872
38905
38917
39001
39018
39031
39057
39117
39192
39239
39265
39299
39391
39462
39482
39502
39533
39540
39555
39581
39610
39616
39619
39674
39682
39782
39818
39832
39879
39879
39887
39945
39954
40016
40066
40079
40088
40104
40183
40219
40247
40257
40267
40309
40335
40343
40347
40350
40362
40367
40388
40400
40401
40417
40467
40519
40535
40550
40559
40600
40623
40642
40650
40668
40686
40689
40711
40714
40715
40726
40739
40753
40794
40818
40829
40855
40898
40902
40934
40957
40963
40978
40988
41009
41017
41042
41045
41099
41099
41108
41108
41120
41125
41136
41136
41138
41157
41165
41173
41183
41188
41223
41239
41310
41336
41372
41400
41417
41445
41458
41482
41499
41516
41538
41604
41624
41629
41657
41671
41725
41766
41798
41809
41872
41912
41959
41963
41967
42009
42041
42070
42091
42149
42152
42180
42200
42213
42247
42251
42255
42263
42270
42281
42310
42316
42317
42322
42349
42358
42359
42368
42379
42396
42398
42423
42424
42430
42433
42460
42467
42480
42498
42586
42593
42594
42597
42615
42653
42657
42661
42673
42708
42709
42729
42732
42737
42744
42746
42757
42772
42794
42811
42812
42826
42857
42862
42889
42899
42921
42923
42925
42947
42949
42952
42954
42962
42967
43016
43025
43044
43074
43083
43104
43117
43133
43155
43169
43181
43182
43182
43192
43201
43289
43304
43308
43326
43332
43360
43374
43383
43393
43407
43434
43442
43503
43503
43524
43550
43553
43554
43608
43612
43617
43657
43708
43730
43733
43741
43759
43776
43789
43797
43805
43806
43817
43845
43871
43894
43913
44022
44038
44046
44065
44068
44075
44075
44094
44102
44103
44119
44167
44178
44199
44200
44216
44218
44230
44232
44235
44243
44244
44249
44287
44294
44298
44309
44316
44318
44321
44334
44389
44414
44495
44524
44526
44537
44552
44592
44619
44642
44685
44718
44732
44738
44738
44761
44831
44848
44850
44873
44873
44874
44907
44929
44940
44946
44949
44949
44950
44966
44984
44993
45025
45049
45084
45092
45124
45151
45154
45167
45171
45174
45176
45191
45197
45198
45205
45237
45240
45251
45260
45262
45266
45273
45281
45288
45288
45306
45309
45330
45337
45338
45367
45433
45459
45498
45513
45525
45527
45528
45552
45574
45590
45611
45619
45629
45629
45633
45635
45647
45647
45703
45711
45715
45719
45723
45743
45756
45761
45789
45794
45795
45803
45834
45872
45886
45902
45908
45910
45916
45918
45922
45963
46002
46088
46108
46145
46198
46273
46349
46419
46515
46541
46617
46669
46689
46703
46791
46796
46801
46934
46966
46968
46981
47040
47043
47044
47059
47064
47086
47091
47093
47143
47168
47186
47218
47220
47301
47322
47339
47347
47359
47376
47385
47392
47399
47417
47438
47470
47494
47523
47549
47555
47566
47575
47593
47601
47628
47675
47756
47791
47835
47843
47873
47882
47902
47903
47932
47933
47963
47965
48007
48022
48083
48084
48090
48097
48097
48117
48128
48132
48148
48167
48169
48178
48191
48265
48302
48320
48326
48332
48347
48347
48359
48387
48418
48419
48420
48493
48512
48537
48545
48555
48561
48587
48599
48640
48641
48652
48658
48670
48674
48681
48699
48720
48762
48779
48796
48823
48841
48873
48880
48881
48894
48914
48924
48935
48943
48945
48994
48998
48999
49050
49104
49118
49129
49163
49166
49169
49193
49205
49210
49211
49244
49263
49276
49300
49315
49323
49336
49342
49366
49373
49382
49390
49410
49437
49496
49506
49518
49539
49561
49578
49599
49623
49631
49644
49655
49664
49669
49684
49698
49725
49728
49765
49767
49781
49782
49795
49817
49855
49858
49882
49901
49913
49939
49949
49981
50057
50061
50105
50124
50131
50139
50150
50163
50174
50210
50266
50272
50302
50320
50332
50370
50443
50449
50454
50464
50485
50521
50593
50618
50649
50737
50844
50848
50895
50909
50913
50964
51010
51019
51035
51047
51066
51086
51115
51122
51141
51174
51186
51187
51234
51245
51252
51266
51280
51297
51367
51440
51451
51478
51483
51487
51488
51514
51521
51529
51546
51571
51579
51592
51623
51631
51651
51652
51656
51661
51751
51754
51761
51824
51826
51840
51846
51892
51909
51937
51950
51959
51985
52000
52013
52066
52076
52099
52101
52117
52133
52145
52148
52166
52176
52193
52194
52235
52269
52278
52292
52297
52299
52334
52334
52338
52362
52371
52376
52382
52395
52404
52411
52445
52486
52487
52491
52535
52545
52553
52585
52593
52600
52601
52612
52651
52652
52675
52676
52679
52708
52716
52717
52720
52751
52786
52789
52792
52794
52807
52819
52824
52836
52864
52924
52967
52981
53013
53014
53021
53085
53087
53088
53112
53154
53194
53272
53275
53357
53363
53376
53414
53527
53600
53629
53640
53703
53725
53767
53777
53798
53811
53888
53910
53942
53968
53968
53981
53982
53985
54035
54038
54048
54071
54073
54094
54112
54117
54245
54277
54286
54325
54328
54353
54382
54410
54419
54454
54482
54503
54519
54527
54547
54573
54592
54606
54659
54686
54721
54737
54744
54749
54768
54793
54823
54823
54835
54861
54879
54889
54916
54919
54921
54922
54925
54931
54939
54987
55002
55004
55011
55020
55026
55048
55086
55140
55159
55174
55201
55212
55225
55246
55261
55265
55301
55309
55310
55316
55321
55325
55326
55328
55361
55371
55414
55446
55458
55470
55533
55535
55541
55543
55544
55555
55572
55577
55583
55591
55591
55619
55638
55680
55690
55701
55708
55710
55723
55728
55738
55753
55829
55829
55858
55869
55880
55882
55899
55900
55917
55935
55937
55957
55960
55969
55975
55993
55994
55996
55997
56025
56030
56055
56057
56076
56116
56202
56206
56207
56215
56227
56237
56256
56257
56265
56375
56383
56386
56398
56411
56427
56436
56448
56450
56455
56460
56482
56485
56501
56507
56513
56522
56564
56583
56593
56618
56628
56628
56656
56658
56662
56678
56696
56701
56773
56792
56796
56805
56936
56949
56953
57049
57053
57056
57181
57191
57223
57331
57333
57339
57348
57356
57358
57461
57486
57613
57689
57726
57756
57803
57808
57813
57839
57885
57906
58006
58022
58027
58035
58035
58040
58056
58068
58071
58078
58100
58112
58183
58190
58223
58224
58249
58267
58280
58281
58283
58299
58303
58341
58344
58367
58378
58383
58460
58466
58475
58476
58499
58514
58517
58533
58552
58571
58621
58660
58676
58708
58709
58720
58736
58740
58775
58783
58786
58788
58788
58790
58799
58802
58846
58902
58945
58977
58996
59006
59036
59043
59043
59055
59073
59107
59119
59120
59136
59176
59181
59183
59212
59213
59254
59265
59275
59278
59282
59282
59293
59330
59336
59361
59374
59383
59418
59423
59439
59447
59450
59489
59512
59518
59557
59568
59571
59599
59604
59625
59645
59647
59647
59736
59769
59807
59820
59853
59855
59865
59872
59965
59968
59978
60022
60033
60061
60074
60108
60118
60119
60147
60154
60202
60210
60229
60242
60283
60315
60324
60341
60347
60363
60365
60369
60379
60460
60466
60474
60475
60503
60513
60521
60562
60583
60588
60612
60618
60646
60679
60714
60755
60797
60814
60932
60946
60959
61011
61027
61033
61061
61073
61073
61074
61086
61091
61095
61105
61126
61156
61159
61185
61210
61213
61256
61258
61269
61316
61317
61319
61354
61370
61387
61399
61417
61421
61428
61440
61450
61489
61514
61535
61536
61556
61559
61563
61599
61637
61651
61656
61685
61820
61821
61866
61868
61870
61881
61882
61892
61999
62024
62033
62036
62039
62042
62054
62061
62063
62068
62075
62076
62094
62095
62109
62125
62131
62156
62171
62187
62191
62267
62279
62287
62327
62334
62392
62426
62428
62442
62446
62533
62539
62585
62590
62597
62598
62604
62608
62633
62652
62653
62665
62675
62693
62693
62729
62743
62758
62759
62760
62777
62781
62813
62817
62822
62823
62838
62848
62861
62894
62907
62916
62927
62938
62955
62969
62969
62994
62997
63002
63005
63014
63021
63026
63028
63035
63042
63042
63046
63076
63099
63110
63114
63123
63132
63138
63152
63153
63156
63161
63164
63168
63173
63178
63185
63199
63205
63261
63273
63274
63315
63323
63323
63370
63372
63378
63397
63417
63453
63467
63468
63498
63549
63578
63645
63752
63797
63892
63928
63963
63993
64056
64072
64081
64147
64208
64234
64242
64282
64317
64367
64416
64423
64426
64525
64556
64564
64593
64640
64672
64704
64717
64764
64778
64812
64818
64819
64839
64873
64881
64992
64998
64999
65026
65064
65176
65194
65207
65215
65218
65238
65241
65247
65303
65304
65316
65339
65348
65409
65410
65487
65489
65524
65532
65541
65542
65568
65582
65612
65659
65665
65690
65693
65794
65824
65830
65837
65897
65912
65921
65968
65993
66003
66093
66127
66134
66141
66152
66181
66196
66222
66239
66242
66257
66267
66294
66303
66322
66323
66335
66345
66351
66420
66448
66475
66476
66487
66496
66499
66506
66523
66584
66593
66604
66609
66622
66627
66632
66635
66649
66670
66677
66678
66689
66691
66708
66713
66716
66740
66777
66804
66853
66862
66866
66867
66891
66911
66931
66936
66984
67010
67048
67050
67058
67064
67070
67080
67145
67152
67154
67168
67169
67174
67194
67199
67206
67223
67240
67258
67263
67307
67313
67325
67333
67343
67380
67385
67393
67401
67428
67440
67447
67500
67576
67582
67587
67591
67600
67639
67695
67698
67702
67756
67770
67807
67912
67952
67992
67997
68014
68017
68019
68031
68079
68100
68114
68127
68133
68137
68145
68177
68182
68185
68192
68210
68221
68294
68330
68365
68382
68432
68455
68479
68481
68522
68523
68541
68548
68629
68650
68671
68681
68702
68713
68730
68747
68796
68837
68847
68859
68925
68932
68938
68965
68976
69003
69027
69054
69088
69095
69118
69132
69220
69221
69224
69227
69237
69254
69292
69315
69316
69335
69335
69336
69337
69347
69358
69392
69411
69431
69437
69457
69462
69467
69473
69491
69492
69500
69524
69532
69537
69540
69545
69557
69572
69590
69607
69613
69622
69679
69680
69681
69682
69698
69715
69740
69749
69752
69776
69794
69798
69851
69853
69854
69885
69892
69892
69897
69903
69919
69922
69924
69938
69949
69952
69956
69957
69966
69969
69989
70005
70033
70034
70060
70073
70094
70103
70147
70169
70207
70221
70221
70249
70249
70269
70271
70280
70289
70289
70298
70344
70363
70365
70384
70385
70421
70430
70433
70450
70451
70468
70475
70501
70531
70539
70540
70547
70548
70597
70607
70631
70638
70643
70647
70650
70654
70657
70664
70672
70674
70686
70695
70701
70729
70730
70747
70758
70774
70786
70788
70799
70831
70864
70889
70908
70909
70923
70934
70944
70951
70954
70963
71016
71087
71112
71125
71131
71138
71141
71143
71143
71158
71174
71182
71201
71202
71220
71235
71251
71252
71254
71255
71306
71311
71381
71403
71425
71429
71462
71463
71478
71502
71584
71586
71587
71594
71616
71620
71622
71641
71688
71702
71706
71723
71755
71755
71777
71777
71785
71787
71807
71817
71874
71880
71939
71945
71977
71986
72027
72047
72057
72084
72088
72092
72103
72126
72164
72166
72176
72192
72217
72228
72243
72243
72249
72264
72284
72298
72340
72351
72367
72423
72439
72448
72456
72461
72483
72504
72519
72535
72543
72570
72579
72635
72656
72681
72701
72705
72720
72777
72795
72809
72812
72857
72886
72936
72943
72945
72980
72988
72998
73007
73020
73041
73047
73074
73076
73087
73093
73118
73125
73167
73193
73218
73218
73252
73284
73301
73305
73313
73315
73338
73350
73370
73400
73409
73411
73413
73418
73482
73491
73497
73499
73506
73507
73508
73509
73517
73526
73588
73588
73598
73606
73608
73613
73618
73651
73670
73677
73680
73682
73695
73707
73725
73753
73754
73780
73796
73808
73808
73823
73833
73834
73835
73837
73860
73862
73867
73896
73900
73917
73935
73955
73963
73991
73993
73998
74020
74022
74026
74039
74046
74064
74065
74094
74101
74113
74118
74118
74122
74124
74127
74137
74142
74155
74205
74224
74262
74318
74324
74324
74333
74341
74354
74357
74374
74379
74382
74393
74395
74426
74438
74442
74460
74487
74491
74499
74531
74560
74574
74576
74590
74604
74608
74644
74663
74687
74693
74745
74761
74762
74775
74786
74788
74826
74832
74838
74844
74858
74950
75031
75060
75060
75062
75068
75105
75154
75172
75172
75185
75192
75209
75213
75214
75262
75270
75275
75278
75327
75365
75366
75369
75395
75421
75421
75436
75438
75472
75500
75519
75532
75534
75542
75543
75556
75558
75561
75563
75567
75579
75579
75620
75622
75622
75631
75674
75677
75678
75690
75727
75755
75755
75767
75768
75795
75803
75812
75818
75833
75837
75867
75914
75923
75924
75959
75961
75961
75971
75973
75976
75978
76002
76040
76043
76075
76077
76086
76089
76095
76108
76118
76132
76133
76143
76161
76199
76202
76208
76225
76231
76241
76269
76279
76296
76298
76301
76331
76364
76373
76399
76407
76415
76431
76453
76453
76457
76458
76465
76471
76476
76477
76486
76490
76500
76510
76513
76514
76533
76535
76568
76569
76569
76574
76577
76590
76591
76608
76615
76619
76631
76645
76655
76657
76662
76665
76670
76690
76691
76712
76720
76723
76734
76746
76749
76773
76783
76785
76789
76792
76795
76812
76818
76822
76827
76838
76844
76865
76868
76870
76875
76881
76891
76910
76912
76913
76930
76945
76949
76964
76981
76981
76988
76988
77002
77022
77042
77055
77068
77093
77117
77121
77123
77157
77158
77160
77177
77190
77200
77205
77210
77237
77249
77258
77261
77262
77281
77290
77298
77299
77315
77332
77340
77345
77350
77364
77369
77378
77392
77395
77406
77427
77428
77438
77439
77440
77444
77456
77457
77475
77487
77498
77554
77561
77567
77601
77615
77626
77644
77668
77717
77746
77797
77826
77830
77833
77844
77859
77884
77904
77915
77930
77949
77949
77975
77998
78009
78031
78031
78042
78044
78054
78075
78093
78094
78095
78116
78152
78153
78159
78175
78183
78204
78205
78210
78234
78236
78258
78274
78284
78308
78316
78324
78335
78339
78346
78356
78383
78391
78421
78427
78433
78449
78452
78452
78453
78459
78467
78478
78480
78504
78509
78516
78533
78534
78536
78539
78541
78554
78565
78566
78597
78607
78635
78639
78640
78651
78679
78706
78709
78728
78762
78770
78784
78795
78804
78829
78838
78840
78849
78873
78874
78895
78918
78933
78942
78947
78951
78957
78957
78968
78973
78989
78997
79011
79015
79015
79028
79032
79037
79040
79065
79084
79108
79110
79111
79149
79155
79176
79182
79184
79207
79247
79273
79280
79283
79295
79300
79318
79342
79350
79354
79373
79395
79396
79444
79445
79445
79452
79456
79460
79475
79477
79495
79529
79543
79554
79555
79558
79573
79574
79586
79616
79617
79652
79655
79657
79658
79671
79676
79680
79693
79699
79701
79704
79707
79715
79719
79747
79755
79759
79781
79792
79797
79797
79811
79821
79831
79836
79843
79865
79880
79885
79941
79944
79945
79949
79977
79990
80017
80022
80027
80037
80066
80067
80077
80091
80096
80103
80112
80116
80129
80133
80148
80152
80159
80162
80164
80177
80178
80181
80203
80206
80230
80251
80261
80265
80268
80271
80286
80301
80330
80335
80339
80339
80345
80374
80378
80382
80384
80387
80429
80430
80451
80454
80459
80460
80470
80471
80487
80502
80511
80517
80572
80574
80578
80588
80589
80617
80623
80626
80631
80634
80639
80644
80661
80662
80671
80678
80691
80692
80737
80748
80793
80795
80809
80815
80818
80824
80832
80838
80853
80864
80874
80886
80890
80918
80930
80951
80957
80973
81006
81022
81038
81044
81057
81061
81067
81089
81114
81117
81130
81147
81173
81190
81193
81211
81212
81213
81221
81233
81236
81251
81274
81276
81319
81319
81320
81368
81394
81398
81407
81410
81426
81465
81466
81482
81490
81492
81541
81573
81588
81590
81609
81637
81646
81800
81812
81826
81899
81904
81915
81946
81957
81986
82004
82043
82048
82118
82132
82134
82143
82165
82168
82171
82171
82174
82182
82190
82210
82222
82241
82245
82259
82279
82306
82317
82328
82347
82379
82381
82389
82399
82413
82416
82465
82493
82495
82498
82500
82522
82526
82532
82539
82552
82568
82569
82585
82600
82622
82624
82640
82664
82687
82688
82723
82726
82729
82732
82761
82762
82778
82797
82805
82808
82834
82835
82845
82859
82862
82873
82876
82908
82928
82949
83002
83011
83021
83022
83033
83050
83061
83066
83073
83079
83093
83097
83124
83124
83129
83131
83139
83172
83176
83220
83227
83257
83259
83278
83286
83294
83301
83310
83317
83326
83330
83335
83344
83347
83360
83373
83377
83382
83388
83390
83396
83409
83413
83414
83423
83427
83428
83463
83465
83467
83476
83482
83488
83493
83494
83497
83499
83514
83519
83525
83549
83578
83588
83615
83629
83635
83655
83662
83665
83667
83673
83676
83688
83707
83731
83734
83740
83745
83746
83749
83757
83781
83798
83806
83814
83820
83820
83821
83824
83826
83849
83849
83856
83859
83861
83872
83885
83885
83887
83898
83913
83917
83925
83936
83942
83944
83954
83985
83986
83997
84012
84043
84045
84051
84056
84070
84073
84079
84082
84087
84091
84096
84119
84120
84127
84131
84148
84152
84156
84158
84169
84170
84182
84189
84205
84205
84214
84217
84239
84251
84256
84274
84282
84285
84289
84293
84296
84297
84308
84329
84362
84365
84369
84411
84415
84466
84490
84508
84599
84667
84667
84676
84686
84690
84724
84727
84760
84762
84762
84774
84784
84790
84825
84836
84855
84864
84870
84871
84879
84881
84900
84941
84953
84961
84975
84996
85020
85096
85123
85166
85176
85180
85210
85211
85238
85250
85278
85286
85294
85309
85310
85314
85324
85328
85332
85338
85341
85371
85377
85392
85394
85419
85440
85454
85459
85474
85490
85504
85522
85543
85552
85578
85582
85606
85631
85634
85649
85673
85678
85682
85683
85695
85717
85749
85752
85756
85765
85778
85795
85798
85810
85823
85827
85832
85836
85851
85877
85893
85947
85951
85953
85965
85982
85998
86028
86028
86030
86051
86065
86071
86081
86086
86124
86127
86127
86167
86185
86189
86192
86201
86209
86211
86223
86226
86238
86253
86270
86272
86278
86283
86289
86297
86321
86335
86341
86343
86351
86365
86367
86380
86386
86393
86396
86410
86418
86426
86434
86435
86439
86448
86506
86518
86525
86530
86530
86557
86586
86595
86600
86617
86620
86624
86654
86655
86674
86683
86688
86699
86707
86710
86719
86730
86730
86742
86752
86752
86755
86757
86760
86763
86768
86783
86788
86810
86824
86828
86836
86837
86841
86885
86898
86913
86918
86924
86925
86960
86987
86995
87052
87058
87061
87093
87094
87098
87100
87102
87106
87117
87118
87132
87136
87151
87167
87186
87193
87194
87204
87205
87219
87229
87231
87262
87272
87275
87279
87288
87292
87307
87319
87325
87325
87357
87360
87367
87392
87397
87402
87402
87429
87486
87508
87513
87513
87523
87564
87575
87585
87586
87591
87593
87593
87606
87610
87615
87617
87640
87663
87692
87710
87717
87717
87744
87748
87750
87820
87858
87880
87905
87907
87928
87929
87950
87970
87991
88014
88024
88035
88059
88066
88073
88078
88094
88098
88147
88154
88160
88161
88170
88209
88211
88215
88228
88231
88238
88249
88251
88268
88274
88275
88277
88277
88293
88304
88319
88338
88356
88358
88360
88372
88376
88412
88430
88433
88449
88455
88494
88495
88503
88526
88530
88537
88547
88560
88564
88570
88574
88574
88577
88579
88593
88594
88597
88609
88625
88664
88681
88681
88709
88727
88733
88789
88797
88804
88809
88825
88852
88854
88854
88867
88872
88884
88909
88914
88928
88928
89005
89015
89031
89073
89076
89081
89093
89110
89118
89123
89138
89143
89144
89165
89166
89176
89193
89226
89226
89242
89248
89273
89289
89291
89315
89345
89352
89354
89358
89358
89360
89363
89366
89378
89382
89385
89390
89398
89401
89408
89412
89421
89425
89468
89469
89473
89492
89513
89550
89552
89552
89554
89562
89566
89586
89601
89624
89626
89634
89643
89644
89644
89662
89669
89692
89694
89704
89728
89734
89734
89739
89740
89773
89815
89844
89860
89871
89880
89899
89903
89913
89938
89939
89947
89963
89974
89998
90005
90018
90043
90071
90073
90073
90093
90098
90108
90109
90117
90117
90133
90135
90136
90139
90142
90145
90148
90149
90154
90158
90163
90185
90208
90223
90228
90231
90233
90236
90246
90250
90262
90266
90278
90279
90281
90283
90285
90289
90311
90336
90344
90346
90350
90351
90353
90359
90363
90366
90368
90374
90376
90381
90388
90393
90410
90430
90431
90432
90444
90457
90457
90471
90474
90479
90487
90501
90513
90516
90519
90522
90529
90540
90546
90549
90549
90561
90562
90562
90568
90570
90590
90593
90594
90607
90607
90607
90648
90662
90669
90676
90697
90701
90703
90731
90745
90762
90776
90793
90795
90821
90834
90847
90849
90870
90890
90891
90895
90899
90904
90916
90922
90925
90935
90937
90944
90948
90952
90975
90976
90976
90991
90993
91011
91021
91026
91036
91039
91041
91042
91067
91078
91079
91081
91082
91085
91087
91093
91093
91110
91113
91120
91130
91153
91155
91161
91162
91164
91169
91170
91184
91192
91199
91199
91201
91207
91213
91225
91226
91233
91237
91237
91241
91251
91270
91277
91298
91299
91300
91319
91326
91335
91342
91344
91360
91365
91402
91419
91445
91450
91451
91454
91463
91464
91469
91497
91503
91518
91532
91533
91536
91546
91547
91548
91550
91551
91553
91557
91557
91561
91566
91592
91592
91600
91600
91612
91617
91621
91628
91644
91651
91652
91656
91662
91670
91676
91676
91678
91688
91690
91694
91695
91701
91705
91709
91714
91714
91725
91731
91733
91738
91747
91769
91777
91815
91819
91835
91836
91842
91851
91865
91883
91894
91922
91928
91948
91972
92045
92061
92065
92088
92098
92100
92128
92131
92156
92173
92173
92181
92185
92187
92217
92217
92219
92226
92242
92301
92336
92342
92343
92345
92347
92363
92372
92385
92390
92391
92446
92454
92457
92470
92477
92477
92481
92485
92500
92501
92506
92514
92519
92529
92544
92551
92568
92570
92576
92586
92590
92606
92617
92619
92620
92623
92628
92631
92666
92671
92686
92704
92710
92715
92723
92728
92734
92756
92769
92776
92785
92798
92813
92826
92835
92841
92844
92852
92861
92869
92870
92876
92878
92894
92900
92909
92909
92932
92950
92978
92996
92999
93005
93005
93013
93024
93032
93035
93043
93053
93055
93070
93077
93077
93081
93086
93124
93180
93210
93215
93221
93245
93249
93260
93262
93262
93275
93285
93287
93291
93293
93298
93306
93325
93336
93342
93357
93365
93365
93365
93368
93371
93373
93391
93392
93400
93401
93403
93412
93412
93419
93427
93430
93436
93443
93457
93462
93465
93474
93480
93512
93513
93522
93527
93531
93544
93556
93571
93572
93590
93592
93608
93609
93629
93647
93649
93657
93665
93670
93672
93682
93685
93696
93706
93708
93734
93737
93741
93748
93753
93756
93766
93768
93772
93791
93798
93808
93829
93840
93843
93851
93870
93881
93883
93895
93906
93907
93924
93926
93930
93958
93958
93961
93981
93984
94002
94003
94005
94005
94012
94017
94018
94020
94022
94034
94036
94046
94049
94058
94068
94088
94091
94092
94105
94114
94125
94145
94147
94149
94153
94154
94157
94162
94171
94176
94266
94268
94275
94290
94304
94306
94328
94330
94353
94354
94372
94374
94445
94447
94480
94540
94585
94594
94611
94625
94650
94704
94741
94755
94756
94777
94781
94788
94791
94826
94833
94846
94858
94861
94866
94878
94879
94885
94891
94897
94899
94911
94912
94916
94920
94930
94936
94938
94950
94972
95001
95002
95008
95010
95016
95085
95086
95087
95091
95146
95156
95173
95181
95187
95208
95232
95259
95273
95284
95284
95285
95303
95325
95340
95341
95362
95372
95377
95384
95425
95435
95445
95457
95483
95510
95531
95563
95568
95598
95605
95624
95631
95642
95646
95669
95690
95710
95711
95712
95713
95717
95734
95752
95791
95793
95800
95804
95813
95819
95831
95831
95835
95840
95851
95853
95854
95869
95894
95908
95909
95926
95942
95948
95949
95964
95974
96000
96004
96028
96037
96075
96086
96094
96153
96169
96173
96176
96199
96204
96212
96224
96227
96255
96258
96267
96270
96277
96283
96295
96309
96316
96332
96334
96338
96344
96344
96382
96383
96424
96425
96478
96487
96491
96506
96513
96514
96515
96516
96539
96550
96578
96580
96584
96593
96609
96627
96635
96638
96644
96652
96660
96684
96703
96709
96715
96732
96745
96753
96771
96776
96783
96784
96795
96795
96811
96815
96819
96820
96822
96842
96843
96844
96853
96873
96902
96909
96912
96935
96937
96939
96942
96951
96954
96958
96959
96970
97011
97016
97021
97033
97036
97037
97044
97048
97050
97078
97083
97084
97093
97132
97137
97142
97154
97154
97173
97180
97181
97191
97204
97211
97217
97221
97241
97245
97245
97261
97262
97273
97277
97301
97305
97312
97313
97353
97368
97370
97377
97380
97389
97411
97422
97431
97435
97444
97444
97461
97467
97468
97470
97482
97488
97492
97494
97494
97494
97496
97516
97519
97539
97542
97549
97549
97558
97567
97567
97571
97573
97581
97584
97588
97589
97617
97623
97631
97636
97637
97641
97649
97674
97676
97683
97684
97686
97697
97698
97714
97714
97720
97723
97723
97727
97743
97743
97760
97768
97774
97785
97791
97801
97802
97815
97816
97834
97843
97853
97856
97872
97906
97910
97930
97940
97975
97987
97993
97994
97998
98006
98013
98015
98017
98020
98022
98031
98038
98046
98075
98077
98082
98088
98089
98094
98110
98120
98147
