32
42
46
53
66
69
89
99
123
140
149
149
151
163
165
176
190
203
208
226
230
233
266
269
272
278
292
305
326
328
330
343
385
388
396
404
414
425
458
466
470
473
485
486
491
505
505
507
512
520
535
538
542
554
558
571
581
590
592
593
595
638
643
658
663
669
682
709
711
729
733
739
762
773
775
778
787
788
791
797
798
799
804
804
820
822
823
843
843
846
859
867
876
879
882
894
895
909
915
917
920
945
946
956
960
964
966
988
997
1038
1043
1048
1056
1059
1069
1077
1116
1130
1143
1145
1146
1149
1164
1179
1186
1219
1223
1237
1246
1261
1262
1272
1296
1300
1319
1348
1351
1360
1378
1413
1420
1421
1513
1514
1522
1533
1616
1643
1645
1671
1695
1706
1711
1717
1735
1741
1756
1760
1762
1774
1780
1790
1802
1807
1809
1822
1840
1857
1862
1875
1881
1892
1943
1966
1979
1984
1997
2022
2038
2043
2045
2047
2059
2059
2066
2069
2080
2092
2117
2130
2132
2138
2145
2155
2157
2162
2167
2186
2194
2209
2235
2236
2269
2278
2296
2297
2303
2304
2361
2380
2391
2392
2397
2402
2405
2406
2409
2418
2430
2434
2435
2456
2458
2471
2473
2478
2488
2489
2502
2502
2548
2554
2565
2567
2572
2582
2584
2597
2602
2632
2634
2656
2678
2685
2693
2696
2700
2711
2711
2713
2729
2729
2735
2756
2769
2773
2773
2782
2793
2794
2821
2829
2830
2832
2839
2841
2842
2875
2892
2901
2914
2926
2938
2941
2965
2967
2968
2969
2979
2982
2992
3017
3028
3031
3034
3035
3040
3042
3042
3059
3059
3062
3067
3081
3084
3085
3127
3141
3144
3154
3157
3163
3172
3183
3200
3209
3210
3213
3218
3219
3226
3234
3242
3247
3254
3254
3258
3261
3287
3337
3340
3343
3350
3350
3355
3356
3362
3363
3365
3367
3377
3382
3390
3397
3397
3401
3403
3427
3432
3439
3454
3458
3483
3509
3513
3533
3544
3557
3576
3587
3598
3601
3615
3630
3650
3662
3675
3682
3685
3689
3697
3702
3704
3721
3729
3750
3757
3766
3769
3772
3779
3787
3795
3827
3832
3838
3840
3858
3867
3871
3882
3895
3908
3933
3940
3954
3959
3993
3998
4004
4012
4031
4034
4039
4044
4060
4075
4093
4098
4104
4113
4114
4119
4126
4127
4127
4129
4139
4146
4161
4177
4179
4200
4207
4210
4211
4213
4217
4224
4232
4240
4242
4253
4256
4259
4265
4267
4268
4279
4295
4301
4306
4312
4314
4325
4335
4338
4339
4341
4345
4351
4353
4353
4360
4368
4378
4382
4389
4392
4394
4395
4405
4407
4414
4414
4420
4430
4436
4447
4463
4466
4466
4479
4481
4494
4504
4504
4520
4523
4526
4531
4534
4536
4540
4545
4554
4557
4562
4568
4573
4586
4591
4593
4604
4617
4618
4639
4654
4658
4662
4680
4687
4690
4705
4706
4711
4713
4724
4725
4729
4729
4733
4746
4749
4754
4757
4762
4767
4773
4778
4784
4789
4789
4795
4806
4807
4815
4815
4817
4823
4823
4827
4827
4836
4842
4850
4853
4865
4885
4888
4890
4893
4897
4906
4913
4921
4923
4925
4934
4936
4946
4947
4953
4968
4978
4983
4993
4996
4999
5002
5002
5003
5013
5022
5024
5026
5038
5061
5070
5079
5082
5083
5085
5098
5101
5106
5107
5112
5131
5137
5142
5145
5155
5176
5185
5198
5202
5210
5216
5225
5233
5260
5263
5271
5277
5284
5288
5297
5300
5302
5305
5310
5311
5319
5319
5320
5326
5327
5337
5347
5348
5353
5362
5382
5397
5409
5442
5459
5471
5473
5498
5503
5515
5516
5520
5528
5536
5569
5574
5581
5583
5604
5608
5612
5618
5623
5625
5627
5628
5630
5639
5642
5647
5647
5653
5656
5659
5673
5674
5676
5692
5705
5716
5721
5724
5725
5726
5739
5749
5758
5768
5770
5772
5782
5788
5811
5826
5828
5834
5842
5845
5848
5868
5868
5871
5889
5898
5899
5906
5908
5921
5925
5931
5931
5932
5937
5937
5948
5958
5963
5963
5967
5969
5977
5986
5992
6005
6006
6009
6010
6014
6023
6030
6035
6035
6042
6054
6065
6071
6071
6073
6098
6116
6122
6135
6152
6157
6161
6166
6183
6197
6202
6202
6203
6216
6241
6249
6252
6266
6271
6297
6304
6309
6334
6350
6371
6384
6385
6387
6388
6388
6390
6417
6424
6424
6432
6438
6455
6461
6466
6466
6467
6477
6479
6487
6490
6511
6530
6532
6538
6563
6569
6575
6576
6578
6579
6603
6607
6625
6627
6629
6632
6634
6653
6661
6668
6669
6678
6700
6705
6706
6709
6710
6714
6720
6729
6740
6741
6749
6756
6759
6759
6762
6786
6789
6790
6790
6798
6818
6830
6837
6854
6857
6860
6872
6873
6882
6882
6886
6908
6910
6912
6917
6921
6922
6926
6942
6947
6978
6987
6997
7000
7020
7025
7040
7045
7056
7070
7078
7078
7084
7089
7097
7103
7105
7108
7111
7123
7140
7158
7160
7168
7182
7191
7223
7228
7238
7245
7246
7253
7271
7272
7274
7285
7295
7306
7319
7334
7342
7348
7372
7390
7398
7403
7410
7416
7417
7424
7446
7452
7459
7462
7463
7474
7482
7485
7488
7493
7494
7495
7499
7506
7510
7515
7528
7529
7535
7544
7560
7560
7564
7572
7575
7578
7579
7589
7593
7612
7627
7632
7633
7649
7665
7674
7679
7680
7684
7685
7706
7708
7714
7716
7719
7719
7735
7742
7751
7751
7758
7760
7762
7807
7813
7815
7817
7828
7830
7838
7848
7852
7857
7860
7867
7880
7882
7904
7913
7913
7922
7931
7933
7933
7940
7941
7941
7944
7945
7948
7949
7958
7960
7961
7977
7987
7992
7996
8005
8006
8020
8029
8036
8058
8061
8068
8069
8077
8077
8085
8088
8088
8103
8110
8110
8111
8116
8136
8138
8143
8149
8150
8158
8159
8161
8166
8170
8174
8181
8198
8199
8208
8211
8215
8222
8223
8241
8246
8252
8273
8286
8289
8292
8292
8305
8320
8323
8336
8352
8363
8368
8372
8372
8373
8397
8409
8409
8420
8440
8462
8468
8468
8478
8498
8524
8525
8531
8531
8532
8542
8546
8557
8565
8570
8583
8590
8596
8605
8606
8618
8620
8621
8623
8643
8646
8648
8652
8658
8662
8671
8676
8704
8743
8748
8750
8755
8766
8768
8773
8789
8795
8796
8812
8816
8817
8820
8823
8828
8837
8837
8838
8845
8847
8848
8849
8851
8851
8862
8865
8871
8881
8884
8907
8922
8932
8933
8933
8939
8959
8961
8961
8964
8974
8977
8980
8980
8989
8992
8992
9000
9022
9025
9025
9028
9034
9038
9049
9069
9081
9099
9100
9113
9131
9151
9158
9158
9220
9228
9234
9235
9236
9255
9262
9282
9294
9298
9310
9333
9336
9340
9344
9356
9363
9364
9366
9368
9369
9377
9380
9381
9385
9390
9393
9396
9413
9429
9437
9438
9439
9445
9457
9458
9472
9506
9522
9523
9528
9533
9561
9562
9565
9569
9587
9618
9621
9625
9629
9633
9634
9638
9638
9655
9660
9667
9667
9692
9697
9707
9711
9719
9739
9739
9740
9742
9743
9749
9753
9754
9770
9771
9772
9777
9780
9782
9796
9799
9806
9810
9821
9835
9856
9860
9860
9860
9877
9878
9880
9881
9901
9904
9906
9915
9928
9944
9949
9953
9957
9965
9972
9977
9978
9981
9984
9988
9990
10002
10025
10031
10033
10070
10081
10095
10098
10099
10103
10123
10124
10135
10141
10145
10146
10152
10154
10156
10176
10194
10198
10199
10218
10224
10233
10236
10247
10247
10249
10262
10265
10265
10266
10269
10281
10286
10298
10301
10302
10321
10321
10324
10338
10339
10349
10349
10350
10356
10366
10370
10383
10386
10387
10395
10398
10399
10400
10408
10414
10422
10424
10424
10424
10435
10438
10443
10514
10523
10526
10527
10546
10568
10573
10579
10583
10595
10613
10616
10617
10619
10621
10639
10642
10644
10650
10651
10664
10684
10685
10708
10717
10720
10723
10726
10739
10771
10772
10779
10787
10840
10850
10854
10861
10871
10871
10874
10879
10884
10887
10905
10911
10929
10954
10957
10973
10982
10992
10997
10998
11004
11031
11032
11064
11065
11079
11089
11101
11102
11107
11108
11112
11112
11128
11129
11130
11134
11151
11153
11154
11155
11156
11166
11170
11187
11188
11189
11202
11203
11207
11221
11227
11227
11236
11237
11244
11247
11249
11257
11261
11273
11291
11301
11302
11314
11316
11319
11320
11334
11341
11351
11376
11380
11387
11399
11406
11418
11418
11419
11423
11424
11427
11433
11448
11448
11449
11457
11459
11462
11464
11470
11473
11500
11511
11514
11516
11517
11517
11531
11537
11537
11538
11542
11545
11568
11579
11592
11601
11603
11615
11645
11646
11669
11674
11678
11689
11693
11707
11710
11717
11718
11718
11720
11726
11727
11731
11736
11742
11743
11791
11802
11806
11807
11808
11810
11817
11829
11831
11831
11833
11842
11843
11845
11854
11874
11901
11902
11905
11911
11917
11920
11949
11963
11964
11967
11967
11972
11977
11980
11980
11985
11985
11986
11989
11992
11999
12004
12009
12012
12018
12022
12028
12031
12042
12053
12083
12085
12094
12097
12130
12139
12141
12142
12161
12168
12170
12200
12202
12203
12211
12213
12213
12233
12255
12308
12312
12318
12322
12335
12343
12360
12365
12394
12394
12395
12417
12417
12422
12423
12423
12426
12427
12435
12443
12447
12447
12453
12457
12471
12482
12483
12484
12490
12496
12497
12502
12503
12505
12509
12534
12536
12537
12540
12559
12566
12577
12578
12581
12588
12593
12602
12602
12603
12605
12607
12616
12629
12647
12653
12654
12677
12691
12693
12697
12699
12706
12720
12725
12725
12735
12740
12755
12757
12760
12761
12765
12770
12771
12774
12774
12777
12778
12802
12802
12806
12807
12811
12814
12821
12862
12868
12872
12881
12887
12892
12897
12901
12907
12908
12932
12937
12940
12944
12968
12974
12980
12994
12997
12998
13011
13012
13014
13023
13039
13039
13050
13050
13069
13071
13074
13087
13088
13089
13092
13099
13107
13123
13138
13139
13144
13149
13165
13171
13171
13188
13197
13198
13204
13221
13232
13247
13269
13271
13277
13278
13299
13304
13304
13318
13330
13333
13337
13344
13359
13367
13368
13375
13380
13385
13385
13397
13397
13409
13417
13427
13434
13439
13440
13458
13481
13494
13496
13496
13503
13504
13517
13524
13541
13545
13546
13548
13569
13587
13591
13599
13617
13618
13619
13622
13622
13648
13650
13654
13656
13660
13669
13681
13686
13691
13696
13696
13708
13718
13719
13719
13728
13732
13747
13758
13762
13805
13805
13807
13808
13811
13814
13816
13818
13822
13826
13847
13850
13851
13856
13867
13867
13875
13884
13893
13897
13907
13917
13931
13937
13946
13952
13958
13963
13965
13982
13985
13987
13987
14000
14002
14009
14015
14020
14030
14035
14045
14051
14059
14077
14077
14084
14088
14095
14097
14107
14112
14112
14130
14130
14158
14208
14217
14222
14235
14244
14246
14247
14255
14256
14262
14265
14267
14271
14274
14276
14297
14299
14300
14301
14313
14315
14319
14319
14345
14385
14391
14394
14395
14397
14400
14412
14419
14425
14439
14455
14455
14459
14464
14465
14466
14472
14473
14477
14481
14485
14490
14492
14494
14505
14512
14519
14521
14521
14551
14556
14565
14579
14583
14593
14597
14620
14626
14632
14647
14649
14653
14660
14668
14675
14686
14690
14693
14698
14703
14706
14706
14707
14708
14708
14709
14714
14718
14720
14720
14727
14736
14737
14739
14749
14750
14755
14757
14760
14761
14767
14769
14775
14783
14783
14805
14806
14810
14813
14815
14841
14847
14851
14856
14861
14863
14874
14882
14884
14887
14906
14907
14907
14911
14917
14918
14937
14946
14949
14950
14955
14959
14961
14971
14974
14984
15004
15004
15007
15013
15021
15033
15036
15037
15053
15059
15060
15065
15107
15114
15122
15128
15135
15139
15142
15145
15151
15165
15168
15168
15170
15177
15187
15197
15199
15202
15208
15211
15217
15226
15232
15239
15240
15242
15251
15252
15259
15259
15278
15290
15296
15306
15328
15336
15341
15361
15364
15366
15373
15376
15381
15383
15384
15385
15397
15407
15408
15442
15443
15448
15455
15460
15464
15476
15478
15486
15488
15500
15502
15513
15517
15524
15535
15548
15548
15550
15556
15559
15561
15567
15570
15570
15575
15583
15583
15585
15602
15606
15610
15617
15624
15631
15650
15671
15676
15683
15684
15695
15702
15710
15712
15713
15716
15736
15752
15786
15796
15812
15823
15827
15827
15841
15843
15846
15858
15873
15880
15882
15883
15894
15901
15901
15905
15907
15915
15923
15953
15972
15973
16002
16019
16030
16034
16039
16039
16053
16058
16066
16072
16080
16083
16088
16099
16109
16114
16118
16119
16138
16146
16149
16160
16166
16168
16170
16189
16193
16194
16207
16224
16241
16250
16259
16260
16272
16274
16278
16301
16317
16320
16322
16330
16372
16376
16378
16382
16389
16397
16404
16414
16438
16438
16446
16447
16481
16484
16485
16488
16493
16498
16506
16525
16529
16529
16569
16575
16576
16576
16587
16593
16605
16605
16613
16614
16620
16623
16625
16639
16642
16644
16647
16650
16656
16661
16664
16666
16670
16672
16680
16683
16692
16700
16707
16708
16722
16729
16730
16738
16740
16742
16752
16755
16764
16778
16786
16792
16814
16827
16834
16842
16844
16850
16852
16853
16854
16866
16867
16869
16870
16873
16887
16888
16897
16899
16902
16907
16914
16917
16921
16935
16937
16940
16942
16944
16951
16952
16954
16955
16956
16970
16975
16988
17004
17007
17008
17020
17021
17048
17060
17091
17093
17094
17098
17108
17108
17114
17126
17127
17137
17146
17152
17166
17177
17178
17180
17194
17195
17202
17210
17230
17232
17270
17276
17286
17288
17319
17323
17324
17324
17327
17328
17344
17356
17356
17359
17374
17375
17379
17394
17402
17407
17418
17427
17435
17440
17444
17448
17457
17476
17490
17496
17511
17524
17537
17543
17554
17572
17577
17584
17584
17589
17593
17594
17595
17612
17614
17616
17624
17624
17625
17626
17634
17638
17663
17666
17699
17711
17714
17720
17728
17730
17737
17740
17741
17746
17750
17754
17765
17773
17779
17788
17803
17805
17813
17816
17822
17828
17846
17867
17875
17876
17899
17920
17927
17948
17953
17959
17965
17966
17966
17971
17974
17994
17996
18027
18028
18030
18038
18050
18053
18054
18056
18069
18072
18107
18110
18132
18152
18164
18178
18179
18195
18198
18198
18203
18219
18222
18242
18259
18278
18281
18292
18299
18305
18316
18321
18324
18355
18360
18364
18369
18370
18373
18385
18389
18392
18404
18404
18413
18416
18425
18429
18442
18474
18481
18484
18491
18500
18506
18507
18525
18527
18536
18548
18559
18568
18584
18600
18625
18630
18634
18648
18693
18698
18699
18719
18732
18740
18751
18754
18757
18760
18765
18767
18793
18796
18802
18818
18819
18820
18824
18834
18838
18841
18844
18852
18859
18861
18865
18867
18879
18881
18886
18888
18899
18900
18900
18905
18909
18909
18913
18916
18917
18917
18919
18922
18930
18950
18957
18975
18975
18985
18994
18995
19000
19032
19035
19039
19043
19053
19054
19055
19059
19065
19074
19086
19089
19092
19092
19098
19100
19101
19106
19108
19109
19126
19135
19167
19175
19176
19187
19201
19212
19225
19226
19239
19247
19249
19249
19252
19253
19260
19261
19269
19280
19291
19298
19305
19323
19324
19329
19336
19344
19345
19348
19365
19377
19378
19382
19383
19385
19389
19398
19407
19421
19433
19468
19475
19477
19484
19488
19488
19496
19510
19513
19522
19529
19530
19537
19542
19552
19559
19566
19576
19577
19579
19586
19594
19605
19606
19610
19615
19619
19638
19640
19659
19660
19664
19684
19685
19688
19688
19694
19698
19698
19701
19703
19706
19706
19709
19717
19721
19729
19737
19750
19752
19779
19782
19792
19799
19821
19835
19835
19838
19840
19844
19847
19849
19858
19870
19870
19872
19880
19903
19907
19907
19911
19915
19926
19945
19959
19985
19992
19997
20007
20012
20018
20043
20053
20060
20070
20084
20085
20092
20128
20134
20141
20149
20201
20206
20213
20214
20216
20228
20229
20240
20246
20261
20265
20269
20276
20278
20282
20288
20292
20299
20309
20316
20335
20341
20349
20351
20391
20405
20415
20415
20420
20428
20437
20458
20462
20472
20474
20487
20492
20494
20528
20537
20549
20549
20556
20567
20592
20592
20594
20633
20649
20652
20659
20664
20664
20669
20678
20684
20687
20692
20698
20716
20717
20729
20733
20737
20737
20747
20757
20764
20764
20794
20811
20817
20826
20837
20843
20852
20857
20857
20871
20882
20886
20889
20890
20893
20909
20914
20915
20916
20925
20936
20951
20970
20977
20979
20985
20987
20992
20996
20999
21001
21004
21023
21024
21028
21059
21061
21062
21079
21088
21108
21109
21122
21123
21133
21149
21149
21150
21150
21159
21167
21176
21187
21195
21195
21204
21211
21220
21228
21238
21255
21258
21259
21260
21260
21271
21279
21299
21304
21315
21333
21341
21341
21345
21349
21376
21391
21392
21393
21396
21398
21412
21422
21458
21482
21496
21500
21519
21520
21523
21524
21557
21571
21582
21586
21590
21609
21621
21623
21625
21629
21669
21681
21698
21703
21709
21714
21714
21740
21750
21751
21755
21756
21758
21760
21772
21781
21793
21804
21805
21827
21834
21843
21849
21854
21855
21865
21868
21879
21879
21891
21894
21903
21907
21935
21949
21953
21970
21975
21979
21979
21988
21998
22006
22018
22028
22035
22038
22039
22050
22059
22064
22065
22065
22070
22092
22092
22095
22096
22101
22102
22110
22112
22114
22125
22138
22152
22160
22160
22165
22180
22188
22191
22200
22214
22219
22220
22221
22222
22224
22235
22251
22254
22265
22278
22292
22299
22306
22315
22326
22333
22336
22347
22355
22355
22357
22358
22369
22371
22372
22374
22377
22377
22382
22383
22391
22400
22423
22427
22434
22436
22438
22446
22455
22457
22458
22461
22479
22497
22521
22522
22522
22522
22527
22536
22558
22571
22588
22604
22618
22623
22629
22643
22646
22646
22646
22653
22667
22669
22672
22682
22682
22693
22702
22706
22708
22725
22726
22739
22745
22748
22762
22769
22778
22785
22787
22802
22817
22824
22826
22831
22842
22851
22857
22869
22870
22878
22892
22898
22912
22918
22921
22923
22929
22938
22943
22957
22964
22965
22972
22975
22977
23004
23005
23006
23015
23020
23025
23027
23037
23042
23051
23053
23057
23064
23067
23068
23070
23077
23078
23086
23089
23091
23099
23122
23122
23130
23139
23142
23151
23154
23162
23170
23184
23194
23200
23210
23226
23231
23233
23238
23257
23263
23265
23269
23277
23282
23289
23297
23312
23315
23317
23325
23338
23338
23341
23343
23343
23344
23355
23357
23360
23363
23375
23376
23397
23404
23411
23412
23413
23420
23436
23461
23466
23474
23474
23477
23518
23531
23538
23543
23553
23560
23561
23565
23572
23573
23583
23598
23600
23613
23624
23626
23628
23634
23635
23645
23646
23649
23657
23671
23683
23685
23699
23700
23717
23726
23734
23744
23755
23757
23761
23764
23767
23776
23784
23792
23797
23803
23814
23834
23850
23876
23884
23890
23895
23900
23915
23924
23971
23977
23977
23978
23990
23999
24002
24005
24013
24016
24017
24019
24020
24046
24051
24065
24069
24072
24079
24084
24089
24096
24107
24110
24113
24114
24123
24123
24136
24137
24145
24154
24164
24170
24172
24190
24202
24218
24223
24241
24250
24282
24282
24287
24289
24291
24310
24323
24332
24333
24337
24385
24390
24397
24398
24400
24401
24403
24418
24429
24435
24439
24439
24440
24441
24444
24471
24486
24488
24493
24494
24507
24513
24525
24549
24554
24556
24557
24561
24571
24574
24596
24598
24599
24601
24604
24643
24670
24674
24685
24685
24685
24686
24691
24691
24695
24723
24729
24730
24746
24755
24761
24784
24788
24790
24794
24799
24801
24806
24806
24810
24811
24811
24815
24820
24839
24839
24850
24870
24871
24897
24911
24913
24915
24915
24927
24931
24959
24965
24968
24971
24980
25011
25016
25024
25033
25037
25039
25055
25056
25098
25105
25113
25116
25119
25122
25122
25122
25131
25131
25131
25132
25140
25140
25144
25149
25155
25156
25164
25168
25173
25175
25180
25181
25185
25189
25219
25225
25233
25260
25261
25267
25275
25277
25288
25293
25296
25297
25298
25298
25299
25304
25320
25349
25355
25364
25375
25379
25391
25396
25405
25407
25414
25423
25443
25454
25467
25474
25485
25491
25499
25502
25510
25512
25519
25524
25545
25552
25556
25557
25560
25561
25577
25577
25579
25582
25594
25597
25612
25641
25641
25676
25689
25704
25713
25719
25736
25750
25751
25778
25784
25792
25797
25800
25805
25818
25820
25822
25826
25828
25836
25836
25838
25861
25864
25867
25870
25873
25874
25879
25882
25886
25886
25921
25944
25950
25951
25952
25952
25963
25966
25966
25977
25980
25985
25994
26009
26019
26052
26054
26058
26058
26078
26084
26086
26087
26088
26099
26099
26099
26099
26101
26107
26109
26116
26116
26124
26139
26141
26143
26155
26158
26173
26174
26177
26189
26194
26195
26199
26200
26201
26206
26212
26223
26223
26233
26233
26239
26250
26261
26273
26273
26291
26306
26306
26309
26312
26316
26326
26336
26348
26353
26354
26356
26370
26377
26385
26388
26398
26405
26405
26412
26427
26427
26434
26450
26451
26458
26482
26483
26489
26495
26495
26496
26507
26520
26522
26548
26548
26553
26557
26572
26588
26590
26600
26607
26628
26630
26631
26635
26654
26657
26665
26665
26684
26687
26687
26689
26702
26706
26715
26715
26719
26727
26728
26735
26741
26761
26772
26776
26800
26808
26825
26832
26847
26851
26854
26855
26863
26863
26868
26888
26900
26908
26916
26920
26921
26946
26959
26967
26972
26980
26981
26991
26998
26999
27002
27033
27033
27039
27047
27056
27084
27085
27091
27094
27100
27101
27115
27117
27121
27127
27138
27140
27149
27152
27154
27160
27161
27161
27170
27173
27182
27186
27190
27200
27213
27218
27221
27229
27231
27252
27252
27252
27268
27281
27288
27300
27301
27302
27309
27321
27331
27332
27336
27337
27344
27357
27358
27390
27396
27399
27435
27439
27442
27446
27456
27464
27465
27476
27481
27485
27490
27500
27501
27503
27503
27503
27507
27514
27515
27532
27534
27543
27544
27550
27557
27563
27570
27575
27585
27599
27610
27610
27613
27618
27623
27640
27643
27646
27654
27660
27660
27684
27684
27691
27697
27700
27701
27713
27719
27722
27730
27745
27745
27747
27753
27754
27768
27769
27774
27784
27790
27791
27794
27803
27823
27831
27836
27845
27847
27856
27868
27884
27894
27902
27905
27908
27919
27924
27940
27945
27954
27956
27961
27969
27970
27982
27983
27984
27994
28000
28004
28023
28030
28031
28035
28046
28051
28062
28068
28092
28096
28100
28112
28119
28123
28138
28153
28181
28186
28197
28210
28213
28231
28247
28260
28272
28288
28297
28303
28307
28314
28321
28327
28328
28333
28353
28376
28380
28381
28386
28395
28396
28400
28410
28413
28413
28424
28424
28427
28431
28431
28436
28437
28444
28446
28448
28450
28455
28467
28467
28488
28494
28506
28519
28523
28526
28526
28526
28530
28541
28544
28544
28544
28544
28547
28553
28562
28567
28570
28576
28579
28581
28599
28600
28613
28625
28626
28628
28631
28639
28657
28664
28669
28674
28681
28696
28703
28703
28722
28723
28729
28732
28733
28734
28739
28743
28759
28759
28765
28767
28798
28809
28818
28828
28835
28843
28847
28848
28852
28862
28870
28873
28884
28891
28895
28902
28909
28946
28950
28954
28968
28969
28969
28974
28992
28993
28996
29014
29023
29035
29036
29056
29057
29057
29059
29078
29083
29084
29090
29092
29108
29111
29116
29130
29139
29151
29169
29186
29187
29221
29229
29235
29236
29262
29267
29268
29279
29279
29280
29287
29290
29291
29291
29311
29315
29326
29327
29339
29342
29349
29349
29359
29363
29365
29377
29414
29417
29418
29421
29438
29459
29464
29465
29470
29488
29488
29492
29493
29494
29516
29520
29532
29540
29576
29580
29581
29582
29628
29648
29656
29669
29674
29677
29678
29693
29696
29700
29706
29707
29730
29735
29740
29759
29762
29762
29763
29766
29767
29791
29801
29807
29816
29816
29816
29819
29826
29829
29831
29837
29843
29843
29856
29867
29877
29889
29912
29913
29918
29919
29919
29925
29950
29950
29952
29964
29965
29971
29975
29980
29996
29999
30005
30007
30018
30025
30041
30042
30071
30107
30109
30109
30112
30113
30116
30117
30129
30132
30137
30141
30141
30158
30194
30197
30203
30203
30209
30210
30212
30223
30230
30232
30234
30243
30243
30246
30256
30258
30260
30261
30262
30277
30289
30297
30297
30312
30328
30335
30338
30340
30357
30359
30363
30387
30400
30416
30416
30446
30469
30476
30481
30490
30491
30498
30512
30528
30531
30556
30566
30584
30603
30605
30623
30629
30631
30639
30650
30655
30656
30660
30661
30672
30687
30692
30696
30704
30733
30753
30758
30772
30780
30788
30794
30809
30815
30816
30829
30834
30834
30838
30841
30844
30880
30882
30884
30889
30896
30909
30928
30942
30968
30970
30973
30978
30997
30998
31008
31012
31040
31044
31055
31067
31070
31073
31103
31105
31121
31131
31139
31144
31145
31165
31182
31202
31206
31212
31231
31231
31251
31254
31264
31265
31282
31289
31295
31299
31316
31319
31321
31334
31338
31342
31350
31358
31365
31369
31375
31377
31378
31379
31399
31411
31425
31429
31435
31442
31449
31454
31457
31458
31465
31466
31482
31501
31513
31514
31520
31521
31525
31541
31551
31553
31553
31563
31573
31574
31591
31592
31594
31596
31598
31606
31619
31619
31626
31638
31639
31642
31643
31645
31657
31662
31667
31680
31690
31709
31712
31715
31722
31722
31728
31737
31739
31742
31757
31790
31800
31806
31806
31821
31837
31868
31874
31874
31905
31915
31920
31947
31953
31955
31967
31971
31993
32002
32005
32015
32021
32053
32057
32062
32067
32087
32092
32098
32103
32108
32113
32118
32121
32122
32142
32144
32147
32150
32160
32184
32189
32195
32199
32203
32220
32221
32237
32241
32244
32245
32255
32258
32265
32295
32309
32325
32343
32349
32356
32357
32372
32385
32390
32403
32407
32410
32420
32426
32436
32442
32459
32462
32467
32474
32481
32481
32487
32493
32510
32511
32524
32524
32528
32531
32549
32556
32556
32567
32597
32600
32605
32606
32613
32620
32625
32634
32636
32639
32652
32690
32696
32700
32704
32714
32719
32720
32725
32731
32742
32746
32750
32754
32756
32774
32775
32787
32815
32821
32826
32832
32837
32854
32856
32860
32862
32882
32888
32889
32906
32910
32916
32917
32919
32934
32935
32937
32943
32945
32951
32961
32962
32966
32979
32992
32999
33008
33021
33021
33045
33047
33048
33063
33065
33065
33077
33080
33080
33085
33100
33119
33122
33129
33132
33135
33137
33145
33147
33147
33149
33155
33156
33169
33189
33200
33203
33216
33225
33226
33228
33234
33246
33258
33281
33295
33309
33312
33319
33329
33335
33336
33338
33363
33371
33384
33391
33393
33395
33400
33405
33408
33411
33423
33439
33450
33470
33480
33496
33501
33502
33503
33504
33516
33522
33529
33530
33533
33534
33534
33543
33546
33589
33590
33616
33621
33638
33638
33644
33656
33658
33664
33674
33675
33681
33684
33692
33696
33698
33707
33723
33726
33738
33744
33746
33752
33764
33766
33775
33784
33791
33794
33795
33799
33806
33809
33827
33828
33841
33849
33860
33862
33864
33865
33867
33867
33887
33892
33928
33931
33937
33940
33946
33948
33952
33956
33960
33965
33968
33969
33979
33983
33988
33996
33997
34000
34000
34002
34009
34009
34011
34045
34047
34050
34057
34079
34098
34104
34109
34125
34129
34130
34143
34148
34165
34168
34178
34182
34198
34212
34217
34217
34252
34254
34258
34273
34281
34291
34297
34298
34317
34322
34327
34333
34333
34334
34338
34354
34356
34368
34372
34413
34415
34434
34435
34435
34439
34439
34445
34454
34461
34464
34470
34475
34485
34492
34504
34510
34511
34516
34521
34525
34540
34558
34568
34576
34578
34590
34602
34617
34625
34629
34631
34634
34663
34666
34668
34678
34686
34694
34700
34701
34701
34701
34707
34714
34719
34721
34732
34739
34743
34749
34770
34773
34781
34782
34787
34794
34794
34806
34819
34821
34827
34834
34836
34840
34847
34872
34877
34894
34897
34900
34909
34942
34942
34943
34944
34951
34963
34964
34967
34974
34977
34983
34983
34986
34987
34988
35002
35003
35009
35027
35032
35037
35054
35059
35073
35079
35084
35088
35090
35097
35099
35105
35128
35131
35133
35137
35137
35150
35154
35156
35165
35167
35178
35182
35185
35192
35207
35222
35225
35234
35241
35248
35261
35266
35300
35333
35335
35336
35342
35348
35361
35376
35387
35389
35392
35396
35396
35398
35398
35411
35414
35422
35431
35439
35440
35454
35459
35468
35472
35483
35498
35499
35504
35506
35508
35508
35509
35510
35520
35527
35546
35546
35561
35566
35594
35599
35618
35619
35621
35626
35632
35638
35644
35645
35645
35653
35655
35708
35714
35727
35731
35731
35732
35733
35737
35741
35746
35747
35748
35765
35772
35774
35777
35794
35796
35813
35815
35846
35853
35854
35862
35873
35886
35887
35898
35907
35915
35921
35922
35923
35923
35940
35963
35970
35981
35984
35998
36000
36005
36026
36031
36042
36043
36043
36043
36086
36098
36101
36103
36105
36113
36115
36116
36136
36160
36160
36164
36170
36172
36172
36176
36184
36184
36201
36204
36207
36212
36217
36231
36234
36242
36253
36257
36259
36262
36266
36267
36270
36270
36304
36317
36321
36323
36323
36327
36337
36346
36357
36388
36397
36401
36406
36407
36415
36417
36420
36434
36436
36488
36510
36518
36518
36519
36541
36549
36557
36599
36600
36609
36620
36633
36647
36650
36660
36664
36675
36679
36680
36686
36690
36691
36692
36701
36712
36713
36717
36733
36735
36750
36765
36787
36795
36809
36827
36835
36842
36850
36852
36868
36872
36875
36880
36881
36887
36888
36888
36901
36919
36928
36939
36949
36957
36964
36964
36978
36983
37002
37010
37013
37016
37028
37035
37049
37059
37078
37078
37086
37089
37100
37116
37137
37140
37147
37149
37149
37150
37154
37156
37160
37160
37161
37166
37168
37172
37179
37187
37198
37199
37203
37211
37214
37217
37231
37231
37232
37232
37232
37242
37247
37252
37258
37259
37269
37270
37271
37285
37290
37295
37295
37296
37311
37312
37315
37328
37337
37340
37343
37345
37352
37361
37365
37376
37380
37381
37383
37384
37398
37411
37415
37418
37425
37430
37435
37436
37436
37439
37463
37473
37473
37477
37503
37506
37513
37518
37529
37542
37548
37553
37568
37570
37578
37582
37583
37603
37605
37605
37607
37624
37628
37664
37668
37673
37673
37677
37678
37678
37680
37680
37705
37709
37709
37710
37711
37712
37725
37738
37740
37741
37745
37748
37751
37754
37758
37758
37765
37797
37801
37802
37804
37809
37822
37824
37838
37848
37849
37851
37852
37877
37877
37879
37894
37909
37928
37963
37968
37979
37982
37987
38006
38008
38014
38019
38035
38047
38064
38065
38065
38069
38070
38096
38131
38136
38139
38140
38142
38149
38157
38158
38163
38166
38170
38175
38181
38206
38217
38227
38233
38254
38264
38279
38280
38305
38305
38309
38322
38343
38359
38362
38387
38403
38404
38404
38408
38410
38416
38420
38426
38430
38440
38448
38452
38460
38464
38464
38467
38470
38480
38482
38485
38496
38509
38510
38549
38556
38560
38564
38574
38574
38576
38588
38618
38632
38636
38643
38653
38655
38655
38662
38680
38680
38684
38687
38697
38699
38703
38706
38707
38725
38726
38727
38733
38737
38764
38767
38784
38788
38809
38821
38829
38839
38851
38853
38865
38867
38873
38880
38885
38892
38903
38908
38911
38913
38919
38927
38932
38932
38941
38941
38948
38953
38969
38984
38987
39002
39007
39010
39047
39047
39048
39058
39070
39092
39120
39141
39148
39161
39165
39172
39179
39181
39189
39192
39193
39196
39206
39207
39228
39230
39235
39250
39256
39263
39266
39272
39300
39305
39309
39329
39335
39347
39350
39354
39358
39369
39375
39393
39404
39406
39417
39417
39445
39449
39454
39480
39485
39487
39489
39502
39503
39515
39521
39533
39535
39551
39556
39556
39567
39586
39593
39610
39612
39637
39649
39653
39653
39655
39658
39667
39677
39679
39684
39692
39698
39705
39724
39732
39732
39745
39766
39767
39774
39787
39796
39804
39806
39818
39819
39820
39836
39840
39844
39854
39877
39888
39890
39896
39899
39899
39901
39910
39920
39931
39935
39940
39946
39969
39988
39995
39996
39998
40003
40011
40029
40032
40039
40061
40061
40069
40108
40111
40121
40130
40132
40140
40141
40142
40143
40147
40147
40156
40156
40157
40173
40174
40175
40184
40193
40206
40212
40221
40226
40240
40250
40256
40264
40269
40277
40280
40284
40296
40331
40336
40343
40349
40350
40363
40369
40413
40420
40422
40427
40441
40442
40471
40489
40499
40506
40511
40515
40516
40521
40525
40531
40554
40565
40574
40583
40592
40594
40596
40601
40602
40602
40605
40607
40608
40614
40618
40621
40624
40630
40632
40645
40649
40652
40657
40658
40660
40666
40666
40671
40677
40680
40702
40707
40748
40756
40758
40773
40775
40785
40789
40801
40810
40810
40822
40827
40828
40831
40843
40854
40870
40878
40881
40888
40900
40904
40912
40913
40917
40919
40925
40931
40934
40936
40941
40958
40965
40971
40978
40999
41002
41004
41013
41020
41020
41025
41041
41055
41070
41070
41072
41079
41081
41082
41118
41130
41132
41158
41166
41192
41200
41210
41212
41220
41232
41233
41234
41244
41248
41251
41255
41276
41286
41287
41291
41293
41299
41306
41308
41314
41316
41318
41322
41334
41335
41371
41373
41373
41391
41439
41444
41462
41471
41488
41488
41527
41531
41531
41532
41538
41542
41547
41558
41563
41567
41567
41576
41594
41602
41606
41606
41611
41623
41630
41633
41639
41643
41645
41674
41680
41683
41688
41690
41692
41697
41707
41712
41727
41743
41745
41748
41749
41750
41756
41757
41759
41769
41770
41779
41781
41783
41785
41795
41796
41797
41800
41800
41812
41812
41813
41813
41831
41847
41851
41863
41863
41865
41877
41883
41885
41887
41894
41897
41901
41902
41904
41912
41935
41950
41967
41968
41971
41975
41979
41987
41992
41994
42020
42035
42037
42038
42040
42041
42056
42056
42062
42068
42073
42093
42096
42104
42111
42115
42121
42138
42149
42155
42199
42204
42218
42218
42221
42222
42224
42238
42252
42253
42255
42255
42257
42261
42268
42269
42281
42285
42293
42293
42298
42300
42309
42315
42320
42328
42331
42332
42337
42340
42354
42368
42386
42388
42392
42406
42419
42423
42446
42448
42475
42481
42501
42503
42507
42511
42519
42523
42535
42559
42571
42581
42581
42581
42588
42601
42605
42610
42615
42623
42644
42646
42664
42669
42671
42672
42673
42684
42686
42694
42698
42700
42712
42719
42729
42740
42744
42749
42760
42767
42776
42780
42795
42806
42828
42840
42840
42859
42863
42866
42869
42871
42879
42880
42882
42889
42896
42899
42900
42901
42904
42908
42921
42924
42926
42940
42961
42966
42969
42975
42984
42985
42986
42987
42999
43023
43026
43031
43039
43045
43047
43048
43048
43052
43068
43073
43091
43103
43105
43130
43146
43158
43163
43171
43180
43183
43188
43194
43195
43200
43220
43228
43232
43241
43246
43248
43262
43271
43281
43285
43296
43297
43302
43344
43360
43365
43372
43379
43381
43382
43384
43397
43400
43403
43414
43427
43429
43432
43465
43485
43486
43490
43490
43491
43492
43495
43496
43498
43500
43509
43522
43531
43541
43548
43549
43555
43558
43558
43586
43592
43598
43608
43610
43618
43622
43628
43634
43645
43649
43655
43660
43663
43666
43671
43671
43676
43683
43698
43701
43726
43727
43741
43754
43766
43766
43768
43768
43779
43781
43792
43812
43815
43818
43836
43838
43839
43840
43850
43853
43859
43859
43867
43888
43892
43898
43923
43929
43933
43935
43938
43954
43962
43967
43992
44004
44008
44015
44024
44029
44030
44033
44043
44044
44047
44059
44066
44079
44093
44097
44101
44108
44110
44117
44131
44132
44132
44135
44154
44154
44158
44177
44197
44198
44198
44199
44199
44199
44206
44208
44208
44210
44216
44236
44236
44239
44247
44248
44265
44283
44284
44288
44302
44311
44331
44332
44350
44353
44355
44380
44436
44450
44451
44458
44470
44473
44485
44486
44486
44490
44496
44501
44507
44509
44509
44516
44533
44534
44534
44538
44540
44551
44553
44555
44561
44562
44564
44574
44595
44615
44632
44634
44638
44659
44666
44671
44681
44683
44687
44690
44704
44707
44714
44716
44738
44744
44745
44748
44751
44757
44757
44760
44780
44787
44789
44797
44802
44802
44805
44834
44837
44841
44842
44845
44852
44863
44874
44880
44892
44893
44896
44896
44897
44898
44903
44908
44926
44931
44931
44932
44934
44942
44943
44944
44952
44958
44966
44970
44976
44989
44995
45003
45007
45007
45042
45051
45060
45066
45067
45069
45070
45074
45075
45079
45082
45086
45092
45101
45116
45117
45156
45157
45164
45164
45167
45172
45174
45178
45178
45200
45209
45210
45214
45219
45221
45251
45258
45258
45275
45278
45291
45297
45305
45309
45331
45333
45359
45369
45379
45395
45398
45405
45406
45406
45417
45431
45433
45443
45446
45457
45458
45460
45461
45473
45487
45489
45508
45518
45522
45523
45530
45542
45543
45545
45548
45550
45556
45564
45565
45566
45583
45590
45591
45606
45611
45620
45623
45623
45626
45636
45639
45640
45641
45645
45652
45659
45668
45701
45701
45713
45715
45725
45726
45729
45745
45755
45758
45761
45765
45776
45780
45796
45800
45805
45836
45836
45858
45862
45871
45872
45875
45902
45902
45904
45918
45926
45929
45929
45932
45949
45953
45954
45956
45964
45976
45979
45981
45993
45993
45994
46000
46005
46012
46015
46047
46048
46056
46060
46060
46066
46070
46087
46089
46089
46089
46102
46131
46134
46146
46164
46189
46194
46195
46204
46206
46207
46216
46220
46253
46256
46263
46264
46265
46268
46286
46330
46341
46342
46347
46353
46366
46366
46378
46407
46437
46446
46450
46465
46469
46478
46484
46487
46491
46498
46512
46532
46534
46537
46542
46545
46555
46575
46592
46596
46600
46602
46606
46610
46617
46621
46621
46625
46628
46647
46647
46653
46659
46681
46684
46687
46708
46714
46735
46750
46761
46764
46776
46787
46791
46796
46799
46813
46823
46828
46843
46849
46850
46855
46856
46865
46870
46896
46901
46905
46908
46909
46912
46917
46923
46928
46963
46972
46996
47002
47002
47014
47020
47022
47035
47039
47048
47072
47073
47094
47097
47097
47097
47120
47121
47122
47127
47148
47158
47167
47179
47185
47198
47201
47204
47214
47255
47257
47257
47262
47262
47270
47295
47300
47305
47318
47320
47322
47336
47350
47357
47366
47373
47389
47394
47402
47418
47420
47420
47423
47438
47441
47457
47462
47465
47466
47468
47470
47478
47481
47485
47486
47490
47494
47495
47502
47516
47531
47534
47541
47549
47565
47566
47574
47575
47591
47611
47614
47631
47640
47641
47643
47654
47663
47666
47670
47670
47682
47682
47694
47707
47709
47719
47745
47764
47769
47773
47774
47793
47796
47799
47800
47809
47831
47831
47836
47838
47847
47847
47850
47852
47862
47882
47896
47901
47909
47911
47917
47922
47927
47930
47936
47974
47987
47999
48000
48004
48005
48008
48015
48018
48020
48021
48044
48055
48056
48059
48062
48069
48070
48077
48090
48091
48100
48109
48113
48117
48120
48122
48127
48140
48147
48168
48181
48184
48186
48189
48190
48191
48203
48215
48215
48215
48216
48231
48231
48231
48234
48239
48246
48274
48277
48284
48294
48308
48311
48320
48336
48341
48348
48353
48355
48406
48415
48445
48451
48460
48461
48462
48485
48487
48499
48506
48530
48564
48565
48569
48569
48571
48572
48576
48594
48601
48606
48615
48636
48645
48648
48660
48686
48709
48716
48721
48731
48732
48749
48749
48751
48765
48775
48795
48795
48813
48822
48824
48825
48829
48833
48835
48839
48843
48844
48846
48857
48859
48863
48874
48878
48897
48947
48950
48956
48966
48985
48999
49005
49013
49019
49032
49038
49063
49063
49067
49072
49097
49101
49110
49112
49119
49120
49125
49140
49149
49155
49165
49172
49182
49187
49235
49250
49252
49254
49261
49268
49270
49285
49311
49320
49321
49322
49323
49336
49342
49349
49349
49350
49362
49370
49375
49397
49408
49411
49415
49432
49445
49464
49465
49476
49499
49506
49509
49521
49525
49532
49544
49547
49563
49566
49568
49574
49600
49603
49605
49612
49625
49638
49644
49644
49645
49656
49676
49681
49686
49687
49692
49698
49702
49704
49710
49716
49724
49730
49738
49744
49745
49746
49762
49765
49774
49781
49787
49789
49790
49792
49796
49813
49814
49841
49843
49867
49872
49877
49883
49886
49910
49910
49916
49920
49922
49924
49926
49928
49934
49937
49938
49945
49962
49964
49974
49979
50010
50012
50013
50013
50019
50026
50027
50037
50053
50055
50063
50072
50075
50079
50085
50089
50095
50096
50098
50101
50101
50106
50113
50115
50144
50146
50152
50155
50167
50177
50178
50179
50195
50196
50202
50211
50221
50235
50251
50262
50266
50267
50289
50292
50292
50297
50307
50309
50312
50316
50323
50331
50336
50337
50341
50342
50344
50352
50354
50355
50359
50368
50372
50380
50398
50403
50405
50408
50417
50420
50438
50443
50450
50451
50455
50464
50469
50472
50481
50516
50529
50532
50536
50540
50542
50549
50549
50551
50553
50555
50567
50567
50576
50595
50597
50597
50602
50620
50627
50642
50652
50660
50669
50681
50685
50718
50742
50762
50765
50766
50770
50771
50773
50779
50786
50791
50804
50814
50816
50819
50827
50827
50836
50839
50840
50856
50880
50893
50894
50907
50932
50933
50934
50944
50949
50949
50952
50956
50956
50961
50962
50963
50964
50967
50968
50977
50977
50981
51012
51024
51027
51029
51034
51036
51047
51057
51064
51067
51084
51084
51088
51090
51091
51091
51095
51105
51112
51114
51115
51118
51119
51137
51146
51146
51164
51164
51165
51169
51173
51186
51186
51187
51192
51197
51200
51201
51208
51213
51214
51216
51219
51231
51236
51251
51254
51254
51259
51269
51290
51297
51307
51310
51314
51317
51320
51325
51327
51329
51331
51341
51343
51358
51359
51364
51368
51377
51389
51396
51406
51426
51433
51433
51444
51450
51452
51453
51453
51454
51458
51467
51472
51497
51498
51512
51513
51519
51524
51532
51543
51554
51574
51575
51586
51588
51595
51596
51606
51621
51621
51636
51645
51660
51666
51677
51678
51692
51694
51714
51715
51718
51721
51721
51731
51756
51774
51782
51783
51785
51786
51788
51791
51791
51798
51801
51822
51825
51840
51854
51859
51861
51875
51882
51893
51900
51908
51912
51919
51921
51937
51939
51940
51940
51940
51941
51952
51958
51959
51970
51989
51991
52001
52005
52006
52013
52018
52026
52029
52047
52047
52048
52048
52064
52068
52076
52079
52080
52083
52094
52096
52103
52105
52112
52116
52119
52120
52123
52131
52138
52140
52150
52164
52169
52204
52205
52210
52217
52219
52228
52232
52233
52234
52238
52238
52254
52258
52263
52267
52268
52269
52271
52274
52278
52279
52285
52289
52289
52290
52304
52308
52319
52332
52339
52349
52364
52367
52369
52376
52377
52382
52385
52395
52407
52409
52424
52440
52451
52456
52456
52466
52478
52490
52490
52508
52512
52513
52528
52532
52540
52551
52561
52569
52570
52588
52590
52601
52603
52624
52624
52638
52644
52651
52654
52654
52660
52666
52672
52696
52697
52701
52709
52719
52730
52733
52737
52740
52741
52774
52779
52798
52799
52817
52828
52837
52839
52849
52852
52860
52886
52888
52909
52914
52920
52920
52928
52929
52960
52986
53004
53008
53011
53030
53039
53049
53049
53053
53062
53067
53069
53113
53115
53120
53137
53141
53158
53181
53184
53217
53236
53240
53240
53241
53247
53254
53260
53267
53269
53293
53296
53297
53306
53318
53331
53336
53354
53355
53359
53364
53373
53383
53389
53410
53413
53414
53420
53432
53433
53434
53444
53457
53458
53472
53479
53504
53517
53522
53528
53534
53542
53551
53577
53583
53587
53592
53601
53615
53622
53626
53634
53640
53640
53642
53646
53647
53647
53659
53662
53662
53662
53664
53667
53668
53674
53679
53687
53690
53701
53702
53702
53711
53712
53717
53727
53732
53733
53735
53738
53740
53741
53747
53752
53754
53757
53759
53766
53769
53781
53790
53790
53806
53835
53843
53852
53856
53879
53886
53889
53891
53897
53898
53903
53905
53932
53934
53940
53943
53959
53967
53981
53984
53999
54000
54005
54017
54024
54034
54055
54056
54059
54062
54076
54085
54090
54101
54114
54115
54117
54129
54131
54136
54141
54146
54160
54163
54172
54185
54192
54202
54205
54207
54208
54224
54232
54242
54246
54261
54263
54264
54271
54272
54283
54285
54286
54292
54312
54322
54322
54324
54326
54328
54329
54332
54347
54366
54367
54368
54371
54378
54383
54383
54383
54395
54404
54405
54419
54424
54432
54442
54448
54453
54456
54460
54473
54473
54489
54505
54508
54517
54518
54521
54524
54532
54536
54560
54565
54570
54576
54583
54583
54586
54597
54606
54625
54626
54637
54645
54647
54649
54658
54658
54659
54672
54673
54674
54675
54677
54682
54685
54694
54700
54711
54714
54716
54725
54733
54735
54741
54742
54752
54759
54763
54769
54780
54782
54797
54805
54806
54816
54845
54876
54880
54882
54885
54887
54899
54900
54904
54907
54910
54919
54945
54948
54956
54958
54976
54985
54997
55006
55010
55027
55043
55045
55047
55050
55060
55075
55081
55085
55086
55089
55100
55107
55119
55129
55136
55137
55160
55164
55165
55166
55168
55170
55170
55180
55195
55206
55215
55232
55236
55237
55238
55251
55254
55257
55261
55269
55272
55272
55272
55275
55294
55318
55325
55356
55368
55372
55385
55386
55391
55403
55411
55419
55429
55431
55432
55433
55433
55433
55436
55445
55462
55483
55485
55492
55499
55506
55518
55527
55546
55550
55551
55552
55556
55565
55568
55574
55578
55585
55590
55593
55594
55607
55609
55609
55611
55625
55629
55633
55640
55642
55650
55658
55666
55680
55682
55684
55689
55693
55703
55705
55721
55725
55734
55758
55761
55764
55769
55773
55776
55787
55806
55820
55853
55860
55861
55862
55867
55868
55869
55870
55879
55882
55888
55903
55909
55917
55919
55921
55922
55923
55925
55927
55944
55951
55952
55952
55961
55979
55981
55985
55987
55987
55991
56003
56020
56023
56026
56040
56043
56055
56056
56073
56076
56081
56095
56097
56098
56098
56101
56103
56106
56111
56127
56129
56132
56133
56135
56138
56168
56168
56169
56176
56181
56207
56211
56231
56234
56250
56257
56258
56275
56279
56288
56291
56309
56326
56327
56343
56344
56360
56366
56371
56377
56380
56383
56387
56388
56396
56403
56408
56408
56409
56411
56417
56421
56440
56459
56460
56476
56482
56497
56499
56506
56521
56527
56529
56542
56551
56553
56561
56561
56563
56572
56573
56580
56583
56606
56607
56621
56624
56627
56634
56636
56641
56651
56652
56654
56660
56671
56671
56674
56694
56700
56703
56714
56721
56726
56746
56747
56755
56774
56785
56798
56802
56805
56808
56822
56825
56830
56833
56857
56866
56866
56873
56878
56893
56910
56917
56926
56938
56942
56945
56945
56950
56955
56956
56969
56971
56983
56985
56992
56995
57005
57014
57021
57023
57028
57031
57082
57089
57092
57097
57098
57102
57106
57110
57110
57138
57167
57183
57185
57185
57190
57196
57198
57208
57212
57216
57222
57222
57224
57225
57228
57230
57234
57243
57261
57263
57263
57268
57270
57272
57287
57290
57298
57300
57300
57300
57305
57316
57319
57322
57322
57336
57338
57344
57346
57347
57352
57353
57356
57357
57363
57383
57387
57391
57395
57411
57415
57421
57426
57429
57440
57441
57448
57451
57452
57454
57466
57472
57473
57476
57480
57518
57520
57522
57525
57528
57546
57561
57564
57566
57571
57576
57594
57596
57613
57645
57650
57669
57681
57690
57697
57699
57723
57780
57785
57787
57789
57789
57793
57800
57810
57822
57824
57831
57832
57833
57839
57847
57850
57850
57858
57884
57887
57889
57899
57905
57923
57923
57936
57942
57957
57961
57966
57973
57975
57979
57983
57983
58001
58009
58011
58021
58022
58027
58043
58045
58054
58056
58076
58078
58092
58093
58094
58105
58111
58139
58139
58143
58168
58171
58172
58175
58181
58182
58184
58192
58199
58203
58206
58206
58214
58221
58222
58232
58236
58237
58242
58248
58262
58263
58270
58272
58319
58319
58328
58333
58338
58340
58342
58344
58349
58350
58353
58380
58383
58395
58397
58409
58411
58414
58430
58436
58456
58486
58494
58528
58555
58561
58562
58565
58565
58566
58574
58595
58600
58604
58614
58618
58637
58638
58639
58645
58648
58674
58682
58684
58695
58702
58714
58717
58718
58728
58737
58738
58740
58755
58759
58767
58801
58801
58803
58816
58829
58829
58840
58842
58849
58862
58863
58877
58886
58886
58892
58895
58895
58913
58929
58931
58934
58935
58936
58936
58940
58945
58965
58966
58972
58973
58976
58992
59025
59033
59047
59049
59051
59063
59074
59075
59082
59095
59096
59102
59113
59114
59128
59130
59148
59152
59153
59166
59169
59169
59177
59192
59200
59202
59217
59218
59229
59253
59253
59256
59261
59271
59279
59279
59288
59299
59299
59307
59311
59321
59324
59326
59328
59342
59349
59359
59359
59368
59377
59388
59391
59404
59410
59416
59425
59426
59429
59436
59446
59454
59454
59473
59476
59479
59484
59493
59494
59498
59502
59516
59527
59532
59535
59537
59539
59540
59545
59548
59559
59563
59568
59582
59595
59596
59602
59622
59624
59635
59659
59665
59665
59674
59675
59685
59714
59715
59719
59722
59754
59756
59756
59757
59769
59772
59774
59776
59777
59785
59788
59796
59799
59820
59823
59836
59836
59842
59860
59866
59870
59882
59883
59886
59888
59893
59921
59931
59931
59936
59937
59938
59942
59946
59963
59965
59984
59986
59987
59993
60003
60012
60013
60037
60066
60074
60075
60090
60093
60095
60103
60104
60113
60114
60115
60129
60133
60141
60141
60143
60167
60178
60180
60182
60202
60212
60239
60242
60247
60255
60259
60259
60267
60293
60299
60304
60309
60326
60329
60332
60333
60350
60363
60367
60369
60379
60385
60385
60398
60402
60404
60414
60415
60418
60418
60420
60423
60423
60443
60452
60452
60465
60468
60473
60479
60481
60484
60485
60485
60493
60498
60500
60502
60517
60522
60542
60545
60565
60566
60582
60582
60597
60606
60611
60616
60626
60628
60629
60633
60633
60642
60662
60664
60665
60677
60679
60682
60683
60693
60694
60703
60705
60706
60707
60717
60730
60730
60735
60780
60789
60792
60804
60808
60817
60817
60829
60843
60845
60848
60854
60856
60859
60860
60861
60862
60868
60878
60889
60893
60903
60918
60936
60956
60956
60962
60967
60971
60973
60983
60986
60989
61005
61008
61009
61021
61021
61022
61026
61027
61035
61039
61051
61057
61063
61071
61087
61092
61096
61117
61120
61125
61146
61167
61168
61169
61182
61190
61193
61203
61208
61211
61212
61215
61215
61226
61238
61244
61245
61265
61272
61280
61296
61300
61306
61308
61315
61320
61327
61328
61329
61329
61336
61348
61349
61374
61375
61380
61384
61392
61408
61417
61417
61433
61435
61475
61482
61486
61503
61504
61508
61513
61521
61522
61525
61530
61539
61539
61544
61551
61554
61567
61568
61581
61584
61592
61596
61599
61611
61611
61612
61615
61623
61626
61629
61636
61656
61668
61670
61694
61695
61696
61702
61704
61722
61724
61737
61739
61740
61752
61754
61757
61764
61783
61790
61797
61801
61807
61807
61811
61811
61817
61817
61820
61828
61829
61835
61843
61844
61853
61911
61917
61922
61929
61935
61939
61948
61950
61960
61971
61977
61996
62000
62001
62023
62027
62045
62049
62050
62055
62057
62059
62065
62067
62071
62095
62110
62122
62123
62129
62134
62139
62140
62142
62145
62159
62166
62175
62181
62181
62191
62191
62193
62213
62227
62231
62237
62249
62254
62254
62269
62280
62290
62297
62299
62304
62310
62320
62333
62343
62346
62349
62355
62356
62363
62378
62398
62418
62428
62430
62438
62438
62440
62440
62441
62468
62468
62471
62479
62488
62497
62512
62516
62522
62527
62529
62531
62535
62540
62557
62566
62589
62611
62618
62619
62626
62636
62643
62658
62672
62677
62683
62693
62706
62706
62706
62711
62722
62726
62742
62752
62756
62761
62765
62767
62779
62780
62788
62801
62802
62808
62818
62825
62825
62827
62833
62834
62845
62852
62876
62881
62894
62911
62918
62920
62932
62934
62953
62955
62956
62959
62970
62976
62985
62992
62995
63018
63019
63028
63043
63044
63046
63048
63063
63094
63123
63140
63142
63146
63148
63158
63165
63180
63182
63183
63187
63194
63195
63199
63200
63201
63209
63217
63218
63237
63242
63255
63257
63272
63278
63287
63287
63298
63300
63304
63311
63325
63337
63337
63337
63340
63345
63355
63386
63391
63401
63408
63408
63409
63410
63410
63442
63448
63473
63477
63478
63499
63515
63519
63532
63536
63554
63566
63580
63591
63591
63600
63602
63615
63624
63638
63656
63664
63682
63704
63709
63714
63715
63718
63724
63732
63736
63738
63747
63751
63758
63758
63767
63791
63792
63809
63810
63812
63815
63816
63824
63856
63857
63865
63866
63870
63883
63905
63917
63918
63947
63955
63986
63990
64006
64007
64018
64031
64038
64040
64042
64048
64049
64052
64058
64060
64072
64088
64094
64095
64107
64108
64127
64133
64136
64148
64167
64169
64183
64188
64193
64197
64218
64218
64235
64250
64251
64285
64290
64300
64304
64310
64321
64324
64325
64334
64353
64356
64369
64379
64382
64394
64412
64415
64420
64424
64425
64428
64433
64446
64462
64464
64473
64481
64490
64494
64511
64520
64550
64577
64579
64591
64601
64603
64607
64632
64633
64641
64650
64673
64686
64704
64704
64715
64723
64741
64742
64755
64760
64763
64767
64806
64815
64835
64858
64859
64891
64896
64906
64932
64935
64944
64965
64969
64979
64980
64985
65001
65010
65023
65027
65033
65037
65046
65050
65065
65072
65076
65111
65131
65137
65138
65145
65147
65164
65195
65205
65206
65207
65214
65219
65236
65248
65248
65249
65250
65250
65262
65267
65268
65270
65290
65295
65297
65297
65312
65325
65330
65333
65334
65340
65344
65344
65359
65362
65367
65380
65398
65408
65414
65415
65419
65420
65422
65432
65442
65473
65476
65484
65486
65499
65512
65524
65538
65540
65543
65547
65549
65567
65569
65586
65595
65600
65604
65604
65606
65610
65625
65628
65643
65662
65662
65683
65686
65698
65714
65771
65774
65816
65820
65821
65829
65829
65830
65859
65859
65871
65872
65886
65887
65888
65889
65901
65904
65908
65910
65962
65963
65968
65972
65975
65979
65981
65988
65992
65998
65999
66018
66022
66023
66028
66038
66050
66051
66052
66055
66062
66067
66074
66080
66094
66099
66104
66125
66127
66136
66137
66169
66171
66173
66194
66194
66202
66227
66230
66239
66247
66250
66264
66266
66268
66276
66301
66303
66317
66319
66322
66324
66325
66325
66327
66329
66343
66350
66366
66374
66391
66399
66407
66413
66428
66432
66433
66434
66435
66439
66440
66447
66447
66449
66458
66458
66460
66467
66467
66481
66484
66500
66502
66510
66521
66528
66540
66550
66555
66557
66571
66582
66584
66585
66593
66598
66602
66606
66632
66636
66660
66661
66672
66673
66684
66693
66694
66707
66726
66732
66734
66735
66737
66747
66748
66754
66758
66761
66768
66769
66811
66826
66830
66856
66858
66867
66879
66885
66902
66910
66940
66952
66962
66963
66968
66969
66984
67006
67008
67032
67032
67044
67052
67058
67065
67070
67071
67090
67111
67122
67131
67132
67170
67172
67188
67191
67199
67216
67230
67241
67251
67254
67269
67269
67277
67283
67295
67304
67311
67313
67314
67348
67369
67387
67393
67404
67417
67421
67426
67427
67434
67456
67462
67467
67471
67472
67479
67479
67479
67489
67500
67508
67510
67524
67544
67562
67580
67600
67610
67613
67616
67622
67666
67669
67675
67681
67707
67713
67716
67726
67761
67767
67786
67796
67796
67823
67825
67835
67839
67845
67851
67853
67855
67858
67863
67873
67897
67910
67914
67924
67925
67926
67939
67957
67959
67961
67963
67968
67969
67978
67994
67994
68003
68014
68028
68051
68057
68060
68111
68118
68144
68163
68165
68171
68176
68182
68219
68230
68255
68258
68259
68268
68277
68281
68303
68308
68320
68321
68326
68327
68332
68335
68345
68347
68368
68383
68383
68397
68408
68409
68412
68414
68427
68453
68459
68464
68471
68484
68488
68496
68501
68504
68510
68519
68523
68525
68535
68538
68546
68554
68559
68560
68561
68564
68569
68577
68581
68581
68598
68601
68604
68612
68627
68631
68646
68646
68648
68649
68659
68664
68667
68682
68691
68710
68716
68729
68735
68739
68739
68747
68756
68756
68757
68763
68766
68767
68771
68771
68783
68788
68798
68800
68808
68810
68830
68831
68831
68834
68836
68849
68853
68853
68855
68855
68856
68867
68868
68879
68903
68908
68917
68929
68952
68957
68960
68976
68979
68981
68983
68985
68988
68991
69013
69018
69022
69025
69026
69028
69033
69037
69038
69041
69051
69053
69054
69066
69070
69080
69096
69099
69109
69111
69111
69123
69132
69136
69143
69153
69186
69187
69193
69202
69204
69204
69218
69235
69244
69256
69280
69280
69283
69289
69290
69291
69300
69303
69304
69304
69308
69319
69340
69345
69347
69354
69356
69357
69362
69363
69397
69405
69412
69416
69419
69450
69452
69457
69462
69468
69469
69487
69488
69489
69491
69497
69497
69516
69539
69544
69546
69551
69560
69566
69573
69584
69586
69594
69597
69613
69622
69640
69648
69663
69665
69666
69669
69671
69690
69692
69696
69698
69717
69730
69742
69746
69749
69751
69753
69777
69791
69804
69805
69826
69831
69842
69852
69854
69856
69857
69864
69873
69875
69879
69880
69883
69885
69887
69918
69921
69929
69935
69935
69946
69947
69952
69956
69956
69956
69958
69964
69974
69983
69987
70006
70008
70012
70039
70049
70051
70060
70062
70066
70086
70097
70104
70142
70146
70149
70158
70170
70176
70181
70199
70205
70224
70226
70244
70250
70255
70257
70258
70260
70263
70265
70277
70289
70291
70313
70323
70328
70332
70345
70346
70356
70359
70392
70395
70410
70410
70413
70417
70417
70419
70421
70429
70429
70435
70439
70440
70441
70443
70462
70471
70473
70476
70478
70479
70486
70497
70501
70517
70529
70547
70581
70592
70607
70617
70618
70629
70640
70647
70656
70662
70669
70685
70706
70720
70722
70740
70740
70741
70744
70758
70758
70760
70778
70779
70792
70799
70804
70810
70815
70819
70827
70842
70852
70853
70865
70871
70877
70883
70885
70893
70893
70899
70918
70928
70929
70940
70969
70977
70978
70985
70994
71000
71002
71003
71004
71018
71037
71038
71042
71049
71056
71062
71073
71077
71080
71080
71088
71117
71117
71134
71135
71137
71140
71148
71148
71167
71168
71181
71181
71188
71190
71197
71203
71217
71219
71221
71232
71255
71261
71271
71293
71303
71304
71308
71312
71318
71331
71352
71359
71362
71373
71374
71381
71382
71384
71388
71403
71403
71405
71405
71408
71410
71419
71432
71435
71440
71449
71460
71467
71471
71475
71488
71493
71500
71514
71521
71523
71531
71538
71552
71553
71557
71575
71583
71589
71590
71596
71599
71608
71615
71617
71620
71631
71640
71642
71649
71651
71659
71664
71665
71678
71719
71739
71760
71761
71762
71765
71767
71771
71774
71780
71789
71792
71795
71803
71804
71805
71807
71814
71816
71826
71829
71837
71838
71838
71843
71856
71865
71886
71891
71894
71901
71904
71908
71909
71946
71958
71963
71980
72005
72037
72043
72060
72077
72100
72103
72107
72130
72136
72137
72139
72145
72152
72159
72161
72161
72171
72171
72177
72179
72182
72202
72216
72217
72221
72239
72240
72247
72249
72252
72270
72270
72272
72278
72293
72316
72324
72325
72326
72343
72352
72359
72364
72364
72373
72374
72376
72376
72377
72379
72379
72395
72401
72406
72410
72413
72413
72414
72422
72439
72445
72446
72467
72470
72474
72477
72477
72478
72486
72488
72501
72505
72513
72513
72527
72531
72534
72537
72540
72543
72544
72552
72555
72557
72565
72581
72582
72594
72598
72599
72604
72607
72619
72621
72630
72634
72639
72647
72649
72653
72656
72659
72667
72673
72695
72726
72735
72750
72752
72760
72767
72775
72778
72779
72792
72802
72808
72812
72820
72829
72830
72833
72865
72866
72867
72872
72874
72877
72879
72887
72888
72892
72895
72896
72907
72907
72928
72929
72930
72940
72950
72960
72965
72969
72971
72979
72984
72999
72999
73009
73012
73024
73030
73030
73045
73050
73074
73077
73078
73082
73088
73089
73091
73105
73113
73124
73128
73142
73142
73144
73147
73148
73149
73149
73153
73165
73165
73177
73185
73185
73186
73191
73193
73211
73219
73221
73231
73243
73255
73268
73272
73283
73301
73310
73317
73324
73335
73336
73345
73356
73367
73368
73371
73373
73375
73387
73395
73399
73399
73401
73402
73413
73415
73424
73459
73474
73484
73488
73493
73504
73513
73514
73548
73562
73576
73593
73603
73620
73627
73650
73654
73675
73707
73711
73714
73716
73720
73726
73742
73766
73777
73784
73802
73806
73808
73820
73822
73841
73863
73868
73875
73877
73882
73884
73885
73890
73905
73909
73912
73913
73932
73954
73968
73980
73989
74001
74005
74010
74020
74021
74024
74027
74028
74043
74044
74055
74059
74075
74079
74082
74087
74106
74106
74119
74123
74148
74150
74152
74157
74161
74163
74183
74184
74217
74231
74240
74242
74251
74257
74260
74266
74287
74290
74299
74305
74309
74311
74340
74343
74349
74352
74355
74359
74365
74375
74378
74380
74392
74405
74407
74417
74419
74421
74422
74438
74438
74444
74447
74452
74453
74463
74473
74473
74483
74487
74489
74500
74501
74510
74533
74538
74538
74548
74559
74562
74570
74586
74599
74604
74607
74612
74630
74630
74633
74635
74639
74652
74655
74660
74662
74664
74672
74674
74688
74691
74696
74706
74707
74709
74710
74715
74718
74720
74736
74738
74743
74749
74754
74761
74767
74773
74782
74786
74793
74798
74823
74854
74857
74859
74869
74882
74889
74905
74906
74907
74909
74911
74915
74923
74928
74932
74937
74944
74953
74954
74955
74975
74983
74994
75009
75016
75032
75039
75050
75063
75068
75074
75082
75088
75110
75111
75121
75125
75128
75128
75133
75136
75141
75144
75145
75145
75149
75166
75178
75180
75190
75191
75192
75205
75213
75215
75227
75254
75261
75270
75293
75294
75305
75311
75318
75321
75330
75348
75357
75358
75376
75377
75381
75383
75385
75387
75389
75406
75408
75411
75428
75432
75443
75473
75481
75481
75484
75491
75491
75514
75516
75539
75563
75576
75581
75605
75611
75624
75631
75636
75642
75646
75662
75682
75719
75725
75725
75737
75740
75755
75759
75782
75782
75800
75803
75808
75813
75814
75818
75821
75827
75830
75834
75842
75843
75860
75889
75894
75917
75921
75931
75932
75989
75990
75991
75991
75997
76005
76030
76051
76059
76065
76077
76113
76123
76126
76130
76136
76136
76145
76164
76170
76178
76187
76188
76198
76210
76221
76239
76244
76260
76264
76265
76266
76269
76283
76288
76292
76295
76296
76315
76316
76340
76344
76347
76365
76372
76381
76382
76397
76407
76409
76418
76421
76427
76429
76435
76443
76452
76457
76459
76465
76473
76474
76492
76503
76503
76504
76505
76508
76511
76515
76530
76539
76558
76561
76564
76572
76576
76584
76587
76587
76591
76605
76608
76614
76616
76619
76622
76623
76639
76643
76688
76690
76706
76712
76713
76716
76720
76733
76734
76735
76737
76747
76757
76774
76785
76806
76807
76808
76809
76809
76820
76825
76830
76830
76840
76855
76859
76861
76873
76887
76889
76894
76895
76923
76926
76930
76935
76950
76971
76972
76973
76975
76982
76983
76986
76987
76994
76996
77008
77014
77047
77048
77083
77084
77090
77093
77096
77101
77105
77114
77122
77124
77137
77141
77150
77156
77160
77172
77175
77185
77185
77189
77189
77195
77195
77204
77211
77219
77242
77246
77247
77250
77250
77259
77266
77279
77280
77289
77314
77322
77329
77337
77340
77345
77354
77359
77359
77363
77369
77377
77377
77378
77398
77409
77409
77414
77418
77418
77429
77433
77444
77446
77457
77457
77459
77473
77476
77482
77487
77500
77503
77503
77520
77521
77523
77524
77536
77546
77550
77553
77556
77559
77561
77574
77575
77583
77593
77594
77594
77612
77619
77621
77630
77631
77632
77643
77682
77685
77690
77696
77702
77706
77707
77734
77735
77743
77744
77751
77751
77757
77767
77767
77767
77778
77787
77789
77795
77798
77800
77813
77819
77824
77829
77830
77831
77833
77843
77854
77857
77893
77894
77917
77932
77954
77964
77965
77970
77973
77989
77991
77991
77995
77999
78002
78015
78017
78019
78028
78029
78043
78043
78052
78053
78054
78056
78061
78069
78079
78091
78100
78110
78114
78116
78123
78149
78155
78189
78204
78210
78211
78211
78213
78215
78218
78223
78224
78245
78250
78252
78253
78254
78273
78297
78324
78325
78326
78329
78332
78340
78351
78354
78356
78367
78369
78369
78379
78381
78392
78392
78418
78420
78428
78429
78438
78440
78440
78445
78456
78461
78472
78475
78478
78489
78490
78503
78506
78512
78526
78528
78533
78547
78554
78570
78600
78610
78619
78643
78654
78656
78658
78665
78665
78681
78684
78684
78688
78689
78715
78726
78732
78734
78736
78738
78741
78747
78747
78751
78751
78755
78757
78767
78778
78817
78823
78831
78834
78842
78853
78856
78859
78861
78900
78908
78918
78941
78943
78954
78958
78967
78980
78981
78981
78984
78989
79006
79016
79028
79029
79032
79041
79043
79044
79057
79058
79061
79077
79078
79080
79080
79086
79088
79093
79096
79097
79098
79142
79145
79159
79160
79171
79177
79204
79230
79236
79236
79261
79264
79270
79276
79276
79277
79326
79329
79343
79346
79350
79352
79353
79357
79362
79362
79375
79392
79394
79400
79409
79424
79428
79432
79441
79445
79447
79454
79455
79462
79474
79480
79485
79487
79492
79498
79498
79505
79517
79520
79528
79537
79556
79557
79561
79567
79570
79573
79576
79589
79607
79607
79615
79622
79624
79624
79629
79630
79632
79638
79647
79653
79666
79676
79676
79680
79684
79694
79698
79699
79707
79709
79719
79729
79733
79733
79746
79747
79750
79756
79761
79762
79766
79767
79775
79786
79788
79789
79792
79796
79798
79805
79806
79811
79812
79815
79816
79833
79836
79839
79852
79853
79867
79879
79888
79890
79895
79901
79901
79903
79922
79928
79931
79938
79942
79945
79957
79959
79970
79972
79984
79993
79993
79994
79998
80006
80018
80025
80032
80032
80040
80044
80054
80075
80081
80084
80100
80115
80121
80123
80126
80139
80149
80159
80168
80182
80183
80188
80196
80198
80208
80211
80212
80216
80231
80231
80231
80241
80246
80250
80256
80260
80261
80265
80267
80269
80278
80306
80311
80313
80324
80333
80340
80356
80360
80395
80397
80432
80457
80459
80467
80469
80471
80478
80484
80492
80501
80513
80528
80537
80540
80544
80544
80545
80557
80561
80567
80584
80610
80626
80627
80648
80651
80656
80656
80664
80664
80668
80674
80678
80687
80701
80704
80708
80712
80714
80718
80718
80755
80770
80780
80799
80817
80823
80829
80830
80831
80869
80872
80903
80912
80939
80943
80946
80946
80949
80961
80965
80967
80976
81012
81026
81042
81044
81052
81054
81058
81064
81086
81100
81120
81131
81135
81135
81137
81176
81177
81197
81197
81206
81216
81220
81223
81226
81229
81234
81235
81239
81240
81247
81249
81250
81252
81252
81253
81253
81268
81270
81271
81273
81285
81293
81293
81297
81299
81301
81312
81318
81319
81321
81333
81335
81340
81349
81387
81403
81407
81411
81412
81415
81420
81428
81440
81453
81457
81474
81482
81484
81486
81490
81495
81500
81504
81507
81527
81527
81547
81555
81556
81609
81615
81624
81629
81639
81663
81675
81688
81703
81707
81726
81727
81733
81736
81738
81741
81765
81788
81804
81806
81820
81841
81853
81854
81858
81868
81871
81880
81889
81891
81899
81903
81904
81904
81916
81927
81929
81940
81941
81949
81954
81989
82002
82015
82020
82037
82045
82053
82054
82076
82105
82114
82115
82136
82149
82164
82167
82172
82181
82186
82191
82202
82206
82207
82216
82236
82243
82249
82269
82272
82275
82276
82286
82289
82301
82302
82304
82309
82327
82350
82352
82354
82356
82381
82392
82396
82425
82425
82427
82430
82442
82446
82448
82452
82454
82455
82456
82478
82518
82520
82525
82525
82543
82543
82558
82567
82568
82569
82587
82588
82605
82609
82616
82617
82617
82621
82623
82628
82629
82631
82635
82635
82638
82647
82650
82665
82668
82669
82671
82693
82702
82704
82718
82738
82738
82745
82745
82765
82771
82781
82790
82793
82804
82816
82828
82840
82850
82868
82885
82897
82901
82908
82908
82911
82915
82920
82922
82936
82940
82943
82951
82967
82969
82979
82992
83000
83020
83021
83022
83032
83043
83044
83056
83058
83067
83074
83075
83081
83090
83098
83098
83116
83122
83128
83138
83141
83143
83146
83148
83149
83154
83164
83171
83186
83186
83202
83216
83228
83231
83233
83234
83255
83272
83274
83275
83276
83282
83285
83287
83295
83301
83301
83303
83306
83317
83319
83323
83335
83337
83338
83343
83346
83352
83353
83357
83358
83361
83379
83384
83386
83413
83420
83422
83423
83428
83432
83436
83445
83459
83463
83488
83488
83519
83520
83528
83533
83535
83540
83542
83567
83569
83571
83575
83585
83590
83601
83602
83607
83610
83612
83638
83645
83651
83656
83677
83678
83688
83696
83700
83714
83720
83733
83734
83745
83745
83749
83766
83768
83770
83771
83775
83777
83778
83781
83782
83783
83798
83803
83804
83821
83827
83837
83839
83860
83869
83895
83922
83924
83930
83933
83939
83941
83944
83945
83954
83964
83978
83981
83983
83985
83990
83990
83991
84026
84041
84058
84059
84063
84067
84075
84077
84077
84080
84130
84132
84144
84144
84151
84162
84166
84170
84184
84200
84212
84218
84218
84218
84227
84235
84236
84264
84266
84276
84281
84295
84300
84303
84307
84311
84311
84312
84333
84337
84341
84364
84367
84372
84389
84389
84393
84396
84403
84412
84418
84420
84424
84428
84448
84449
84449
84450
84451
84451
84461
84463
84474
84479
84480
84491
84505
84510
84512
84515
84525
84540
84542
84558
84570
84588
84590
84602
84606
84607
84607
84611
84618
84619
84621
84626
84642
84647
84655
84658
84663
84671
84674
84688
84688
84692
84697
84717
84745
84762
84778
84783
84797
84804
84810
84815
84819
84820
84826
84828
84843
84848
84850
84851
84855
84860
84872
84872
84876
84887
84894
84911
84913
84919
84923
84930
84934
84934
84934
84954
84955
84956
84956
84974
84980
84995
85001
85002
85026
85051
85055
85057
85059
85070
85074
85097
85110
85121
85121
85142
85165
85179
85180
85185
85193
85200
85206
85206
85245
85246
85249
85266
85273
85274
85286
85292
85292
85293
85302
85303
85318
85330
85332
85336
85340
85346
85352
85370
85374
85375
85375
85382
85405
85409
85415
85420
85425
85427
85439
85452
85453
85455
85462
85476
85490
85495
85503
85516
85517
85527
85533
85534
85544
85552
85553
85555
85559
85574
85589
85591
85605
85615
85616
85618
85623
85629
85631
85636
85645
85649
85651
85668
85694
85697
85704
85742
85746
85749
85760
85761
85775
85776
85776
85786
85789
85804
85804
85843
85848
85860
85871
85872
85880
85881
85891
85891
85893
85896
85911
85912
85918
85930
85944
85963
85965
85968
85977
85981
85986
85988
85999
86007
86024
86031
86039
86046
86047
86048
86053
86056
86057
86062
86069
86071
86082
86096
86101
86106
86107
86108
86112
86112
86118
86130
86154
86168
86168
86190
86199
86206
86212
86219
86220
86221
86249
86250
86263
86263
86287
86288
86289
86295
86319
86347
86360
86367
86368
86371
86377
86388
86404
86424
86443
86443
86444
86450
86467
86494
86497
86501
86504
86507
86544
86562
86563
86563
86565
86568
86572
86573
86581
86594
86597
86601
86604
86606
86607
86607
86611
86622
86639
86644
86650
86665
86672
86678
86683
86688
86692
86693
86701
86710
86740
86744
86748
86754
86760
86766
86771
86773
86778
86794
86799
86810
86818
86823
86831
86841
86849
86865
86875
86880
86886
86891
86902
86937
86948
86949
86953
86954
86956
86963
86972
86976
86987
86988
86990
87008
87013
87028
87044
87057
87070
87080
87105
87113
87115
87120
87148
87150
87152
87153
87159
87169
87178
87183
87185
87198
87199
87204
87206
87207
87210
87213
87222
87224
87228
87261
87264
87286
87309
87311
87326
87329
87334
87336
87337
87343
87354
87355
87356
87359
87375
87391
87400
87400
87404
87405
87414
87423
87438
87454
87457
87458
87472
87476
87495
87497
87508
87514
87519
87533
87535
87538
87540
87554
87554
87557
87563
87566
87595
87598
87608
87611
87614
87619
87626
87629
87636
87640
87643
87654
87658
87660
87680
87691
87691
87702
87704
87705
87709
87711
87711
87724
87724
87751
87772
87775
87780
87783
87790
87800
87822
87823
87826
87830
87833
87836
87840
87842
87852
87856
87867
87894
87906
87909
87916
87916
87925
87935
87945
87950
87950
87950
87951
87953
87957
87967
87973
87973
87990
87991
88000
88003
88004
88023
88030
88031
88037
88046
88068
88072
88081
88099
88124
88125
88130
88133
88134
88138
88138
88155
88160
88166
88178
88189
88189
88194
88197
88202
88205
88211
88215
88215
88235
88240
88247
88257
88275
88278
88282
88283
88284
88300
88302
88311
88324
88324
88328
88332
88350
88372
88375
88383
88395
88402
88405
88407
88409
88415
88417
88417
88420
88423
88432
88434
88439
88452
88466
88481
88489
88510
88512
88515
88521
88540
88550
88559
88560
88562
88562
88566
88584
88613
88617
88617
88640
88646
88646
88653
88654
88654
88670
88677
88683
88698
88724
88729
88732
88742
88747
88772
88782
88795
88814
88817
88819
88827
88840
88840
88841
88862
88883
88899
88900
88908
88914
88925
88930
88932
88949
88959
88967
88970
88971
88974
88976
88992
88999
89011
89024
89030
89033
89037
89044
89046
89051
89055
89055
89059
89066
89068
89069
89072
89072
89074
89074
89083
89103
89109
89109
89109
89111
89116
89126
89131
89135
89146
89154
89178
89183
89184
89193
89193
89222
89243
89250
89274
89278
89281
89292
89293
89293
89297
89298
89299
89303
89304
89305
89313
89314
89317
89321
89350
89352
89353
89355
89371
89423
89427
89432
89445
89454
89472
89482
89485
89488
89491
89496
89496
89502
89505
89506
89520
89522
89528
89528
89531
89545
89548
89556
89569
89571
89574
89583
89585
89588
89608
89613
89633
89633
89637
89643
89649
89651
89656
89664
89676
89696
89731
89743
89753
89755
89763
89764
89768
89770
89797
89807
89813
89815
89821
89841
89848
89859
89863
89864
89875
89878
89880
89885
89890
89897
89905
89924
89934
89943
89946
89947
89967
89971
89981
90000
90038
90048
90050
90051
90053
90095
90126
90127
90136
90138
90141
90143
90144
90146
90153
90155
90163
90172
90173
90173
90193
90195
90198
90210
90212
90215
90227
90230
90233
90234
90243
90250
90257
90266
90267
90269
90286
90289
90297
90306
90308
90314
90315
90327
90336
90343
90370
90372
90372
90372
90373
90387
90388
90394
90406
90413
90416
90425
90430
90432
90448
90452
90454
90476
90502
90510
90512
90513
90515
90526
90553
90556
90561
90565
90566
90567
90573
90596
90597
90602
90621
90621
90626
90633
90638
90651
90654
90672
90677
90682
90689
90696
90702
90733
90736
90736
90744
90754
90759
90759
90767
90767
90770
90776
90796
90814
90820
90829
90844
90854
90868
90879
90893
90897
90898
90899
90899
90900
90906
90915
90918
90923
90929
90945
90950
90959
90967
90988
90989
90995
90997
91000
91000
91007
91012
91020
91025
91036
91045
91048
91053
91061
91085
91101
91102
91103
91115
91127
91129
91135
91140
91154
91158
91161
91181
91189
91197
91197
91207
91232
91236
91245
91249
91252
91253
91268
91272
91284
91291
91315
91318
91329
91336
91341
91358
91393
91398
91400
91400
91411
91415
91425
91431
91433
91435
91442
91449
91450
91453
91464
91467
91468
91472
91474
91477
91482
91494
91498
91513
91547
91550
91560
91563
91573
91578
91585
91590
91594
91594
91596
91598
91600
91601
91608
91622
91623
91624
91624
91655
91665
91693
91696
91697
91705
91711
91712
91718
91728
91733
91739
91743
91760
91760
91763
91767
91773
91782
91799
91803
91804
91812
91815
91817
91828
91843
91844
91849
91890
91893
91893
91894
91896
91897
91904
91916
91918
91918
91919
91925
91928
91932
91951
91960
91963
91963
91966
91981
91982
92001
92014
92016
92030
92031
92034
92043
92057
92096
92099
92104
92105
92109
92111
92113
92114
92114
92118
92134
92135
92135
92141
92143
92152
92155
92158
92158
92164
92182
92184
92191
92197
92198
92199
92203
92213
92231
92235
92238
92251
92255
92259
92264
92268
92287
92289
92290
92313
92315
92330
92339
92346
92351
92351
92352
92354
92363
92391
92400
92415
92418
92421
92422
92426
92429
92438
92440
92442
92444
92446
92455
92476
92479
92490
92496
92499
92544
92544
92562
92568
92573
92575
92593
92601
92601
92610
92612
92615
92619
92624
92632
92635
92651
92660
92660
92671
92697
92711
92713
92726
92727
92734
92763
92765
92775
92777
92784
92796
92804
92810
92811
92818
92823
92824
92834
92841
92850
92857
92874
92885
92891
92893
92919
92929
92934
92935
92939
92943
92944
92944
92950
92953
92956
92965
92969
92975
92982
92986
93016
93032
93032
93036
93040
93041
93045
93051
93076
93076
93084
93086
93088
93089
93090
93093
93097
93136
93145
93164
93173
93177
93182
93189
93205
93208
93209
93213
93230
93233
93240
93244
93259
93265
93266
93277
93284
93286
93292
93300
93304
93328
93349
93360
93362
93368
93370
93371
93372
93379
93383
93390
93397
93401
93405
93415
93426
93431
93439
93440
93453
93453
93467
93472
93482
93482
93482
93489
93492
93493
93493
93497
93500
93503
93510
93512
93536
93547
93548
93554
93568
93578
93595
93596
93598
93613
93640
93667
93674
93684
93686
93693
93694
93695
93699
93714
93715
93727
93750
93763
93766
93771
93775
93776
93778
93782
93819
93834
93836
93841
93865
93868
93871
93871
93872
93879
93884
93897
93908
93919
93923
93957
93958
93972
93981
93995
94014
94016
94019
94020
94032
94034
94039
94041
94052
94052
94057
94072
94075
94082
94088
94106
94107
94118
94146
94148
94153
94158
94159
94161
94177
94199
94201
94204
94207
94211
94214
94227
94230
94234
94238
94245
94246
94247
94249
94252
94261
94287
94295
94297
94304
94306
94307
94318
94329
94331
94334
94342
94348
94353
94358
94362
94364
94365
94369
94374
94378
94381
94387
94423
94428
94429
94433
94443
94444
94449
94454
94462
94467
94467
94479
94480
94482
94488
94497
94498
94501
94507
94511
94512
94514
94516
94525
94528
94532
94539
94541
94543
94566
94572
94579
94580
94581
94599
94608
94616
94619
94620
94623
94645
94649
94653
94659
94671
94685
94708
94708
94714
94727
94732
94733
94754
94769
94772
94775
94781
94802
94811
94818
94821
94828
94834
94862
94877
94881
94891
94900
94933
94938
94938
94939
94946
94947
94947
94956
94956
94969
94993
95000
95004
95007
95008
95008
95016
95023
95024
95041
95042
95046
95060
95061
95070
95072
95091
95095
95100
95102
95117
95125
95134
95135
95137
95178
95179
95183
95193
95195
95197
95207
95209
95220
95221
95222
95224
95228
95238
95239
95239
95242
95244
95249
95250
95252
95256
95260
95266
95266
95269
95275
95280
95284
95303
95307
95315
95329
95334
95336
95343
95357
95360
95360
95372
95373
95377
95377
95382
95388
95394
95395
95398
95408
95415
95417
95422
95434
95436
95442
95451
95460
95473
95476
95487
95488
95495
95495
95503
95503
95505
95507
95507
95513
95516
95520
95559
95575
95576
95577
95607
95609
95611
95620
95626
95630
95630
95633
95634
95640
95640
95644
95648
95653
95656
95663
95668
95673
95674
95681
95694
95710
95711
95722
95768
95769
95785
95787
95788
95806
95826
95830
95830
95837
95842
95842
95853
95855
95862
95867
95873
95873
95879
95892
95905
95911
95914
95918
95927
95934
95937
95938
95981
95990
95997
96017
96024
96030
96036
96043
96047
96058
96059
96070
96074
96077
96107
96114
96119
96128
96135
96139
96143
96144
96157
96169
96172
96182
96193
96194
96196
96196
96215
96225
96235
96242
96246
96250
96261
96272
96275
96316
96343
96357
96361
96362
96372
96378
96394
96396
96420
96423
96423
96425
96427
96442
96442
96444
96468
96474
96510
96535
96542
96550
96575
96578
96602
96602
96619
96621
96624
96624
96634
96635
96650
96664
96670
96670
96671
96675
96689
96695
96695
96723
96735
96743
96763
96764
96766
96774
96776
96782
96787
96808
96814
96815
96816
96833
96840
96844
96856
96873
96875
96879
96883
96888
96905
96906
96922
96930
96932
96939
96947
96950
96964
96965
97012
97017
97018
97019
97020
97023
97041
97045
97054
97070
97074
97084
97085
97088
97088
97093
97097
97098
97125
97156
97157
97167
97168
97169
97169
97173
97184
97193
97197
97202
97205
97218
97225
97231
97235
97243
97246
97249
97257
97262
97263
97267
97278
97299
97306
97306
97313
97330
97331
97336
97338
97348
97354
97369
97382
97382
97403
97404
97407
97411
97411
97415
97424
97426
97436
97439
97451
97457
97458
97483
97486
97490
97493
97494
97527
97534
97536
97554
97556
97562
97569
97570
97595
97596
97601
97607
97615
97630
97635
97636
97656
97658
97661
97689
97708
97709
97712
97712
97731
97748
97759
97780
97781
97783
97791
97812
97817
97830
97831
97847
97855
97861
97869
97870
97871
97872
97902
97906
97909
97911
97915
97930
97947
97950
97951
97953
97954
97956
97963
97973
97981
98001
98005
98024
98029
98032
98037
98040
98047
98051
98058
98060
98061
98074
98087
98089
98091
98111
98131
98132
98134
98140
98149
98155
98165
98169
98208
98213
98226
98226
98226
98242
98248
98255
98289
98291
98299
98315
98316
98329
98330
98356
98366
98366
98367
98379
98385
98400
98410
98420
98450
98455
98457
98470
98470
98472
98481
98494
98506
98511
98517
98527
98530
98539
98542
98547
98549
98553
98558
98561
98563
98569
98581
98590
98596
98598
98599
98614
98619
98633
98634
98659
98660
98678
98682
98696
98696
98701
98708
98733
98746
98758
98766
98768
98790
98797
98803
98813
98819
98829
98847
98850
98859
98859
98862
98873
98881
98909
98911
98911
98933
98938
98942
98943
98972
98973
98975
98991
98993
99009
99036
99048
99060
99070
99072
99077
99080
99080
99083
99086
99088
99095
99095
99097
99105
99106
99120
99120
99132
99140
99150
99166
99181
99205
