39
44
74
157
199
202
208
220
223
224
279
326
359
391
404
417
534
563
570
591
629
666
679
680
682
713
718
729
739
757
759
802
829
830
831
842
852
868
880
882
941
955
966
974
984
995
1011
1014
1070
1080
1093
1094
1098
1099
1112
1125
1125
1131
1136
1153
1161
1167
1193
1197
1203
1203
1237
1250
1254
1283
1284
1305
1319
1330
1331
1357
1358
1375
1393
1410
1416
1433
1445
1477
1497
1507
1512
1523
1537
1540
1567
1582
1598
1603
1610
1625
1626
1636
1650
1652
1663
1678
1687
1727
1733
1769
1771
1794
1806
1830
1835
1837
1877
1885
1891
1905
1907
1911
1936
1945
1958
1969
1976
1984
2005
2046
2063
2095
2095
2135
2161
2240
2246
2276
2278
2314
2328
2335
2346
2385
2391
2394
2397
2400
2413
2416
2439
2467
2470
2476
2523
2585
2653
2677
2678
2709
2732
2758
2758
2801
2821
2827
2854
2854
2869
2873
2902
2908
2934
2940
2945
2954
3010
3018
3022
3044
3052
3071
3076
3081
3091
3131
3144
3145
3147
3154
3170
3174
3176
3194
3198
3210
3246
3261
3276
3278
3306
3317
3329
3333
3366
3374
3389
3392
3413
3461
3492
3506
3529
3553
3580
3624
3638
3644
3649
3653
3659
3705
3710
3719
3727
3731
3733
3737
3746
3753
3766
3788
3818
3824
3832
3834
3856
3870
3890
3892
3893
3896
3898
3902
3903
3920
3923
3930
3936
3947
3955
4005
4009
4014
4028
4037
4045
4058
4096
4111
4115
4138
4147
4147
4230
4246
4266
4267
4284
4297
4321
4332
4347
4375
4375
4387
4392
4392
4393
4416
4422
4432
4438
4463
4471
4482
4512
4523
4523
4529
4530
4537
4538
4544
4553
4563
4565
4572
4583
4594
4611
4617
4639
4643
4654
4665
4669
4675
4691
4693
4706
4708
4711
4715
4718
4719
4728
4731
4769
4770
4829
4831
4856
4863
4865
4870
4877
4882
4883
4892
4899
4921
4991
5008
5063
5107
5113
5114
5116
5117
5134
5134
5177
5203
5219
5231
5269
5280
5293
5301
5329
5347
5356
5397
5413
5416
5425
5441
5465
5467
5483
5509
5510
5525
5526
5537
5562
5563
5564
5570
5586
5627
5642
5648
5670
5675
5713
5720
5741
5796
5800
5847
5850
5850
5867
5876
5881
5892
5893
5919
5934
5939
5960
5979
5991
6011
6019
6044
6081
6085
6099
6100
6137
6152
6161
6176
6177
6200
6214
6217
6218
6231
6240
6251
6261
6272
6276
6287
6287
6301
6307
6322
6330
6344
6351
6361
6370
6404
6426
6451
6460
6483
6485
6485
6485
6489
6498
6537
6538
6539
6541
6558
6560
6581
6614
6620
6673
6699
6715
6716
6735
6739
6751
6760
6769
6798
6806
6811
6819
6841
6858
6879
6906
6944
6958
6976
6983
7011
7038
7043
7056
7080
7114
7134
7142
7146
7149
7149
7155
7173
7194
7194
7221
7225
7281
7294
7306
7363
7387
7418
7420
7430
7506
7532
7533
7550
7555
7556
7562
7574
7582
7587
7595
7604
7615
7712
7717
7771
7785
7787
7798
7811
7834
7873
7883
7927
7933
7963
7979
7979
7994
8003
8016
8037
8077
8081
8090
8102
8105
8118
8129
8152
8153
8168
8182
8201
8221
8230
8281
8284
8291
8295
8299
8342
8349
8363
8374
8381
8381
8384
8399
8412
8445
8449
8456
8477
8488
8498
8530
8532
8535
8547
8557
8558
8561
8602
8614
8666
8673
8678
8696
8701
8708
8713
8725
8728
8729
8730
8734
8777
8787
8793
8799
8801
8828
8833
8834
8857
8865
8894
8900
8900
8903
8913
8966
9002
9003
9013
9014
9040
9062
9085
9121
9133
9145
9151
9163
9168
9197
9203
9211
9215
9264
9285
9312
9315
9356
9372
9382
9409
9410
9457
9464
9475
9493
9494
9510
9530
9538
9552
9568
9591
9611
9613
9734
9738
9754
9759
9760
9818
9851
9890
9994
10042
10057
10065
10070
10078
10080
10092
10119
10126
10143
10166
10186
10199
10205
10222
10267
10283
10313
10372
10402
10438
10443
10470
10484
10489
10491
10505
10595
10603
10619
10623
10640
10660
10683
10694
10709
10722
10734
10740
10774
10787
10812
10813
10815
10831
10835
10890
10905
10912
10950
11014
11014
11037
11049
11095
11119
11140
11144
11176
11177
11222
11235
11280
11280
11285
11298
11311
11315
11325
11326
11351
11356
11358
11367
11380
11382
11384
11385
11432
11451
11482
11483
11485
11499
11523
11533
11535
11547
11550
11555
11567
11571
11582
11605
11607
11613
11617
11622
11622
11644
11673
11702
11750
11761
11764
11765
11769
11780
11801
11811
11820
11838
11856
11857
11864
11876
11892
11942
11985
12023
12025
12036
12040
12066
12117
12123
12143
12146
12155
12201
12268
12278
12279
12281
12296
12308
12309
12327
12346
12380
12383
12384
12406
12409
12423
12440
12447
12462
12515
12522
12528
12550
12561
12565
12570
12577
12601
12682
12691
12696
12713
12715
12718
12725
12729
12738
12751
12768
12773
12830
12852
12884
12904
12979
13018
13027
13048
13051
13071
13088
13092
13096
13101
13174
13187
13222
13222
13227
13235
13256
13263
13263
13265
13274
13279
13279
13282
13287
13314
13337
13349
13359
13404
13404
13440
13478
13491
13529
13540
13553
13559
13573
13574
13619
13622
13640
13652
13657
13669
13679
13684
13716
13744
13767
13768
13782
13782
13811
13824
13826
13830
13844
13846
13851
13866
13878
13882
13902
13915
13919
13946
13972
13979
14002
14021
14041
14058
14100
14100
14129
14138
14170
14203
14207
14233
14236
14245
14251
14255
14256
14262
14273
14308
14328
14335
14352
14361
14378
14382
14394
14402
14431
14466
14491
14504
14505
14516
14517
14518
14559
14577
14584
14593
14596
14605
14623
14634
14647
14713
14720
14727
14765
14768
14807
14811
14826
14831
14845
14864
14874
14885
14887
14899
14900
14907
14908
14937
14971
14991
14991
15035
15102
15104
15139
15176
15191
15197
15203
15230
15233
15240
15257
15263
15272
15340
15345
15451
15482
15483
15484
15505
15511
15532
15539
15540
15542
15558
15608
15626
15641
15661
15671
15672
15681
15690
15699
15702
15724
15742
15744
15776
15788
15870
15918
15929
15938
15939
15960
15983
15984
15989
16005
16007
16019
16031
16040
16044
16070
16072
16077
16088
16098
16102
16113
16145
16162
16164
16189
16190
16193
16217
16223
16246
16254
16295
16307
16360
16385
16397
16415
16424
16427
16429
16440
16459
16466
16481
16499
16523
16547
16556
16561
16598
16607
16637
16655
16673
16686
16714
16716
16762
16800
16809
16872
16946
16956
16959
16969
16983
17073
17087
17122
17140
17140
17145
17192
17216
17222
17233
17260
17276
17291
17297
17329
17329
17335
17348
17383
17402
17413
17449
17467
17468
17481
17481
17492
17506
17524
17538
17560
17563
17576
17579
17599
17626
17635
17652
17655
17686
17700
17701
17717
17752
17760
17786
17791
17851
17864
17867
17885
17899
17933
17943
17944
17949
17956
17958
18025
18061
18084
18096
18097
18097
18098
18119
18120
18133
18135
18148
18148
18184
18200
18216
18228
18228
18296
18303
18373
18420
18459
18461
18466
18467
18486
18509
18510
18515
18518
18520
18524
18542
18550
18558
18573
18577
18596
18599
18611
18614
18620
18630
18649
18652
18667
18687
18699
18740
18750
18760
18787
18793
18802
18823
18875
18882
18917
18921
18949
18963
18971
18976
18983
18994
19005
19020
19023
19024
19026
19034
19071
19071
19078
19078
19161
19175
19234
19240
19241
19265
19266
19271
19302
19340
19342
19354
19376
19385
19387
19415
19456
19463
19480
19483
19484
19493
19508
19516
19554
19561
19565
19580
19622
19636
19663
19683
19689
19714
19741
19750
19830
19866
19869
19923
19928
19958
19961
19969
19998
20010
20014
20034
20046
20046
20048
20090
20135
20151
20168
20187
20197
20206
20230
20231
20253
20261
20273
20284
20289
20295
20296
20310
20318
20334
20340
20378
20419
20426
20447
20452
20453
20465
20468
20475
20505
20505
20620
20620
20620
20622
20639
20646
20654
20675
20682
20693
20703
20706
20719
20728
20776
20825
20828
20832
20842
20861
20909
20961
20967
21000
21011
21016
21036
21040
21047
21058
21076
21085
21094
21108
21115
21118
21127
21164
21198
21213
21224
21317
21335
21351
21358
21380
21420
21447
21466
21467
21480
21484
21502
21526
21560
21568
21570
21576
21579
21607
21621
21624
21662
21668
21772
21775
21858
21901
21922
22028
22048
22060
22083
22203
22205
22227
22229
22309
22321
22332
22430
22484
22486
22486
22509
22571
22587
22625
22654
22663
22666
22667
22675
22719
22743
22745
22750
22785
22797
22822
22827
22869
22872
22877
22892
22914
22919
22940
22951
22964
22984
22985
23019
23040
23046
23076
23095
23118
23139
23191
23201
23208
23209
23212
23235
23244
23271
23305
23306
23321
23337
23353
23391
23396
23397
23419
23441
23478
23484
23506
23529
23540
23559
23565
23567
23570
23573
23593
23596
23623
23633
23648
23649
23672
23679
23690
23690
23692
23701
23703
23705
23715
23815
23830
23857
23858
23870
23879
23888
23890
23922
23962
23969
23971
23980
23988
24013
24040
24050
24066
24077
24102
24126
24167
24168
24174
24194
24198
24213
24230
24268
24281
24283
24324
24330
24343
24345
24363
24366
24394
24422
24448
24457
24463
24518
24588
24596
24598
24608
24620
24629
24641
24651
24654
24657
24664
24671
24690
24692
24716
24745
24765
24777
24781
24798
24820
24831
24832
24844
24868
24905
24912
24931
24931
24942
24956
24960
24964
24972
24976
25052
25056
25072
25073
25113
25116
25126
25137
25148
25152
25162
25164
25168
25175
25183
25193
25203
25213
25227
25248
25255
25266
25291
25303
25305
25317
25333
25344
25367
25409
25425
25448
25455
25465
25483
25489
25489
25501
25507
25530
25532
25546
25548
25564
25565
25572
25607
25620
25621
25648
25655
25657
25667
25671
25681
25686
25711
25724
25739
25744
25746
25755
25763
25784
25799
25800
25806
25809
25813
25844
25856
25875
25877
25882
25938
25941
25970
26006
26086
26088
26112
26129
26176
26182
26194
26205
26212
26223
26271
26294
26299
26310
26353
26355
26363
26377
26386
26391
26394
26406
26413
26423
26431
26458
26458
26501
26507
26539
26544
26580
26593
26605
26610
26611
26619
26640
26647
26663
26691
26702
26736
26769
26788
26791
26822
26869
26876
26880
26896
26930
26939
26974
26999
27017
27022
27030
27041
27053
27053
27062
27085
27115
27129
27163
27167
27178
27183
27199
27232
27245
27273
27283
27286
27293
27325
27338
27358
27385
27434
27444
27452
27466
27469
27481
27491
27491
27511
27519
27572
27589
27601
27605
27627
27637
27640
27642
27689
27701
27710
27734
27736
27751
27787
27822
27831
27847
27854
27860
27862
27899
27900
27913
27926
27969
27986
27999
28001
28006
28010
28026
28038
28048
28080
28087
28119
28141
28157
28165
28189
28214
28223
28224
28229
28230
28305
28315
28328
28332
28338
28344
28346
28372
28377
28380
28395
28403
28404
28430
28431
28434
28448
28462
28474
28541
28571
28572
28578
28590
28601
28610
28627
28644
28646
28649
28676
28682
28697
28698
28711
28712
28717
28801
28845
28849
28866
28873
28874
28880
28912
28913
28935
28983
28997
29015
29019
29106
29141
29166
29189
29201
29205
29300
29316
29322
29325
29326
29330
29352
29371
29385
29421
29425
29427
29433
29440
29452
29471
29482
29495
29521
29524
29533
29574
29583
29586
29588
29615
29628
29635
29642
29659
29673
29695
29697
29699
29729
29793
29801
29807
29822
29874
29894
29914
29921
29948
29970
29973
30004
30008
30014
30019
30022
30029
30029
30054
30055
30093
30134
30142
30150
30190
30215
30217
30221
30223
30227
30261
30278
30286
30312
30314
30330
30347
30358
30364
30378
30391
30401
30439
30455
30471
30474
30480
30510
30539
30565
30566
30569
30581
30614
30619
30624
30626
30627
30640
30648
30680
30702
30713
30713
30725
30729
30751
30764
30765
30793
30817
30821
30821
30828
30829
30836
30840
30880
30891
30916
30928
30933
30958
30964
30968
30975
30983
30991
30997
30998
31004
31034
31037
31054
31054
31084
31095
31101
31116
31117
31136
31190
31196
31205
31250
31259
31282
31339
31357
31364
31365
31367
31379
31387
31445
31455
31461
31470
31476
31515
31518
31528
31555
31560
31597
31603
31605
31606
31639
31713
31715
31720
31722
31760
31766
31810
31815
31819
31825
31831
31832
31842
31842
31872
31882
31895
31918
31924
31939
31950
31951
31956
31971
31981
32007
32014
32020
32023
32064
32098
32101
32107
32116
32162
32186
32195
32235
32236
32253
32257
32257
32275
32286
32288
32288
32315
32343
32374
32394
32406
32414
32472
32490
32518
32529
32552
32565
32577
32580
32586
32596
32599
32610
32614
32618
32634
32652
32673
32693
32708
32714
32732
32790
32792
32792
32804
32813
32815
32822
32825
32826
32852
32865
32873
32879
32879
32899
32924
32939
32941
32972
33008
33025
33039
33041
33054
33081
33081
33090
33123
33136
33143
33181
33210
33230
33232
33254
33277
33302
33309
33311
33327
33349
33355
33363
33372
33374
33391
33411
33411
33415
33418
33429
33435
33447
33461
33470
33471
33478
33483
33500
33509
33515
33522
33525
33531
33544
33549
33558
33561
33563
33563
33569
33588
33608
33612
33673
33689
33701
33713
33721
33729
33736
33748
33754
33778
33821
33829
33841
33849
33871
33891
33902
33908
33928
33933
33944
33949
33965
33967
33980
34008
34053
34062
34077
34078
34089
34096
34102
34106
34117
34183
34194
34229
34229
34282
34284
34302
34351
34361
34368
34370
34393
34450
34468
34488
34493
34497
34499
34552
34555
34561
34591
34599
34611
34616
34620
34640
34654
34670
34681
34687
34709
34716
34732
34737
34768
34774
34774
34798
34823
34841
34856
34867
34885
34895
34901
34910
34914
34915
34917
34935
34948
34955
34961
34968
35009
35023
35033
35038
35048
35064
35067
35074
35094
35119
35133
35135
35158
35166
35212
35214
35232
35240
35241
35293
35316
35325
35343
35376
35388
35391
35427
35436
35462
35464
35466
35531
35550
35577
35580
35585
35610
35610
35629
35638
35658
35673
35679
35682
35687
35695
35704
35708
35711
35714
35731
35753
35754
35758
35780
35789
35797
35805
35821
35823
35858
35868
35872
35892
35919
35948
35961
35977
35983
35984
36012
36014
36022
36052
36063
36067
36073
36073
36104
36131
36134
36139
36142
36153
36164
36179
36188
36227
36230
36239
36241
36246
36252
36254
36289
36291
36293
36342
36349
36379
36383
36389
36420
36427
36441
36444
36457
36471
36514
36517
36519
36531
36559
36575
36575
36612
36638
36641
36659
36707
36723
36752
36757
36765
36813
36816
36820
36828
36844
36845
36856
36866
36879
36890
36899
36909
36909
36920
36925
36939
36959
36971
36975
36979
36991
37004
37020
37050
37053
37054
37067
37105
37132
37157
37158
37182
37189
37190
37190
37265
37277
37280
37294
37296
37346
37352
37354
37361
37373
37390
37407
37413
37417
37417
37437
37437
37442
37443
37471
37508
37511
37516
37517
37593
37596
37622
37636
37661
37669
37688
37693
37726
37745
37772
37773
37783
37785
37785
37807
37816
37872
37875
37885
37885
37903
37912
37925
37940
37967
37970
37977
37984
37987
37989
37997
38009
38024
38034
38038
38048
38072
38119
38156
38188
38193
38199
38206
38221
38226
38246
38262
38266
38269
38276
38298
38313
38314
38327
38335
38356
38362
38406
38418
38429
38438
38439
38456
38491
38492
38542
38544
38556
38564
38566
38566
38577
38618
38625
38630
38634
38661
38670
38672
38729
38739
38759
38762
38766
38769
38784
38802
38807
38821
38871
38880
38887
38892
38892
38898
38901
38908
38924
38928
38932
38940
38964
38964
38974
39014
39014
39059
39061
39075
39078
39119
39134
39143
39145
39162
39164
39168
39173
39185
39194
39218
39231
39245
39258
39259
39264
39271
39271
39303
39311
39320
39326
39334
39349
39355
39362
39365
39391
39422
39428
39431
39435
39440
39440
39458
39459
39460
39466
39500
39545
39554
39560
39561
39578
39578
39585
39592
39598
39605
39620
39621
39640
39658
39659
39671
39695
39698
39712
39766
39790
39792
39823
39829
39853
39857
39864
39889
39890
39893
39894
39903
39932
39951
39954
39967
39978
39986
39988
40003
40016
40029
40032
40033
40034
40078
40103
40111
40125
40139
40139
40139
40143
40151
40188
40195
40201
40217
40217
40229
40231
40234
40237
40268
40276
40300
40316
40342
40352
40360
40365
40393
40398
40400
40430
40464
40466
40478
40481
40482
40492
40494
40494
40495
40508
40560
40567
40567
40590
40622
40669
40697
40722
40723
40728
40729
40729
40777
40804
40833
40841
40869
40878
40879
40911
40921
40943
40953
41051
41064
41076
41082
41089
41091
41124
41125
41139
41145
41148
41167
41186
41200
41210
41212
41217
41232
41243
41271
41280
41287
41318
41350
41363
41367
41375
41377
41389
41410
41411
41428
41430
41436
41438
41440
41448
41453
41458
41490
41502
41550
41580
41589
41596
41619
41641
41651
41704
41705
41721
41740
41746
41796
41807
41815
41838
41841
41844
41856
41884
41886
41903
41906
41954
41967
41970
41974
41986
41988
41989
42028
42030
42031
42058
42069
42070
42076
42078
42088
42089
42092
42114
42133
42186
42206
42213
42213
42217
42218
42220
42221
42226
42249
42258
42260
42270
42295
42302
42303
42324
42354
42358
42359
42419
42424
42439
42441
42447
42451
42455
42478
42493
42497
42499
42500
42502
42503
42510
42510
42524
42533
42536
42573
42574
42577
42584
42596
42602
42616
42635
42636
42638
42646
42652
42665
42673
42683
42686
42688
42705
42735
42761
42771
42779
42790
42822
42823
42823
42832
42847
42853
42900
42908
42915
42946
42951
42962
42977
42985
43119
43122
43163
43167
43183
43183
43188
43207
43243
43251
43252
43258
43261
43268
43280
43302
43307
43317
43335
43343
43346
43352
43356
43363
43375
43387
43424
43427
43435
43439
43440
43445
43461
43465
43465
43477
43492
43504
43510
43524
43550
43580
43582
43602
43617
43623
43632
43649
43655
43668
43673
43675
43690
43693
43698
43707
43708
43733
43747
43769
43784
43785
43796
43808
43833
43835
43845
43846
43851
43854
43859
43867
43902
43917
43946
43951
43959
43961
43964
43979
43980
43984
44020
44041
44051
44080
44092
44098
44125
44136
44154
44159
44175
44186
44211
44218
44222
44235
44240
44249
44263
44274
44281
44294
44294
44304
44333
44348
44355
44355
44361
44383
44386
44401
44411
44445
44488
44497
44520
44527
44536
44544
44582
44586
44595
44611
44616
44630
44655
44678
44731
44746
44755
44756
44771
44780
44791
44792
44793
44805
44809
44826
44830
44840
44844
44863
44871
44873
44884
44895
44962
44982
44983
45014
45051
45110
45134
45152
45159
45210
45212
45218
45240
45302
45330
45350
45350
45367
45373
45376
45382
45393
45397
45405
45408
45416
45420
45420
45436
45469
45473
45504
45541
45546
45563
45571
45578
45597
45620
45622
45647
45689
45690
45709
45715
45727
45730
45733
45740
45761
45771
45777
45782
45789
45809
45832
45846
45867
45882
45893
45896
45918
45962
45965
45991
46009
46009
46011
46026
46031
46072
46075
46079
46092
46099
46107
46114
46131
46140
46146
46185
46188
46198
46207
46219
46238
46249
46264
46276
46318
46364
46385
46407
46415
46431
46479
46481
46509
46563
46588
46628
46666
46680
46716
46732
46779
46799
46841
46862
46879
46894
46917
46924
46925
46939
46981
47010
47035
47037
47065
47066
47085
47122
47159
47169
47188
47197
47228
47234
47310
47315
47339
47355
47360
47368
47414
47425
47437
47454
47455
47477
47550
47560
47561
47573
47602
47608
47630
47679
47689
47703
47705
47707
47724
47725
47732
47735
47742
47754
47761
47764
47774
47789
47803
47807
47817
47838
47863
47863
47866
47871
47878
47888
47896
47907
47922
47981
47982
47998
48045
48119
48129
48192
48195
48203
48222
48229
48297
48303
48355
48361
48374
48383
48414
48434
48449
48471
48484
48495
48502
48507
48515
48530
48540
48541
48549
48581
48631
48672
48700
48732
48761
48800
48826
48847
48850
48861
48879
48884
48950
48960
48988
49077
49083
49089
49101
49115
49128
49134
49156
49188
49194
49202
49226
49234
49253
49275
49278
49303
49303
49306
49308
49317
49384
49413
49425
49428
49431
49436
49438
49453
49453
49474
49535
49539
49549
49607
49626
49634
49638
49643
49644
49651
49681
49705
49758
49792
49794
49797
49829
49880
49917
49924
49962
49964
49990
50042
50071
50084
50150
50176
50190
50231
50231
50245
50288
50310
50315
50319
50327
50339
50351
50364
50371
50384
50424
50425
50468
50484
50494
50519
50523
50567
50572
50584
50651
50652
50659
50669
50721
50739
50811
50813
50814
50826
50835
50836
50840
50854
50864
50870
50872
50875
50884
50905
50977
50991
50992
51036
51040
51076
51082
51123
51156
51164
51197
51219
51220
51233
51238
51240
51250
51261
51278
51280
51300
51345
51350
51359
51393
51401
51448
51482
51491
51502
51504
51535
51536
51557
51559
51578
51629
51629
51637
51646
51670
51719
51740
51749
51764
51788
51796
51810
51822
51841
51862
51903
51952
51962
51987
51990
52004
52019
52023
52054
52058
52072
52101
52107
52144
52164
52167
52175
52178
52182
52208
52231
52243
52252
52262
52291
52393
52422
52449
52456
52475
52492
52506
52537
52573
52591
52601
52622
52636
52643
52664
52672
52677
52691
52753
52755
52756
52769
52810
52811
52832
52857
52862
52879
52893
52899
52906
52921
52928
52933
52979
53000
53004
53015
53017
53029
53047
53052
53059
53070
53105
53107
53112
53114
53160
53181
53224
53259
53262
53264
53312
53332
53335
53352
53395
53427
53475
53476
53487
53492
53570
53625
53654
53693
53708
53710
53722
53743
53771
53808
53860
53887
53903
53906
54007
54018
54023
54026
54038
54080
54094
54095
54117
54121
54124
54129
54141
54168
54241
54307
54318
54334
54362
54366
54423
54443
54451
54472
54474
54512
54543
54587
54609
54612
54614
54623
54707
54712
54724
54726
54732
54735
54744
54781
54838
54874
54875
54879
54888
54898
54928
54954
54970
54993
54995
55005
55008
55015
55070
55096
55103
55104
55133
55158
55198
55228
55247
55275
55296
55305
55320
55331
55352
55359
55360
55384
55391
55421
55491
55498
55501
55524
55549
55563
55609
55613
55619
55644
55723
55727
55734
55760
55854
55865
55879
55881
55911
55956
55966
55989
56006
56016
56027
56056
56079
56096
56099
56117
56143
56161
56162
56199
56214
56246
56330
56350
56352
56374
56440
56444
56455
56477
56488
56489
56494
56525
56588
56601
56632
56652
56668
56668
56672
56731
56776
56793
56814
56874
56879
56902
56910
56916
56969
56976
56991
56997
57004
57012
57016
57016
57027
57043
57056
57061
57078
57081
57118
57152
57176
57181
57218
57237
57239
57239
57254
57261
57266
57275
57294
57304
57308
57327
57343
57358
57374
57392
57421
57425
57434
57437
57477
57484
57517
57527
57538
57543
57564
57575
57588
57602
57651
57652
57656
57673
57696
57704
57712
57752
57762
57782
57792
57793
57798
57821
57824
57837
57872
57880
57887
57902
57913
57943
57967
57968
57987
57995
58015
58027
58028
58043
58077
58099
58122
58132
58153
58163
58184
58190
58208
58211
58223
58230
58255
58338
58355
58406
58415
58426
58440
58546
58550
58576
58592
58603
58651
58657
58682
58698
58719
58734
58761
58790
58826
58836
58844
58858
58941
58942
58949
58950
58958
58961
58970
58973
58976
58990
59014
59017
59019
59035
59045
59071
59081
59097
59120
59124
59190
59192
59197
59199
59201
59206
59224
59240
59240
59272
59278
59319
59441
59444
59450
59466
59491
59506
59544
59545
59563
59575
59596
59617
59625
59629
59630
59640
59645
59649
59679
59685
59697
59698
59716
59720
59722
59743
59766
59766
59778
59821
59831
59852
59869
59889
59892
59903
59913
59937
59939
59940
59961
59963
59966
59972
59987
60027
60028
60039
60057
60074
60097
60114
60158
60193
60222
60250
60256
60277
60284
60296
60321
60407
60462
60474
60511
60540
60541
60543
60551
60645
60658
60668
60688
60703
60705
60718
60741
60763
60790
60801
60803
60810
60815
60820
60829
60833
60856
60867
60872
60885
60902
60906
60926
60963
60980
60982
60984
60991
60998
61041
61059
61059
61073
61083
61091
61097
61114
61162
61169
61172
61176
61182
61204
61213
61225
61229
61231
61242
61248
61254
61267
61269
61270
61275
61290
61372
61378
61387
61412
61415
61439
61454
61470
61484
61494
61556
61575
61586
61623
61635
61637
61665
61673
61678
61681
61682
61683
61687
61690
61701
61714
61734
61736
61757
61760
61785
61792
61798
61815
61826
61841
61856
61864
61876
61882
61902
61913
61944
61960
61968
61982
62025
62026
62031
62065
62087
62091
62092
62119
62123
62159
62172
62186
62206
62226
62264
62264
62283
62295
62304
62331
62367
62387
62390
62457
62478
62512
62519
62525
62538
62563
62579
62622
62675
62680
62686
62698
62707
62716
62720
62734
62775
62786
62792
62798
62824
62833
62849
62871
62945
62949
62956
62957
63046
63046
63064
63075
63084
63087
63115
63163
63184
63195
63197
63255
63273
63304
63323
63341
63355
63364
63393
63417
63469
63477
63477
63481
63529
63541
63576
63598
63614
63619
63622
63629
63653
63662
63695
63701
63705
63713
63736
63746
63769
63780
63797
63804
63810
63831
63832
63857
63861
63873
63877
63909
63911
63914
63927
63937
63944
63953
63990
64016
64045
64055
64108
64125
64153
64158
64198
64207
64248
64278
64282
64292
64310
64314
64319
64324
64374
64398
64405
64414
64439
64452
64465
64500
64504
64535
64542
64549
64561
64584
64619
64651
64659
64675
64691
64746
64779
64797
64807
64810
64832
64848
64853
64856
64925
64931
64952
64959
64959
64986
65002
65068
65073
65080
65090
65106
65114
65126
65174
65181
65209
65242
65251
65260
65261
65272
65291
65312
65335
65354
65356
65426
65474
65485
65496
65528
65554
65587
65626
65634
65639
65650
65650
65683
65761
65763
65780
65794
65801
65806
65806
65806
65816
65845
65854
65877
65878
65925
65940
65961
65981
65983
65993
65998
66000
66009
66021
66024
66034
66042
66050
66053
66057
66059
66069
66080
66080
66099
66144
66213
66216
66222
66237
66240
66241
66247
66268
66271
66291
66303
66311
66322
66324
66371
66374
66375
66390
66397
66408
66424
66433
66450
66487
66531
66534
66566
66573
66576
66601
66641
66649
66656
66659
66693
66735
66752
66753
66766
66782
66795
66797
66800
66805
66830
66842
66844
66848
66858
66862
66867
66877
66879
66879
66896
66908
66912
66919
66927
66957
66971
66988
67013
67030
67049
67053
67066
67090
67094
67099
67101
67156
67161
67234
67337
67342
67342
67343
67383
67390
67417
67451
67469
67516
67516
67535
67551
67570
67571
67594
67611
67612
67637
67652
67689
67694
67747
67766
67771
67781
67822
67842
67882
67895
67897
67963
67971
68003
68005
68018
68020
68028
68054
68062
68099
68099
68124
68192
68203
68229
68241
68247
68257
68260
68266
68267
68279
68291
68325
68330
68368
68370
68382
68393
68395
68399
68403
68404
68411
68420
68428
68451
68512
68528
68529
68531
68549
68554
68618
68629
68690
68694
68702
68727
68740
68758
68789
68820
68844
68854
68870
68882
68896
68908
68911
68951
68987
69001
69003
69027
69028
69048
69056
69097
69097
69111
69113
69122
69131
69168
69183
69194
69213
69219
69226
69239
69242
69271
69276
69295
69299
69332
69352
69371
69380
69428
69502
69503
69508
69511
69512
69569
69590
69597
69649
69654
69673
69701
69704
69721
69737
69739
69780
69784
69786
69793
69799
69851
69852
69855
69864
69884
69886
69902
69942
69982
70003
70045
70049
70073
70079
70088
70106
70133
70172
70198
70211
70227
70255
70272
70276
70326
70330
70375
70385
70409
70455
70480
70524
70529
70531
70615
70630
70640
70670
70674
70683
70691
70697
70698
70701
70735
70743
70752
70761
70763
70770
70782
70803
70807
70822
70830
70836
70852
70887
70911
70918
70921
70992
71005
71008
71070
71078
71087
71095
71101
71107
71143
71158
71159
71215
71240
71285
71334
71362
71399
71420
71420
71425
71433
71433
71494
71516
71521
71548
71570
71593
71608
71625
71654
71671
71685
71716
71730
71752
71769
71782
71783
71791
71797
71893
71912
71913
71915
71929
71958
71961
71985
71991
72015
72049
72085
72091
72125
72129
72185
72201
72220
72220
72248
72254
72256
72257
72270
72291
72309
72324
72351
72351
72397
72400
72410
72414
72420
72426
72431
72446
72457
72476
72477
72502
72514
72518
72545
72581
72582
72617
72620
72621
72633
72660
72660
72660
72681
72687
72699
72705
72715
72732
72733
72764
72791
72827
72849
72894
72928
72963
72994
72996
73059
73083
73084
73093
73114
73117
73234
73239
73251
73307
73307
73318
73328
73343
73363
73364
73375
73381
73395
73410
73417
73428
73430
73446
73452
73514
73517
73518
73549
73558
73562
73565
73567
73660
73712
73723
73730
73733
73744
73746
73800
73805
73826
73828
73842
73843
73844
73898
73904
73920
73947
73951
74052
74077
74083
74112
74116
74121
74125
74147
74148
74221
74282
74286
74321
74326
74334
74375
74384
74393
74430
74437
74468
74469
74492
74503
74543
74620
74630
74649
74664
74682
74700
74725
74737
74763
74792
74818
74824
74830
74840
74847
74869
74874
74905
74929
74933
74937
74992
74993
74993
75005
75010
75017
75026
75039
75059
75068
75078
75111
75134
75136
75154
75159
75166
75174
75176
75187
75193
75200
75205
75249
75256
75280
75285
75340
75352
75361
75380
75387
75446
75461
75463
75478
75519
75533
75582
75610
75611
75616
75630
75650
75683
75698
75708
75741
75749
75772
75778
75802
75810
75813
75834
75849
75855
75896
75899
75979
76010
76015
76061
76064
76095
76149
76242
76266
76268
76269
76273
76294
76336
76344
76356
76455
76506
76517
76529
76560
76585
76616
76629
76667
76688
76693
76745
76746
76758
76759
76776
76784
76805
76822
76823
76879
76879
76887
76894
76913
76923
76925
76925
76927
76933
76934
76943
77029
77056
77065
77066
77069
77076
77088
77104
77109
77123
77136
77151
77155
77194
77211
77218
77253
77261
77264
77276
77287
77295
77311
77314
77351
77375
77386
77408
77415
77422
77433
77446
77458
77458
77462
77471
77491
77494
77543
77556
77564
77570
77576
77617
77652
77658
77660
77662
77668
77683
77684
77698
77730
77790
77803
77806
77831
77890
77894
77899
77907
77928
77929
77933
77934
77937
77988
77991
78011
78018
78035
78056
78073
78084
78088
78099
78160
78169
78192
78201
78206
78236
78247
78278
78278
78282
78317
78350
78361
78363
78377
78392
78409
78409
78410
78434
78449
78455
78468
78501
78534
78539
78541
78541
78572
78592
78602
78656
78683
78695
78700
78717
78729
78732
78743
78764
78792
78805
78817
78828
78840
78857
78880
78887
78889
78892
78923
78929
78958
78966
78973
78984
79013
79014
79048
79081
79088
79098
79117
79141
79144
79154
79162
79176
79196
79222
79241
79251
79285
79325
79370
79380
79392
79394
79411
79440
79444
79490
79495
79497
79507
79528
79543
79596
79623
79673
79701
79703
79738
79748
79764
79773
79814
79828
79834
79856
79874
79884
79926
79963
79976
80020
80020
80066
80091
80105
80132
80135
80163
80195
80204
80219
80246
80251
80276
80288
80312
80404
80420
80420
80438
80447
80465
80470
80473
80483
80533
80534
80536
80560
80628
80631
80637
80651
80671
80683
80718
80735
80757
80762
80769
80777
80786
80800
80801
80807
80831
80872
80897
80928
80934
81030
81036
81037
81061
81092
81102
81126
81133
81158
81178
81205
81232
81240
81248
81276
81286
81292
81330
81333
81336
81342
81345
81347
81375
81382
81387
81388
81390
81406
81422
81427
81432
81447
81447
81522
81527
81533
81534
81535
81545
81553
81583
81590
81610
81622
81622
81623
81628
81629
81633
81649
81652
81670
81683
81691
81700
81703
81819
81835
81848
81904
81906
81932
81955
82001
82019
82021
82021
82026
82048
82055
82055
82056
82068
82070
82184
82206
82210
82213
82253
82273
82282
82317
82328
82340
82350
82366
82372
82375
82378
82383
82396
82442
82450
82468
82470
82486
82501
82510
82521
82583
82617
82625
82629
82635
82635
82635
82644
82656
82660
82669
82683
82700
82712
82725
82760
82765
82807
82830
82837
82852
82883
82888
82897
82908
82911
82919
82932
82937
82950
82953
82963
82979
82988
83020
83026
83053
83121
83143
83161
83162
83176
83179
83186
83192
83212
83220
83244
83268
83294
83314
83330
83360
83380
83384
83387
83388
83394
83430
83435
83446
83484
83487
83491
83506
83509
83540
83541
83552
83564
83564
83576
83594
83604
83636
83655
83661
83662
83671
83672
83681
83689
83689
83706
83764
83786
83811
83832
83843
83844
83846
83849
83867
83868
83884
83885
83937
83942
83982
83993
84005
84060
84153
84189
84216
84223
84238
84264
84286
84289
84291
84342
84343
84365
84379
84409
84438
84493
84511
84560
84567
84585
84590
84623
84633
84633
84655
84665
84668
84677
84701
84757
84766
84772
84792
84827
84851
84853
84884
84914
84919
84960
84990
85114
85114
85136
85149
85213
85218
85226
85228
85230
85255
85268
85268
85277
85322
85331
85345
85375
85382
85387
85448
85450
85517
85520
85528
85541
85542
85547
85595
85599
85656
85697
85731
85755
85762
85763
85766
85786
85801
85816
85851
85870
85872
85902
85914
85919
85931
85945
85972
85993
86040
86045
86066
86089
86105
86106
86137
86147
86148
86152
86157
86178
86187
86193
86212
86230
86234
86243
86259
86359
86395
86400
86404
86413
86485
86489
86491
86499
86520
86523
86528
86537
86546
86548
86552
86606
86631
86645
86650
86660
86662
86687
86690
86700
86723
86731
86764
86793
86807
86815
86817
86857
86873
86893
86919
86936
86967
86980
87040
87055
87065
87111
87143
87216
87232
87243
87244
87286
87289
87309
87310
87329
87375
87378
87379
87391
87392
87435
87442
87447
87479
87493
87498
87504
87551
87553
87586
87593
87619
87650
87660
87673
87696
87707
87765
87777
87777
87826
87833
87850
87879
87883
87920
87926
87934
87937
87945
87978
87997
88012
88026
88033
88040
88064
88109
88160
88193
88195
88204
88224
88278
88289
88342
88351
88368
88381
88387
88408
88470
88494
88500
88500
88505
88513
88532
88547
88557
88559
88571
88589
88641
88643
88647
88658
88686
88688
88724
88724
88731
88748
88770
88788
88802
88814
88822
88841
88897
88918
88937
88948
88975
88996
89061
89087
89093
89118
89172
89176
89211
89217
89226
89265
89269
89281
89290
89296
89296
89313
89313
89327
89339
89346
89385
89397
89408
89424
89431
89453
89462
89465
89468
89480
89509
89548
89559
89607
89621
89622
89632
89640
89650
89667
89694
89738
89768
89768
89769
89789
89794
89815
89821
89844
89846
89874
89886
89900
89962
89970
89983
89985
90034
90077
90078
90078
90148
90151
90167
90171
90172
90175
90184
90190
90239
90259
90305
90309
90311
90334
90334
90340
90354
90357
90367
90373
90389
90403
90419
90430
90448
90455
90460
90496
90517
90542
90554
90557
90586
90593
90669
90687
90768
90781
90825
90863
90871
90879
90881
90905
90922
90933
90942
90990
91070
91101
91105
91108
91118
91156
91172
91198
91223
91227
91299
91302
91313
91316
91411
91426
91444
91455
91473
91584
91629
91656
91666
91668
91683
91767
91775
91789
91806
91839
91909
91918
91933
91957
91970
92000
92002
92005
92022
92059
92073
92092
92187
92199
92201
92202
92338
92344
92355
92358
92376
92395
92418
92423
92433
92436
92448
92466
92476
92503
92503
92562
92568
92568
92583
92583
92593
92599
92603
92610
92641
92642
92656
92662
92675
92759
92760
92761
92786
92825
92842
92878
92886
92891
92915
92926
92961
92975
93008
93028
93029
93072
93079
93096
93108
93110
93118
93129
93130
93134
93150
93152
93153
93182
93216
93240
93263
93296
93303
93382
93393
93393
93408
93409
93426
93452
93452
93454
93473
93476
93476
93514
93535
93547
93567
93574
93576
93582
93590
93612
93637
93657
93675
93682
93682
93701
93715
93724
93729
93740
93754
93783
93791
93827
93829
93883
93891
93896
93944
93946
93954
93985
93996
93998
94003
94033
94036
94042
94045
94060
94065
94078
94130
94162
94162
94169
94175
94242
94255
94275
94281
94325
94345
94346
94347
94388
94392
94397
94424
94442
94463
94514
94516
94556
94568
94569
94570
94581
94595
94610
94649
94669
94689
94696
94718
94733
94734
94739
94795
94858
94862
94900
94920
94932
94934
94953
95029
95035
95082
95107
95138
95146
95176
95240
95267
95274
95279
95289
95292
95295
95302
95315
95368
95371
95391
95396
95407
95433
95434
95448
95511
95517
95525
95544
95549
95573
95610
95628
95629
95632
95659
95667
95690
95728
95771
95781
95799
95836
95848
95851
95865
95943
95966
95974
96014
96065
96067
96083
96087
96088
96097
96118
96122
96128
96159
96183
96223
96246
96253
96254
96274
96286
96292
96321
96332
96348
96375
96382
96389
96391
96403
96430
96440
96441
96448
96464
96486
96576
96581
96591
96633
96638
96669
96704
96708
96766
96781
96818
96820
96842
96848
96870
96887
96902
96911
96925
96932
96994
97002
97028
97030
97087
97127
97130
97147
97183
97196
97205
97207
97209
97226
97269
97277
97303
97367
97373
97377
97384
97398
97398
97410
97415
97505
97514
97515
97521
97527
97540
97542
97547
97548
97553
97593
97601
97621
97644
97687
97755
97758
97760
97765
97803
97804
97817
97873
97891
97905
97916
97924
97972
98021
98046
98053
98055
98056
98063
98085
98120
98187
98194
98206
98216
98227
98301
98316
98319
98340
