0
24
41
60
67
70
70
74
85
85
88
115
117
130
140
147
176
181
191
229
237
246
256
313
339
349
354
420
435
447
447
453
456
485
506
529
548
550
633
648
652
668
671
679
707
709
713
721
757
772
781
783
785
810
828
839
848
851
852
869
890
893
905
909
928
962
1020
1093
1097
1112
1180
1252
1254
1342
1408
1474
1556
1570
1577
1585
1757
1855
1883
1886
1889
1890
1890
1895
1899
1970
2005
2008
2025
2028
2032
2041
2045
2052
2062
2070
2074
2083
2091
2110
2115
2136
2139
2143
2180
2182
2186
2196
2205
2215
2222
2224
2238
2241
2251
2255
2264
2266
2277
2279
2290
2291
2325
2353
2358
2362
2362
2368
2375
2378
2440
2474
2478
2493
2495
2500
2533
2535
2556
2563
2571
2571
2578
2589
2597
2611
2627
2637
2645
2652
2653
2669
2670
2684
2701
2708
2720
2732
2762
2773
2785
2789
2798
2819
2823
2827
2829
2871
2883
2884
2888
3003
3041
3080
3084
3118
3235
3239
3285
3310
3322
3373
3401
3405
3406
3447
3454
3489
3502
3523
3526
3559
3560
3576
3653
3678
3694
3716
3721
3742
3758
3762
3765
3787
3788
3827
3842
3893
3911
3922
3935
3966
3978
3994
3994
3995
4017
4020
4044
4063
4082
4110
4132
4153
4200
4202
4209
4212
4212
4228
4241
4280
4280
4289
4315
4319
4326
4334
4337
4358
4370
4387
4396
4430
4436
4439
4464
4474
4496
4522
4535
4566
4578
4587
4588
4613
4634
4649
4658
4680
4696
4744
4748
4778
4794
4800
4812
4817
4818
4830
4985
4985
5003
5037
5107
5132
5185
5187
5359
5431
5450
5541
5559
5572
5733
5794
5798
5835
5839
5852
5855
5861
5863
5874
5879
5899
5914
5930
5945
5945
5947
5956
5962
5973
5973
5984
5993
5994
5995
6007
6019
6026
6030
6038
6049
6049
6064
6068
6075
6082
6097
6103
6104
6116
6121
6125
6136
6136
6146
6160
6170
6173
6173
6176
6189
6196
6197
6208
6215
6241
6243
6254
6256
6285
6286
6289
6296
6301
6329
6366
6368
6378
6380
6394
6395
6422
6436
6455
6456
6470
6508
6510
6528
6551
6555
6559
6570
6574
6574
6590
6591
6610
6622
6662
6669
6670
6687
6705
6711
6712
6735
6742
6744
6744
6749
6751
6757
6785
6837
6846
6890
7085
7154
7222
7325
7355
7363
7385
7520
7619
7620
7654
7680
7687
7776
7786
7799
7807
7825
7834
7840
7856
7859
7915
7926
7933
7970
8020
8030
8039
8039
8052
8065
8073
8101
8107
8181
8254
8276
8293
8343
8346
8367
8369
8423
8436
8486
8489
8493
8500
8500
8508
8509
8534
8538
8564
8582
8582
8610
8650
8658
8663
8667
8711
8719
8724
8731
8781
8800
8832
8836
8846
8917
8948
8958
8960
8979
9016
9103
9105
9146
9153
9155
9168
9169
9187
9188
9211
9230
9240
9257
9263
9303
9388
9404
9407
9482
9518
9519
9531
9532
9538
9544
9548
9554
9558
9560
9645
9649
9662
9663
9676
9724
9740
9774
9867
9896
9913
9923
9971
9998
10028
10079
10084
10110
10115
10135
10137
10148
10165
10175
10254
10275
10276
10316
10350
10364
10372
10375
10401
10451
10460
10474
10477
10482
10482
10491
10503
10522
10533
10539
10546
10595
10604
10648
10658
10663
10673
10673
10685
10806
10822
10835
10847
10853
10889
10895
10897
10916
10924
10942
11004
11010
11012
11026
11046
11049
11071
11077
11087
11196
11197
11264
11295
11345
11421
11438
11455
11463
11475
11498
11503
11543
11616
11648
11659
11671
11689
11692
11718
11726
11767
11767
11791
11794
11814
11835
11895
11909
11936
11944
11984
12022
12031
12055
12070
12090
12111
12124
12141
12142
12151
12151
12175
12179
12218
12218
12230
12282
12286
12292
12317
12331
12351
12365
12379
12395
12415
12429
12433
12444
12451
12455
12480
12490
12500
12523
12527
12531
12535
12557
12560
12580
12602
12632
12651
12685
12716
12725
12728
12732
12734
12760
12760
12770
12776
12784
12806
12812
12820
12842
12897
12954
13005
13006
13008
13063
13068
13072
13179
13224
13255
13262
13262
13348
13373
13382
13394
13418
13447
13531
13534
13541
13552
13572
13575
13631
13657
13683
13690
13695
13722
13730
13744
13775
13776
13820
13845
13849
13870
13899
13923
13981
13999
14019
14024
14046
14111
14125
14131
14154
14171
14195
14198
14254
14272
14296
14319
14335
14343
14368
14424
14438
14460
14464
14471
14472
14524
14534
14550
14570
14633
14634
14672
14682
14692
14701
14707
14716
14719
14722
14749
14760
14773
14786
14791
14794
14801
14828
14830
14839
14855
14886
14893
14924
14930
14950
14953
15071
15077
15087
15087
15088
15093
15094
15105
15144
15154
15159
15170
15205
15217
15244
15266
15297
15309
15317
15317
15317
15339
15365
15403
15415
15427
15442
15443
15446
15470
15476
15501
15508
15520
15530
15535
15545
15567
15567
15572
15575
15592
15593
15613
15619
15620
15638
15651
15668
15675
15686
15688
15714
15715
15717
15721
15749
15751
15764
15764
15766
15768
15775
15777
15780
15783
15784
15787
15796
15841
15854
15873
15873
15875
15883
15892
15921
15933
15942
15952
15960
15965
15965
15972
15973
15982
15990
16001
16004
16033
16036
16041
16056
16058
16064
16084
16084
16085
16112
16112
16114
16114
16115
16117
16120
16125
16162
16186
16203
16206
16221
16228
16240
16249
16264
16298
16300
16310
16332
16341
16344
16348
16415
16431
16436
16438
16447
16452
16461
16466
16478
16480
16484
16498
16501
16539
16552
16583
16612
16615
16622
16642
16646
16649
16671
16709
16728
16732
16742
16765
16767
16843
16844
16856
16868
16868
16893
16907
16926
16933
16984
17010
17021
17022
17039
17044
17046
17063
17074
17115
17149
17173
17189
17235
17255
17264
17282
17297
17321
17326
17350
17365
17368
17372
17376
17382
17384
17398
17405
17420
17439
17440
17474
17489
17494
17499
17518
17530
17534
17549
17558
17594
17611
17613
17620
17646
17654
17660
17671
17674
17676
17685
17696
17705
17708
17755
17759
17770
17786
17788
17803
17824
17842
17845
17849
17858
17877
17898
17904
17908
17915
17929
17939
17948
17949
17963
17976
17980
17987
17989
17989
18021
18043
18058
18076
18080
18082
18086
18104
18109
18113
18114
18118
18125
18127
18155
18161
18162
18174
18205
18214
18215
18235
18251
18258
18267
18268
18276
18284
18284
18288
18319
18319
18339
18347
18352
18373
18375
18382
18390
18412
18426
18450
18452
18461
18484
18489
18492
18528
18530
18531
18554
18555
18558
18559
18569
18570
18573
18600
18611
18620
18624
18637
18643
18650
18675
18683
18685
18689
18703
18704
18717
18719
18723
18732
18738
18743
18773
18782
18789
18790
18798
18808
18812
18831
18833
18881
18901
18902
18907
18915
18920
18929
18934
18952
18959
18966
18973
18989
18993
19037
19042
19050
19050
19073
19088
19120
19122
19125
19166
19171
19189
19192
19198
19204
19225
19244
19249
19261
19267
19288
19292
19296
19305
19321
19371
19398
19401
19416
19425
19437
19454
19466
19478
19491
19492
19492
19494
19503
19511
19530
19548
19572
19573
19606
19614
19618
19629
19630
19632
19638
19641
19644
19651
19657
19660
19661
19662
19667
19672
19681
19689
19696
19705
19705
19706
19708
19715
19726
19735
19754
19754
19763
19773
19788
19791
19794
19809
19821
19829
19832
19848
19853
19858
19875
19881
19882
19896
19898
19900
19913
19915
19919
19922
19925
19938
19951
19976
19976
20011
20014
20025
20029
20033
20034
20036
20040
20041
20051
20056
20069
20070
20070
20080
20086
20087
20121
20141
20144
20170
20181
20202
20203
20208
20210
20214
20216
20218
20221
20221
20232
20245
20246
20247
20248
20255
20260
20289
20296
20296
20312
20330
20333
20339
20364
20368
20382
20387
20391
20393
20403
20408
20410
20410
20416
20429
20430
20447
20482
20490
20498
20512
20516
20559
20561
20584
20638
20655
20660
20678
20696
20720
20724
20730
20740
20763
20813
20844
20859
20865
20871
20889
20901
20902
20939
20943
20951
20959
20977
21007
21012
21014
21024
21044
21079
21093
21138
21147
21147
21171
21178
21182
21208
21221
21241
21250
21263
21269
21273
21295
21313
21329
21334
21335
21341
21341
21345
21384
21386
21390
21414
21425
21426
21429
21431
21440
21445
21449
21463
21470
21483
21488
21502
21505
21514
21522
21536
21542
21549
21556
21585
21594
21597
21603
21607
21609
21616
21624
21625
21631
21635
21646
21649
21669
21669
21669
21684
21692
21696
21702
21709
21716
21717
21717
21725
21726
21742
21755
21780
21783
21788
21788
21793
21797
21797
21812
21816
21817
21820
21824
21833
21837
21844
21858
21872
21894
21902
21904
21908
21910
21911
21912
21913
21929
21934
21941
21943
21947
21953
21954
21967
21974
21977
21979
21982
22024
22033
22043
22049
22051
22061
22065
22077
22078
22083
22084
22098
22106
22117
22119
22119
22138
22147
22150
22151
22167
22179
22186
22203
22218
22220
22223
22230
22232
22236
22239
22243
22256
22266
22270
22280
22303
22306
22312
22314
22318
22320
22329
22333
22349
22354
22373
22398
22399
22409
22412
22415
22419
22422
22437
22451
22462
22465
22473
22482
22489
22505
22529
22536
22544
22555
22561
22566
22588
22592
22615
22640
22645
22652
22657
22678
22693
22699
22713
22713
22722
22728
22733
22744
22766
22781
22790
22802
22805
22808
22824
22846
22849
22857
22861
22871
22873
22881
22896
22907
22910
22915
22924
22935
22948
22949
22956
22969
22975
22979
22986
23000
23001
23016
23033
23034
23034
23035
23043
23046
23054
23071
23072
23075
23088
23103
23104
23104
23141
23143
23143
23149
23150
23153
23155
23159
23184
23196
23210
23213
23231
23252
23252
23260
23264
23280
23296
23304
23308
23328
23344
23344
23346
23372
23383
23431
23431
23450
23450
23456
23456
23457
23465
23474
23475
23477
23495
23505
23508
23512
23521
23521
23532
23532
23548
23563
23573
23595
23597
23613
23620
23623
23626
23627
23630
23634
23638
23642
23647
23666
23668
23672
23692
23698
23717
23745
23756
23758
23762
23767
23775
23783
23798
23819
23819
23820
23823
23852
23853
23859
23870
23875
23896
23898
23904
23915
23940
23944
23945
23969
23972
23983
23990
23990
24004
24006
24011
24013
24014
24020
24042
24046
24057
24064
24073
24090
24099
24106
24127
24127
24131
24138
24145
24145
24147
24148
24150
24153
24157
24168
24169
24190
24227
24232
24258
24263
24272
24272
24277
24279
24280
24287
24295
24298
24309
24323
24324
24330
24336
24357
24370
24373
24378
24387
24388
24405
24405
24422
24433
24436
24441
24443
24449
24472
24485
24485
24493
24507
24510
24514
24515
24530
24536
24538
24543
24557
24568
24575
24580
24592
24618
24628
24644
24669
24689
24727
24752
24758
24759
24771
24815
24841
24848
24857
24866
24883
24896
24900
24912
24915
24926
24934
24942
24975
24999
25012
25027
25033
25038
25050
25057
25066
25071
25092
25096
25113
25161
25161
25164
25169
25169
25212
25212
25226
25233
25233
25251
25253
25258
25258
25261
25276
25295
25301
25309
25316
25316
25322
25335
25336
25350
25362
25374
25391
25412
25412
25419
25420
25440
25458
25466
25469
25471
25493
25500
25509
25537
25542
25548
25578
25579
25579
25594
25620
25631
25644
25654
25660
25669
25672
25675
25707
25730
25734
25739
25757
25789
25851
25859
25864
25880
25883
25898
25899
25907
25910
25942
25946
25947
25968
25976
25992
26038
26038
26041
26047
26048
26077
26079
26082
26086
26087
26102
26106
26109
26111
26126
26138
26149
26149
26158
26179
26183
26186
26187
26205
26224
26226
26243
26245
26246
26254
26263
26285
26331
26335
26336
26341
26366
26371
26376
26391
26391
26417
26424
26429
26434
26436
26444
26447
26450
26450
26451
26465
26467
26493
26501
26510
26514
26516
26558
26585
26590
26591
26609
26611
26615
26624
26624
26633
26699
26719
26725
26736
26749
26755
26774
26778
26786
26788
26789
26797
26802
26804
26816
26845
26853
26875
26882
26883
26890
26892
26899
26917
26928
26947
26955
26966
26971
26972
26974
26978
26999
27009
27012
27012
27021
27037
27046
27049
27052
27065
27080
27085
27085
27089
27090
27097
27099
27106
27113
27114
27157
27159
27164
27166
27191
27199
27199
27226
27226
27232
27234
27239
27250
27251
27254
27261
27262
27273
27277
27282
27299
27302
27307
27318
27320
27320
27320
27333
27336
27336
27341
27353
27373
27378
27378
27400
27401
27409
27412
27429
27454
27456
27462
27462
27467
27468
27487
27498
27499
27519
27557
27560
27564
27572
27575
27576
27576
27576
27620
27632
27639
27644
27666
27672
27679
27694
27700
27720
27732
27734
27739
27739
27741
27752
27752
27758
27763
27765
27782
27783
27791
27801
27807
27827
27846
27850
27864
27868
27884
27896
27896
27904
27917
27919
27931
27944
27949
27964
27969
27976
27983
27988
27990
27991
27992
28009
28053
28055
28056
28064
28065
28078
28081
28083
28097
28125
28132
28164
28166
28168
28174
28179
28185
28197
28200
28207
28213
28214
28232
28234
28239
28248
28254
28269
28295
28296
28299
28301
28317
28324
28329
28371
28372
28391
28439
28441
28449
28449
28462
28463
28466
28467
28484
28489
28495
28527
28532
28554
28555
28557
28562
28571
28607
28620
28648
28648
28684
28698
28715
28718
28756
28761
28762
28765
28765
28775
28781
28788
28804
28807
28816
28861
28865
28877
28887
28890
28902
28920
28932
28934
28936
28947
28950
28982
28983
28994
28998
29011
29041
29049
29061
29067
29076
29089
29095
29096
29098
29104
29117
29143
29149
29150
29156
29179
29191
29228
29251
29252
29285
29295
29302
29303
29306
29315
29327
29334
29355
29367
29369
29387
29397
29416
29429
29436
29437
29440
29445
29448
29464
29472
29474
29476
29481
29491
29495
29497
29510
29512
29540
29544
29546
29574
29576
29580
29582
29599
29603
29615
29625
29636
29638
29661
29683
29712
29718
29721
29725
29740
29747
29759
29782
29808
29817
29817
29822
29828
29834
29839
29839
29860
29874
29886
29901
29905
29909
29911
29911
29922
29936
29939
29941
29944
29952
29955
29966
29995
30002
30011
30019
30027
30041
30046
30056
30066
30077
30080
30111
30116
30125
30132
30139
30145
30149
30157
30163
30167
30190
30193
30200
30231
30254
30273
30280
30283
30286
30294
30313
30347
30347
30351
30355
30366
30370
30374
30405
30409
30489
30507
30508
30510
30539
30556
30559
30566
30569
30571
30579
30588
30595
30605
30606
30609
30628
30638
30645
30662
30667
30675
30680
30688
30698
30715
30715
30720
30762
30795
30807
30821
30826
30873
30881
30889
30915
30928
30933
30939
30968
30988
30993
31016
31019
31049
31059
31061
31065
31075
31093
31097
31106
31109
31112
31115
31116
31122
31150
31153
31153
31181
31200
31257
31263
31272
31295
31304
31332
31339
31341
31354
31372
31377
31382
31384
31464
31510
31516
31554
31557
31564
31584
31712
31719
31730
31733
31781
31792
31794
31830
31904
31994
32002
32033
32043
32057
32106
32137
32159
32160
32161
32186
32191
32201
32224
32260
32314
32321
32328
32382
32420
32449
32458
32626
32689
32690
32695
32699
32788
32802
32918
32919
32983
32993
33014
33034
33106
33121
33223
33272
33281
33299
33345
33352
33360
33410
33439
33446
33463
33464
33467
33474
33478
33506
33514
33526
33575
33625
33653
33684
33688
33723
33727
33750
33758
33763
33784
33791
33831
33831
33836
33863
33874
33877
33891
33907
33927
33932
33946
33977
33991
34017
34090
34105
34126
34133
34157
34185
34209
34217
34223
34244
34245
34331
34366
34371
34435
34503
34607
34647
34686
34768
34806
34885
35000
35113
35181
35201
35215
35215
35250
35255
35258
35266
35281
35287
35290
35320
35330
35356
35379
35392
35418
35468
35469
35521
35571
35574
35627
35638
35678
35704
35721
35737
35758
35762
35774
35787
35819
35830
35893
35897
35904
35919
35975
36012
36019
36079
36082
36099
36104
36127
36143
36152
36169
36181
36187
36189
36214
36231
36244
36353
36368
36392
36405
36410
36412
36417
36418
36441
36444
36444
36468
36474
36531
36546
36563
36563
36588
36638
36641
36658
36662
36664
36669
36707
36711
36713
36726
36728
36741
36741
36759
36764
36787
36791
36794
36813
36814
36819
36821
36834
36840
36842
36843
36844
36864
36869
36869
36873
36878
36882
36884
36890
36894
36898
36899
36909
36931
36937
36943
36946
36949
36958
36990
37001
37026
37033
37047
37049
37062
37064
37068
37079
37081
37097
37102
37104
37116
37116
37120
37121
37131
37134
37137
37144
37146
37156
37166
37175
37182
37188
37205
37212
37213
37214
37217
37219
37245
37276
37280
37284
37290
37292
37299
37317
37320
37322
37325
37326
37326
37331
37335
37337
37343
37369
37376
37387
37395
37401
37405
37412
37424
37425
37452
37462
37477
37486
37502
37523
37549
37579
37581
37610
37628
37638
37638
37639
37671
37674
37675
37676
37698
37745
37757
37758
37772
37776
37796
37850
37867
37871
37884
37892
37898
37904
37915
37927
37943
37967
37975
38010
38012
38029
38070
38073
38110
38122
38126
38133
38138
38138
38145
38147
38167
38178
38181
38186
38189
38194
38195
38201
38210
38211
38229
38261
38275
38276
38277
38286
38298
38311
38329
38351
38398
38398
38414
38432
38433
38433
38439
38448
38455
38456
38462
38465
38489
38493
38495
38509
38510
38533
38558
38569
38579
38613
38614
38651
38657
38670
38670
38693
38700
38703
38719
38721
38733
38741
38758
38763
38772
38776
38785
38798
38804
38806
38812
38834
38882
38883
38889
38913
38913
38931
38935
38937
38949
38951
38955
38967
38973
39002
39020
39021
39032
39037
39048
39050
39067
39101
39103
39135
39139
39140
39153
39161
39166
39181
39186
39191
39196
39226
39248
39258
39261
39265
39271
39292
39295
39302
39305
39318
39327
39334
39343
39368
39378
39407
39413
39419
39429
39436
39471
39483
39484
39487
39506
39515
39518
39521
39529
39535
39543
39551
39552
39590
39632
39637
39642
39647
39647
39650
39686
39688
39689
39693
39693
39705
39715
39719
39727
39731
39749
39749
39781
39799
39800
39806
39829
39831
39845
39863
39866
39876
39882
39891
39891
39903
39906
39911
39927
39930
39940
39944
39946
39947
39975
39977
39981
40029
40030
40074
40077
40094
40098
40125
40126
40139
40148
40151
40155
40156
40162
40177
40177
40177
40198
40198
40234
40243
40243
40244
40274
40284
40303
40322
40323
40344
40347
40348
40353
40364
40368
40373
40385
40391
40393
40393
40409
40418
40460
40462
40468
40483
40490
40495
40509
40511
40515
40546
40564
40564
40565
40567
40570
40573
40585
40587
40587
40597
40601
40610
40615
40636
40637
40643
40665
40666
40667
40671
40673
40692
40701
40706
40706
40707
40711
40715
40726
40734
40738
40745
40748
40783
40786
40791
40792
40818
40828
40829
40833
40835
40844
40857
40860
40866
40875
40881
40883
40886
40888
40908
40913
40917
40920
40933
40937
40945
40953
40957
40970
40973
40979
40989
40990
40999
41020
41038
41056
41057
41059
41060
41066
41071
41074
41077
41081
41119
41121
41132
41134
41134
41137
41164
41170
41174
41186
41188
41198
41201
41204
41216
41217
41221
41221
41222
41251
41253
41253
41265
41296
41299
41335
41372
41374
41378
41401
41402
41413
41423
41433
41453
41455
41456
41459
41466
41466
41466
41475
41476
41477
41491
41494
41502
41504
41504
41510
41518
41532
41536
41547
41562
41571
41575
41580
41581
41583
41588
41596
41599
41617
41627
41638
41639
41645
41660
41665
41667
41676
41678
41694
41700
41711
41720
41733
41744
41759
41761
41767
41778
41781
41784
41806
41810
41833
41854
41856
41856
41862
41865
41881
41895
41895
41908
41923
41943
41959
41992
41994
42028
42040
42051
42066
42089
42116
42117
42117
42131
42131
42132
42139
42140
42153
42163
42171
42172
42204
42222
42223
42285
42291
42321
42325
42331
42335
42341
42375
42380
42382
42382
42387
42387
42401
42405
42410
42412
42414
42414
42426
42435
42435
42436
42438
42444
42477
42485
42506
42516
42534
42562
42584
42602
42622
42662
42672
42677
42689
42690
42693
42694
42699
42712
42751
42754
42756
42759
42761
42763
42769
42781
42817
42845
42851
42861
42880
42888
42896
42896
42906
42910
42915
42920
42932
42934
42958
42989
42992
43009
43011
43021
43065
43073
43085
43091
43093
43098
43122
43172
43172
43233
43399
43419
43440
43454
43474
43479
43525
43644
43649
43689
43745
43751
43764
43833
43849
43928
43941
43956
43957
43968
43974
44034
44049
44054
44056
44056
44080
44083
44092
44093
44095
44116
44127
44133
44162
44182
44193
44262
44275
44278
44345
44346
44437
44459
44469
44482
44484
44497
44586
44594
44604
44627
44659
44671
44720
44737
44846
44852
44859
44887
44894
44912
44942
44969
44973
44973
44981
44993
45005
45008
45011
45025
45055
45057
45072
45082
45099
45153
45181
45197
45228
45233
45237
45311
45323
45325
45340
45405
45462
45538
45563
45565
45567
45602
45614
45616
45766
45769
45772
45817
45826
45869
45912
45928
45936
45953
45968
45971
45975
46004
46005
46014
46016
46035
46037
46052
46106
46117
46122
46159
46162
46167
46200
46202
46209
46227
46253
46264
46283
46290
46290
46306
46337
46375
46389
46395
46426
46434
46434
46439
46445
46446
46457
46466
46540
46552
46566
46614
46634
46635
46639
46680
46712
46715
46719
46722
46723
46744
46745
46755
46807
46812
46818
46832
46834
46851
46860
46873
46882
46923
46945
46946
46948
46967
46972
46978
46979
46983
46986
46998
47018
47027
47028
47046
47056
47058
47072
47095
47100
47101
47103
47131
47165
47173
47176
47185
47189
47215
47227
47238
47241
47244
47247
47252
47268
47294
47316
47320
47341
47342
47381
47383
47390
47393
47428
47432
47447
47448
47452
47460
47463
47464
47500
47500
47511
47521
47530
47543
47545
47561
47566
47566
47578
47588
47595
47598
47605
47608
47617
47618
47619
47628
47638
47645
47648
47672
47687
47690
47691
47703
47704
47709
47711
47724
47739
47767
47772
47784
47812
47859
47866
47873
47887
47904
47906
47940
47954
47954
47961
47965
47968
48004
48025
48029
48030
48031
48031
48038
48071
48086
48094
48095
48098
48100
48112
48119
48124
48128
48131
48137
48158
48179
48197
48238
48239
48241
48242
48266
48274
48278
48280
48288
48290
48296
48300
48325
48325
48326
48358
48363
48371
48388
48393
48408
48422
48425
48448
48455
48456
48483
48488
48492
48497
48500
48516
48527
48527
48531
48544
48554
48597
48636
48654
48667
48681
48693
48712
48733
48747
48765
48781
48806
48812
48815
48832
48856
48857
48874
48886
48891
48892
48909
48919
48920
48922
48924
48926
48941
48948
48960
48975
48981
49002
49005
49007
49014
49024
49030
49046
49046
49047
49059
49064
49072
49095
49109
49153
49170
49171
49176
49186
49201
49241
49250
49283
49292
49297
49302
49307
49322
49351
49359
49369
49370
49370
49372
49378
49401
49439
49448
49448
49448
49456
49464
49467
49468
49474
49475
49502
49510
49511
49523
49542
49549
49557
49575
49618
49635
49635
49639
49668
49670
49691
49695
49703
49720
49746
49769
49774
49776
49779
49785
49795
49799
49803
49816
49816
49817
49824
49826
49827
49846
49850
49852
49855
49859
49863
49870
49878
49879
49897
49913
49916
49921
49926
49927
49929
49944
49965
49968
49974
49984
49993
49995
50020
50024
50029
50035
50037
50042
50055
50079
50080
50082
50083
50088
50110
50119
50125
50127
50129
50131
50151
50161
50194
50198
50199
50206
50227
50229
50254
50257
50266
50273
50285
50292
50304
50309
50320
50359
50365
50389
50402
50427
50428
50429
50443
50445
50463
50465
50475
50479
50479
50484
50507
50523
50523
50534
50549
50551
50553
50558
50561
50562
50573
50576
50591
50591
50611
50615
50629
50646
50657
50671
50678
50680
50683
50693
50696
50728
50738
50757
50766
50777
50784
50795
50819
50833
50839
50841
50846
50851
50868
50874
50880
50883
50898
50898
50905
50908
50912
50942
50947
50954
50976
50981
50982
50984
50988
50997
51008
51017
51019
51035
51047
51073
51073
51073
51088
51093
51100
51106
51107
51110
51116
51136
51157
51159
51174
51180
51189
51197
51203
51205
51212
51224
51228
51236
51239
51243
51244
51248
51269
51274
51279
51283
51285
51304
51311
51313
51345
51372
51406
51410
51414
51426
51442
51448
51463
51501
51505
51522
51537
51556
51572
51575
51608
51613
51634
51658
51676
51676
51678
51688
51695
51696
51715
51722
51722
51724
51735
51739
51741
51742
51744
51758
51770
51783
51785
51790
51791
51798
51800
51820
51828
51846
51850
51851
51860
51876
51883
51883
51885
51920
51943
51956
51965
51985
51987
51988
52014
52036
52044
52046
52051
52063
52069
52075
52083
52085
52086
52089
52096
52096
52103
52116
52127
52132
52137
52141
52149
52157
52158
52160
52173
52179
52204
52206
52221
52224
52233
52239
52245
52253
52259
52264
52271
52277
52280
52295
52299
52315
52318
52320
52327
52327
52334
52359
52379
52380
52407
52415
52429
52433
52435
52437
52439
52458
52460
52460
52463
52464
52464
52493
52494
52503
52507
52514
52540
52546
52560
52561
52561
52567
52571
52572
52578
52584
52588
52592
52606
52615
52628
52639
52640
52647
52651
52655
52668
52676
52683
52695
52736
52793
52793
52800
52819
52824
52833
52833
52839
52846
52848
52849
52878
52881
52882
52888
52901
52916
52916
52927
52929
52934
52943
52952
52957
52957
52965
52965
52971
52972
52993
53000
53005
53008
53018
53020
53027
53045
53050
53057
53062
53073
53075
53090
53116
53121
53131
53142
53143
53163
53163
53176
53218
53231
53243
53243
53251
53258
53263
53266
53271
53287
53290
53293
53303
53316
53320
53347
53407
53416
53419
53467
53496
53512
53522
53529
53555
53561
53569
53573
53591
53593
53596
53597
53599
53601
53621
53634
53652
53655
53671
53680
53692
53693
53697
53706
53707
53714
53715
53716
53720
53728
53733
53743
53756
53761
53762
53768
53798
53804
53826
53832
53832
53843
53843
53854
53863
53865
53865
53868
53890
53908
53913
53915
53919
53921
53923
53929
53932
53933
53971
53979
53985
53987
53987
54012
54019
54051
54071
54072
54073
54087
54112
54126
54126
54141
54166
54167
54172
54177
54190
54193
54196
54198
54199
54214
54225
54229
54230
54245
54248
54249
54250
54258
54292
54294
54299
54312
54315
54327
54329
54340
54347
54349
54349
54352
54389
54390
54395
54399
54399
54412
54426
54427
54443
54482
54486
54486
54495
54498
54502
54506
54507
54520
54541
54544
54570
54576
54581
54593
54596
54605
54607
54614
54616
54621
54655
54658
54659
54665
54669
54674
54676
54707
54724
54753
54761
54764
54816
54823
54829
54831
54843
54845
54847
54861
54871
54883
54884
54886
54886
54887
54894
54901
54918
54953
54960
54963
54967
54971
54975
55002
55004
55030
55035
55050
55053
55059
55077
55084
55088
55101
55101
55105
55109
55110
55142
55143
55143
55162
55167
55187
55191
55191
55194
55195
55198
55206
55208
55227
55234
55261
55268
55278
55286
55289
55290
55308
55327
55335
55338
55353
55365
55371
55376
55382
55410
55417
55420
55420
55425
55447
55460
55460
55463
55468
55473
55475
55476
55492
55536
55551
55560
55563
55567
55575
55576
55582
55587
55594
55594
55595
55603
55604
55609
55642
55645
55656
55676
55684
55687
55692
55710
55713
55717
55729
55745
55770
55773
55783
55784
55800
55814
55816
55819
55846
55857
55860
55865
55876
55885
55900
55911
55915
55926
55931
55963
55967
55981
55981
55991
56003
56011
56016
56022
56027
56031
56034
56036
56045
56082
56107
56108
56114
56115
56120
56134
56157
56168
56210
56213
56213
56218
56254
56270
56272
56283
56296
56297
56305
56320
56324
56352
56356
56377
56388
56390
56392
56433
56455
56467
56474
56477
56486
56536
56565
56567
56567
56571
56587
56599
56610
56613
56620
56631
56640
56648
56668
56669
56684
56707
56709
56712
56713
56752
56754
56766
56784
56793
56803
56814
56821
56826
56844
56846
56849
56851
56863
56864
56871
56873
56888
56903
56912
56941
56989
57005
57011
57012
57013
57028
57030
57038
57043
57047
57062
57068
57071
57084
57090
57092
57113
57122
57133
57134
57137
57173
57192
57195
57201
57217
57222
57235
57235
57241
57248
57250
57251
57252
57284
57314
57319
57321
57327
57344
57368
57372
57376
57384
57387
57392
57398
57410
57424
57431
57441
57448
57460
57462
57471
57503
57503
57504
57508
57511
57547
57551
57555
57574
57591
57601
57605
57627
57632
57643
57649
57682
57690
57703
57718
57723
57732
57733
57735
57742
57751
57771
57780
57789
57790
57793
57796
57808
57814
57815
57818
57819
57820
57822
57831
57831
57846
57849
57850
57854
57867
57896
57926
57935
57965
57976
57977
57981
58012
58044
58075
58081
58098
58108
58118
58119
58126
58133
58141
58146
58152
58158
58163
58168
58183
58222
58222
58242
58243
58244
58253
58279
58280
58288
58291
58323
58325
58335
58339
58349
58350
58354
58357
58369
58373
58378
58381
58393
58411
58411
58412
58418
58433
58434
58446
58451
58458
58536
58548
58552
58582
58582
58607
58627
58665
58674
58684
58685
58686
58688
58688
58695
58712
58716
58725
58731
58755
58761
58767
58779
58791
58805
58837
58843
58846
58873
58889
58897
58904
58913
58913
58937
58942
58945
58946
58949
58959
58971
58973
58993
59001
59003
59003
59008
59051
59060
59068
59068
59069
59071
59093
59126
59132
59136
59140
59149
59162
59170
59176
59178
59187
59191
59200
59209
59222
59231
59246
59247
59250
59252
59269
59284
59290
59293
59294
59305
59311
59316
59317
59332
59337
59359
59371
59379
59387
59402
59436
59441
59476
59486
59518
59528
59530
59554
59569
59577
59578
59588
59589
59617
59621
59623
59624
59630
59634
59663
59681
59702
59708
59727
59727
59740
59746
59760
59764
59767
59785
59820
59825
59832
59832
59833
59835
59866
59873
59875
59889
59897
59899
59916
59938
59944
59949
59973
59987
59999
60006
60022
60039
60051
60070
60074
60077
60078
60080
60093
60108
60179
60181
60202
60203
60205
60206
60212
60240
60242
60245
60248
60261
60269
60276
60289
60309
60319
60382
60391
60402
60403
60404
60414
60417
60422
60424
60442
60453
60459
60467
60523
60549
60564
60587
60613
60619
60622
60629
60630
60634
60635
60662
60695
60704
60736
60739
60762
60770
60774
60799
60804
60815
60816
60825
60829
60831
60835
60855
60860
60871
60875
60880
60910
60920
60960
60964
60964
60980
60995
60998
61005
61009
61010
61011
61020
61026
61034
61034
61037
61042
61045
61055
61071
61077
61082
61095
61097
61102
61114
61120
61125
61128
61130
61132
61132
61133
61134
61139
61162
61182
61183
61196
61199
61200
61204
61228
61230
61231
61235
61241
61256
61262
61264
61267
61268
61300
61301
61301
61301
61304
61314
61320
61332
61333
61338
61341
61352
61355
61360
61362
61375
61380
61385
61387
61391
61392
61401
61404
61407
61408
61411
61413
61445
61449
61450
61459
61462
61475
61483
61497
61500
61500
61508
61525
61538
61548
61561
61594
61597
61599
61600
61606
61607
61615
61619
61636
61654
61660
61664
61691
61697
61697
61697
61705
61708
61718
61720
61729
61751
61755
61757
61773
61773
61795
61800
61808
61811
61813
61815
61816
61835
61858
61877
61893
61898
61898
61905
61906
61941
61955
61958
61958
61976
61978
62000
62009
62016
62025
62038
62052
62071
62072
62080
62087
62099
62105
62110
62119
62120
62129
62139
62157
62177
62182
62191
62199
62212
62215
62219
62219
62227
62233
62266
62268
62274
62284
62285
62300
62309
62326
62341
62341
62353
62359
62374
62384
62387
62391
62398
62402
62408
62413
62427
62453
62455
62458
62474
62474
62485
62510
62513
62532
62538
62550
62555
62563
62565
62582
62585
62596
62610
62619
62663
62679
62682
62685
62687
62695
62698
62702
62743
62760
62796
62800
62811
62817
62831
62836
62839
62843
62844
62854
62861
62875
62890
62892
62906
62912
62934
62935
62940
62962
62969
62971
62973
62973
62990
63046
63047
63049
63052
63058
63069
63079
63092
63094
63098
63098
63107
63125
63125
63125
63135
63138
63139
63154
63159
63179
63179
63183
63185
63186
63196
63215
63217
63219
63223
63224
63233
63248
63257
63280
63284
63325
63326
63328
63330
63333
63343
63368
63385
63388
63390
63416
63417
63419
63426
63452
63466
63466
63474
63489
63493
63498
63502
63511
63513
63513
63541
63560
63566
63581
63588
63589
63598
63608
63611
63618
63627
63631
63631
63636
63639
63640
63660
63668
63677
63700
63704
63706
63712
63748
63750
63754
63760
63763
63764
63775
63782
63784
63793
63797
63798
63799
63800
63802
63809
63823
63826
63847
63864
63866
63875
63876
63882
63891
63894
63910
63910
63910
63934
63960
63974
63980
63990
64004
64018
64019
64021
64031
64040
64042
64052
64065
64081
64087
64092
64095
64143
64170
64186
64198
64210
64234
64238
64239
64248
64250
64263
64292
64294
64306
64317
64323
64329
64365
64393
64401
64404
64430
64446
64455
64475
64476
64477
64490
64493
64496
64509
64516
64531
64544
64555
64575
64578
64612
64660
64672
64680
64702
64709
64719
64731
64740
64756
64773
64774
64776
64789
64793
64802
64804
64812
64822
64837
64865
64868
64871
64881
64895
64897
64898
64911
64954
64955
64973
64975
64976
64994
65005
65008
65017
65023
65024
65029
65036
65043
65052
65068
65078
65078
65079
65094
65104
65113
65119
65121
65122
65124
65128
65134
65144
65150
65151
65152
65173
65176
65234
65243
65255
65267
65280
65285
65302
65305
65310
65320
65345
65361
65405
65410
65411
65447
65450
65452
65456
65460
65474
65479
65485
65494
65502
65509
65513
65522
65523
65533
65533
65537
65537
65556
65556
65559
65561
65569
65589
65592
65592
65597
65610
65615
65618
65626
65634
65637
65669
65670
65674
65675
65683
65691
65692
65695
65698
65703
65704
65705
65705
65710
65710
65712
65716
65718
65743
65743
65744
65751
65751
65757
65758
65765
65767
65775
65794
65796
65800
65804
65805
65849
65873
65874
65878
65880
65888
65894
65902
65906
65927
65928
65930
65935
65938
65967
65993
66002
66007
66038
66076
66093
66097
66097
66107
66109
66109
66126
66145
66146
66154
66161
66168
66171
66172
66210
66213
66264
66268
66270
66281
66311
66341
66347
66347
66364
66368
66371
66380
66401
66416
66420
66434
66440
66441
66449
66452
66464
66496
66499
66504
66509
66512
66520
66524
66539
66541
66542
66545
66565
66567
66569
66582
66599
66607
66614
66616
66618
66624
66628
66640
66648
66653
66664
66673
66678
66688
66692
66708
66746
66756
66762
66770
66791
66803
66874
66878
66923
67083
67142
67192
67200
67347
67379
67545
67578
67598
67665
67743
67797
67809
67811
67813
67823
67833
67838
67839
67841
67844
67859
67871
67880
67880
67887
67889
67892
67899
67900
67901
67911
67912
67912
67934
67938
67948
67958
67966
67967
67977
67980
67982
67983
67985
67996
67998
67999
68006
68010
68020
68028
68029
68035
68039
68046
68046
68050
68052
68057
68068
68069
68071
68075
68076
68076
68077
68085
68107
68108
68111
68114
68124
68129
68131
68134
68135
68136
68156
68175
68176
68182
68183
68192
68193
68200
68201
68206
68214
68217
68233
68236
68245
68250
68252
68263
68274
68277
68279
68279
68300
68303
68310
68315
68321
68322
68347
68352
68355
68358
68359
68364
68376
68381
68382
68390
68393
68398
68409
68421
68423
68423
68425
68431
68434
68434
68436
68438
68440
68454
68454
68456
68458
68458
68473
68474
68476
68492
68493
68495
68500
68507
68510
68511
68513
68517
68517
68519
68523
68538
68546
68553
68557
68581
68594
68609
68616
68621
68622
68635
68641
68641
68641
68642
68647
68652
68655
68666
68667
68670
68670
68675
68682
68684
68685
68691
68693
68693
68694
68697
68698
68703
68703
68703
68727
68736
68736
68736
68744
68746
68747
68751
68765
68771
68774
68786
68789
68790
68791
68793
68808
68824
68834
68835
68851
68853
68854
68860
68864
68866
68866
68878
68879
68893
68894
68898
68900
68906
68908
68910
68913
68916
68918
68928
68965
68968
68974
68999
69003
69016
69017
69036
69041
69042
69046
69052
69055
69070
69095
69102
69122
69124
69124
69139
69149
69166
69169
69171
69172
69194
69200
69201
69233
69242
69288
69294
69298
69299
69320
69322
69327
69340
69344
69349
69364
69378
69379
69379
69433
69446
69460
69464
69470
69491
69505
69526
69530
69551
69555
69561
69563
69563
69572
69592
69593
69609
69611
69627
69644
69668
69669
69671
69674
69685
69687
69690
69698
69704
69713
69726
69726
69746
69747
69749
69752
69752
69757
69770
69773
69774
69804
69814
69866
69877
69887
69896
69903
69930
69934
69940
69954
69961
69971
69977
69979
69984
69984
69990
70008
70017
70018
70029
70043
70045
70055
70079
70086
70087
70104
70113
70115
70130
70144
70155
70176
70182
70206
70206
70210
70242
70250
70268
70287
70288
70293
70314
70317
70327
70327
70328
70349
70361
70369
70374
70392
70402
70412
70424
70450
70469
70480
70483
70485
70490
70504
70523
70544
70597
70613
70614
70645
70662
70668
70676
70682
70685
70687
70689
70711
70717
70724
70744
70748
70749
70788
70806
70815
70833
70843
70850
70874
70874
70885
70904
70929
70932
70939
70965
70968
70969
70979
70980
70997
71008
71014
71017
71019
71031
71038
71050
71060
71061
71066
71092
71114
71130
71133
71147
71154
71167
71182
71183
71188
71190
71190
71195
71202
71215
71244
71246
71266
71280
71292
71295
71297
71298
71311
71332
71339
71371
71378
71383
71384
71394
71409
71421
71428
71451
71457
71462
71479
71480
71490
71517
71535
71542
71542
71549
71570
71598
71622
71624
71636
71638
71643
71647
71659
71669
71674
71678
71685
71704
71706
71723
71746
71760
71784
71828
71843
71845
71848
71888
71899
71903
71923
71925
71960
71992
72005
72052
72122
72130
72141
72145
72167
72173
72184
72203
72221
72227
72227
72232
72233
72241
72250
72262
72264
72277
72288
72289
72310
72346
72354
72356
72357
72366
72366
72372
72405
72409
72415
72425
72426
72445
72450
72456
72476
72516
72551
72565
72565
72592
72613
72631
72634
72676
72684
72688
72700
72722
72730
72738
72783
72789
72798
72841
72854
72878
72891
72904
72911
72926
72928
72939
72953
73001
73010
73013
73025
73042
73080
73084
73099
73116
73148
73178
73193
73203
73226
73230
73261
73267
73271
73283
73283
73289
73344
73350
73429
73436
73467
73508
73574
73613
73624
73641
73661
73675
73677
73691
73701
73707
73710
73712
73716
73721
73738
73744
73775
73780
73783
73816
73821
73848
73866
73872
73884
73886
73889
73894
73913
73914
73931
73952
73959
73959
73962
74017
74031
74033
74039
74054
74064
74074
74078
74078
74081
74129
74156
74159
74164
74167
74189
74203
74212
74213
74229
74247
74257
74277
74287
74289
74298
74318
74333
74348
74348
74350
74360
74387
74411
74413
74423
74426
74431
74436
74440
74459
74462
74481
74485
74485
74509
74529
74580
74589
74591
74610
74612
74613
74630
74632
74640
74641
74649
74664
74667
74668
74712
74734
74754
74834
74842
74874
74900
74905
74906
74921
74941
74946
74972
74996
75002
75006
75038
75058
75089
75211
75232
75326
75355
75419
75435
75447
75483
75519
75540
75556
75559
75570
75614
75622
75658
75664
75670
75684
75685
75696
75706
75716
75721
75728
75729
75731
75732
75743
75755
75761
75762
75773
75782
75783
75798
75799
75802
75808
75813
75820
75824
75825
75832
75847
75851
75861
75866
75879
75894
75896
75914
75916
75917
75923
75935
75938
75952
75961
75962
75982
75995
75997
76002
76003
76006
76011
76013
76023
76036
76039
76042
76057
76062
76086
76094
76097
76101
76108
76112
76113
76118
76118
76126
76128
76133
76140
76143
76152
76166
76168
76169
76177
76180
76185
76189
76191
76209
76209
76212
76215
76220
76222
76228
76232
76242
76242
76266
76266
76279
76292
76295
76298
76301
76302
76304
76324
76337
76339
76362
76369
76371
76379
76391
76404
76414
76416
76418
76423
76424
76425
76428
76431
76433
76433
76439
76460
76469
76469
76473
76473
76476
76481
76482
76504
76512
76513
76518
76532
76532
76536
76537
76557
76557
76566
76568
76574
76576
76581
76591
76596
76596
76598
76601
76606
76612
76615
76617
76619
76621
76638
76640
76640
76642
76649
76649
76658
76659
76660
76661
76661
76669
76675
76677
76690
76706
76711
76721
76727
76728
76734
76754
76793
76793
76804
76810
76832
76853
76859
76882
76889
76898
76915
76925
76963
76983
76994
76995
76999
76999
77017
77024
77043
77071
77072
77079
77093
77095
77097
77098
77106
77145
77182
77185
77206
77226
77226
77252
77270
77273
77296
77313
77317
77318
77327
77334
77337
77351
77351
77351
77354
77364
77375
77387
77391
77392
77397
77398
77400
77416
77421
77437
77454
77472
77480
77526
77536
77542
77543
77544
77571
77573
77573
77587
77595
77615
77641
77647
77650
77652
77657
77662
77663
77663
77674
77694
77697
77713
77714
77715
77720
77747
77749
77754
77761
77763
77785
77786
77797
77811
77822
77834
77849
77872
77885
77889
77926
77927
77940
77953
77979
78003
78009
78010
78013
78016
78029
78029
78036
78037
78063
78073
78078
78082
78086
78103
78120
78121
78123
78155
78161
78163
78164
78169
78169
78175
78178
78180
78181
78193
78197
78204
78217
78219
78226
78240
78247
78247
78255
78271
78272
78295
78298
78303
78303
78309
78318
78322
78323
78324
78326
78339
78340
78352
78353
78355
78359
78361
78362
78363
78380
78403
78435
78444
78449
78459
78464
78478
78487
78487
78492
78493
78510
78512
78514
78514
78520
78532
78532
78545
78551
78561
78562
78563
78572
78573
78573
78575
78580
78604
78606
78618
78642
78648
78656
78656
78677
78694
78704
78718
78721
78721
78728
78738
78745
78760
78765
78767
78780
78782
78788
78788
78799
78800
78803
78803
78809
78816
78829
78832
78844
78856
78863
78869
78872
78890
78891
78896
78896
78905
78905
78905
78921
78924
78926
78926
78933
78939
78941
78946
78953
78956
78971
78972
78976
78996
79013
79019
79020
79023
79026
79027
79034
79041
79046
79049
79061
79091
79100
79107
79115
79128
79129
79142
79161
79171
79172
79178
79184
79201
79214
79230
79241
79255
79265
79269
79299
79307
79312
79319
79372
79373
79397
79400
79410
79418
79418
79426
79427
79432
79434
79452
79461
79484
79488
79490
79510
79524
79525
79527
79528
79529
79542
79563
79572
79584
79594
79609
79611
79623
79627
79639
79643
79674
79696
79706
79716
79720
79741
79742
79782
79798
79812
79832
79860
79861
79919
79919
79932
79950
79957
79963
79981
79985
80000
80019
80023
80024
80038
80053
80054
80067
80081
80093
80107
80114
80114
80128
80132
80137
80142
80144
80151
80167
80174
80192
80195
80202
80204
80214
80227
80250
80260
80260
80268
80275
80284
80295
80335
80376
80378
80412
80423
80428
80431
80435
80438
80448
80459
80471
80477
80478
80478
80487
80519
80527
80536
80540
80545
80552
80554
80562
80570
80578
80604
80604
80618
80625
80655
80655
80666
80672
80672
80678
80680
80680
80681
80685
80690
80696
80704
80706
80720
80761
80765
80767
80768
80783
80794
80818
80821
80826
80829
80835
80841
80841
80852
80853
80860
80864
80865
80885
80899
80921
80931
80932
80945
80946
80952
80969
80974
80977
80985
80991
80994
81021
81045
81067
81068
81094
81095
81102
81110
81111
81113
81117
81121
81133
81134
81143
81145
81146
81161
81173
81177
81187
81200
81200
81214
81222
81223
81230
81245
81246
81249
81255
81257
81259
81276
81276
81299
81306
81307
81308
81313
81331
81352
81359
81367
81384
81416
81433
81439
81495
81501
81522
81540
81555
81562
81571
81578
81579
81581
81595
81612
81636
81639
81652
81655
81659
81679
81704
81705
81707
81709
81719
81728
81731
81763
81766
81776
81777
81789
81793
81796
81800
81803
81814
81816
81834
81848
81875
81886
81907
81911
81912
81913
81915
81918
81921
81924
81937
81945
81954
81957
81979
81992
81996
82000
82004
82005
82012
82032
82033
82037
82037
82042
82048
82076
82095
82108
82127
82131
82133
82134
82154
82165
82169
82173
82186
82187
82214
82221
82242
82244
82245
82273
82275
82283
82292
82293
82300
82300
82303
82313
82329
82340
82343
82344
82369
82389
82394
82395
82427
82434
82443
82447
82453
82474
82495
82499
82516
82520
82527
82528
82576
82586
82591
82599
82600
82601
82604
82604
82621
82623
82636
82652
82659
82671
82677
82686
82686
82694
82714
82731
82745
82752
82783
82790
82819
82828
82842
82863
82873
82876
82876
82878
82880
82906
82907
82907
82909
82921
82921
82927
82947
82961
83005
83007
83011
83011
83024
83048
83061
83063
83075
83085
83085
83093
83094
83103
83104
83106
83137
83146
83147
83157
83163
83168
83178
83190
83203
83210
83212
83213
83214
83238
83244
83253
83283
83286
83287
83304
83307
83326
83328
83330
83334
83341
83342
83342
83343
83353
83353
83365
83369
83386
83398
83410
83410
83413
83424
83424
83428
83434
83439
83439
83457
83502
83507
83509
83512
83525
83527
83528
83538
83567
83569
83580
83583
83587
83606
83628
83643
83669
83670
83672
83677
83702
83723
83735
83747
83756
83757
83775
83790
83794
83821
83833
83835
83835
83856
83879
83886
83889
83902
83903
83905
83913
83914
83920
83924
83944
83944
83962
83968
83974
83974
83983
83985
83991
84018
84044
84060
84071
84071
84077
84094
84101
84115
84116
84126
84129
84135
84137
84138
84140
84156
84177
84187
84191
84195
84197
84218
84218
84218
84225
84230
84231
84246
84248
84255
84255
84266
84276
84284
84287
84289
84290
84305
84325
84328
84329
84335
84338
84357
84359
84379
84387
84399
84409
84422
84428
84436
84463
84465
84470
84475
84483
84490
84495
84501
84523
84538
84556
84564
84570
84580
84614
84631
84650
84654
84654
84668
84686
84691
84704
84707
84711
84716
84716
84756
84762
84762
84765
84770
84790
84790
84826
84828
84832
84835
84856
84859
84863
84866
84868
84894
84937
84942
84970
84984
85003
85032
85071
85106
85106
85111
85114
85119
85135
85138
85161
85206
85215
85240
85255
85276
85296
85317
85327
85327
85391
85409
85435
85446
85459
85477
85489
85489
85497
85501
85502
85505
85547
85549
85552
85554
85560
85563
85587
85604
85606
85653
85654
85665
85674
85691
85707
85726
85733
85735
85737
85740
85757
85765
85769
85786
85791
85827
85833
85837
85864
85869
85870
85873
85880
85885
85895
85912
85913
85919
85928
85941
85970
85972
86022
86031
86050
86051
86080
86081
86090
86099
86112
86114
86118
86129
86138
86141
86151
86152
86161
86168
86173
86177
86185
86194
86204
86218
86221
86226
86233
86243
86253
86258
86272
86277
86295
86306
86313
86318
86332
86332
86356
86362
86373
86375
86387
86393
86397
86415
86421
86423
86429
86433
86451
86455
86472
86473
86474
86476
86478
86497
86504
86517
86523
86538
86542
86545
86561
86589
86669
86672
86678
86706
86734
86750
86761
86784
86793
86837
86854
86870
86906
86911
86920
86959
87001
87004
87011
87015
87045
87054
87126
87158
87158
87188
87217
87248
87304
87346
87380
87388
87395
87400
87413
87429
87436
87444
87446
87458
87469
87470
87477
87493
87514
87522
87528
87529
87563
87569
87592
87625
87638
87649
87662
87663
87671
87684
87693
87700
87716
87727
87741
87763
87779
87796
87796
87818
87825
87826
87832
87870
87889
87915
87935
87956
87960
87961
87967
87982
87997
88008
88009
88010
88024
88025
88044
88050
88075
88093
88118
88131
88144
88153
88165
88174
88177
88242
88255
88272
88284
88289
88295
88331
88332
88355
88372
88394
88402
88417
88420
88446
88455
88474
88489
88490
88503
88516
88562
88570
88571
88596
88624
88735
88742
88763
88771
88782
88786
88800
88808
88842
88848
88862
88876
88882
88883
88913
88948
88958
88963
88974
88978
88983
89002
89030
89051
89052
89082
89091
89093
89094
89115
89133
89138
89144
89149
89152
89164
89165
89165
89182
89204
89219
89222
89223
89240
89279
89283
89299
89304
89329
89338
89342
89381
89383
89399
89401
89431
89432
89460
89463
89482
89484
89496
89505
89519
89520
89521
89522
89526
89529
89531
89537
89555
89556
89558
89565
89571
89579
89588
89620
89621
89627
89635
89638
89647
89651
89653
89657
89657
89658
89674
89676
89690
89691
89693
89698
89701
89707
89713
89716
89719
89739
89740
89741
89746
89751
89753
89766
89770
89781
89785
89799
89800
89801
89812
89817
89820
89827
89832
89846
89853
89856
89858
89863
89866
89868
89871
89886
89893
89904
89914
89928
89930
89952
89952
89953
89954
89957
89958
89958
89973
89980
90001
90002
90003
90005
90005
90013
90015
90023
90024
90026
90026
90059
90071
90072
90075
90096
90099
90114
90120
90121
90122
90124
90127
90135
90137
90140
90141
90143
90163
90170
90173
90215
90228
90237
90257
90257
90257
90272
90273
90284
90290
90297
90304
90310
90316
90331
90336
90341
90346
90348
90365
90385
90404
90406
90415
90428
90431
90433
90529
90542
90565
90591
90606
90641
90644
90662
90684
90693
90695
90709
90718
90737
90738
90746
90812
90823
90833
90850
90856
90857
90863
90864
90876
90877
90919
90923
90969
90970
90977
90983
91018
91026
91051
91055
91065
91095
91112
91131
91152
91172
91172
91174
91186
91202
91213
91215
91257
91259
91268
91270
91271
91304
91334
91345
91360
91373
91382
91395
91413
91429
91431
91435
91435
91435
91436
91438
91441
91462
91469
91479
91481
91483
91491
91520
91528
91531
91531
91533
91543
91545
91556
91569
91579
91579
91592
91606
91626
91638
91650
91653
91660
91662
91667
91675
91679
91684
91690
91691
91705
91705
91712
91729
91747
91750
91751
91751
91768
91776
91815
91819
91851
91856
91862
91862
91862
91874
91886
91897
91899
91900
91906
91907
91923
91927
91941
91946
91963
91966
91967
91970
91979
91988
91990
91993
92015
92031
92038
92039
92045
92055
92062
92082
92087
92101
92103
92105
92114
92118
92122
92126
92136
92138
92147
92159
92161
92162
92175
92177
92180
92182
92183
92198
92206
92209
92214
92219
92232
92235
92236
92242
92249
92259
92260
92260
92275
92276
92278
92282
92291
92294
92294
92301
92303
92305
92314
92317
92326
92328
92329
92333
92333
92338
92339
92339
92340
92342
92352
92359
92364
92368
92372
92380
92393
92397
92403
92405
92409
92413
92425
92425
92426
92443
92464
92489
92570
92594
92642
92677
92728
92730
92760
92787
92794
92813
92839
92839
92877
92911
92967
92968
93041
93042
93044
93055
93075
93123
93161
93179
93181
93202
93203
93206
93221
93246
93283
93301
93308
93309
93330
93347
93351
93357
93360
93372
93391
93395
93402
93403
93405
93417
93431
93438
93446
93455
93461
93469
93473
93475
93477
93481
93485
93496
93497
93516
93518
93522
93523
93524
93542
93546
93547
93552
93561
93562
93570
93578
93584
93585
93589
93591
93608
93611
93619
93621
93624
93636
93638
93648
93648
93652
93657
93658
93661
93662
93665
93665
93680
93681
93687
93691
93697
93703
93708
93712
93714
93725
93729
93735
93743
93763
93767
93779
93781
93791
93799
93804
93807
93818
93823
93832
93833
93837
93849
93857
93859
93871
93872
93874
93874
93879
93881
93886
93894
93898
93902
93903
93911
93913
93917
93922
93929
93947
93950
93954
93956
93963
93973
93983
93988
93991
94003
94009
94019
94039
94042
94044
94045
94051
94051
94060
94070
94071
94074
94091
94097
94105
94115
94116
94118
94125
94127
94149
94149
94158
94168
94182
94183
94189
94189
94190
94193
94194
94199
94220
94228
94228
94231
94238
94242
94243
94246
94247
94250
94263
94267
94279
94288
94289
94298
94302
94306
94324
94343
94343
94345
94452
94776
94789
94824
95006
95244
95297
95473
95517
95573
95591
95619
95666
95747
95857
95861
95877
95878
95889
95892
95961
95975
95988
96041
96048
96088
96133
96150
96225
96228
96232
96233
96233
96240
96243
96277
96283
96290
96317
96320
96325
96359
96380
96381
96394
96396
96405
96433
96440
96449
96457
96466
96511
96531
96532
96533
96537
96605
96627
96634
96676
96678
96700
96737
96755
96762
96771
96778
96799
96819
96941
96941
97015
97017
97029
97036
97086
97089
97099
97118
97133
97138
97153
97157
97204
97224
97251
97266
97284
97289
97297
97302
97305
97311
97311
97332
97335
97365
97389
97409
97409
97428
97450
97453
97459
97472
97473
97485
97488
97500
97507
97518
97523
97530
97538
97545
97550
97551
97553
97556
97563
97567
97569
97570
97574
97603
97605
97614
97631
97636
97642
97657
97660
97686
97691
97695
97700
97727
97755
97771
97772
97775
97787
97797
97811
97815
97829
97849
97883
97886
97889
97896
97904
97905
97905
97907
97912
97913
97915
97938
97945
97969
97976
97979
97979
97983
97987
97988
98042
98050
98054
98063
98063
98080
98107
98113
98116
98123
98142
98143
98149
98158
98165
98168
98170
98217
98224
