12
40
43
54
101
142
196
289
338
344
388
391
434
498
508
513
520
542
580
584
592
640
645
668
706
722
723
778
788
850
869
872
875
883
897
937
945
950
998
1225
1237
1250
1257
1371
1399
1431
1433
1441
1526
1537
1660
1682
1767
1885
1886
1916
1954
1956
1999
2064
2067
2097
2105
2117
2148
2161
2168
2206
2281
2315
2324
2356
2415
2457
2482
2506
2521
2531
2545
2552
2557
2559
2561
2596
2626
2631
2657
2686
2696
2711
2718
2732
2744
2760
2800
2802
2822
2834
2843
2851
2873
2907
2943
2945
2987
2990
3025
3087
3093
3104
3105
3116
3257
3307
3315
3363
3416
3423
3426
3439
3456
3472
3484
3517
3567
3575
3623
3719
3722
3726
3735
3748
3756
3776
3812
3824
3837
3858
3879
3880
3916
3918
3921
4010
4036
4039
4063
4071
4107
4117
4121
4123
4132
4144
4160
4189
4216
4269
4275
4291
4291
4322
4344
4350
4365
4368
4371
4408
4426
4462
4486
4506
4517
4531
4565
4571
4575
4625
4647
4647
4660
4681
4682
4694
4704
4729
4730
4732
4818
4827
4846
4847
4876
4898
4975
4980
4994
5009
5027
5104
5135
5202
5232
5274
5311
5339
5401
5403
5437
5450
5459
5478
5493
5503
5586
5598
5626
5688
5692
5732
5737
5760
5787
5796
5814
5845
5852
5872
5907
5948
5958
5969
5969
6020
6022
6031
6044
6049
6054
6056
6062
6069
6103
6108
6156
6190
6210
6215
6260
6275
6288
6291
6319
6337
6395
6413
6435
6437
6455
6473
6493
6519
6532
6546
6564
6570
6585
6596
6733
6739
6756
6777
6795
6835
6836
6839
6843
6866
6888
6901
6910
6948
6971
7001
7005
7006
7013
7016
7040
7041
7052
7070
7079
7081
7101
7102
7118
7120
7136
7138
7175
7188
7193
7211
7218
7225
7236
7262
7263
7328
7331
7331
7347
7350
7351
7357
7367
7407
7425
7438
7442
7444
7447
7447
7494
7495
7529
7571
7574
7587
7603
7606
7611
7616
7623
7634
7635
7636
7638
7649
7667
7670
7673
7673
7679
7703
7704
7712
7715
7726
7729
7758
7761
7762
7768
7771
7798
7810
7811
7845
7886
7887
7902
7925
7951
7987
7990
7991
7991
8010
8015
8023
8029
8069
8076
8077
8085
8112
8113
8117
8118
8121
8140
8145
8164
8175
8176
8189
8189
8196
8209
8223
8225
8225
8227
8233
8249
8271
8298
8309
8321
8332
8357
8361
8361
8362
8368
8376
8403
8406
8425
8425
8436
8447
8447
8454
8458
8469
8477
8492
8496
8517
8523
8532
8537
8541
8557
8576
8590
8590
8598
8607
8631
8640
8648
8651
8651
8659
8677
8697
8698
8698
8708
8748
8758
8759
8767
8769
8779
8816
8829
8847
8866
8878
8889
8900
8908
8938
8983
8985
9006
9007
9021
9022
9028
9064
9087
9089
9091
9110
9139
9219
9252
9274
9283
9284
9349
9354
9458
9466
9477
9488
9492
9499
9532
9566
9618
9667
9677
9716
9722
9735
9738
9740
9742
9764
9768
9769
9774
9776
9830
9856
9872
9874
9876
9887
9920
9927
9938
9938
9944
9966
9982
9983
10007
10047
10049
10055
10072
10079
10091
10105
10111
10136
10177
10187
10199
10212
10220
10238
10254
10257
10261
10266
10292
10297
10312
10325
10349
10353
10363
10370
10373
10374
10387
10404
10405
10461
10464
10499
10508
10519
10519
10520
10600
10603
10607
10609
10626
10626
10651
10658
10666
10674
10714
10757
10764
10830
10836
10898
10919
10976
10990
11035
11039
11040
11068
11091
11180
11206
11232
11242
11246
11280
11305
11312
11326
11328
11386
11391
11425
11426
11439
11478
11506
11537
11570
11636
11638
11661
11663
11679
11719
11771
11771
11812
11845
11862
11864
11877
11890
11898
11917
11951
11957
12008
12010
12011
12081
12086
12108
12139
12215
12291
12385
12401
12403
12407
12412
12501
12507
12582
12601
12630
12630
12669
12669
12685
12714
12717
12722
12744
12814
12849
12882
12924
12930
12952
13012
13025
13043
13110
13177
13181
13194
13202
13208
13212
13215
13216
13224
13269
13338
13350
13386
13436
13467
13491
13509
13607
13612
13627
13637
13639
13652
13655
13687
13707
13713
13738
13741
13797
13813
13823
13838
13869
13870
13879
13884
13885
13886
13896
13896
13899
13913
13933
13954
13966
14056
14071
14090
14103
14117
14129
14156
14157
14174
14177
14181
14181
14190
14192
14219
14242
14271
14296
14328
14363
14366
14378
14401
14411
14421
14443
14462
14519
14524
14570
14575
14579
14585
14605
14609
14610
14612
14613
14617
14620
14623
14637
14648
14662
14674
14693
14695
14699
14713
14713
14720
14747
14747
14749
14749
14753
14782
14795
14810
14810
14819
14839
14840
14857
14862
14871
14877
14905
14907
14921
14926
14946
14947
14947
14948
14949
14954
14976
14980
14990
14991
15014
15016
15039
15050
15068
15076
15078
15091
15099
15102
15103
15103
15114
15132
15132
15153
15160
15169
15172
15174
15181
15181
15188
15190
15191
15210
15220
15221
15226
15226
15227
15235
15245
15271
15281
15300
15304
15313
15337
15337
15350
15356
15357
15371
15373
15377
15405
15422
15426
15432
15454
15460
15461
15470
15485
15485
15485
15490
15491
15520
15535
15536
15540
15556
15570
15575
15575
15583
15591
15592
15600
15602
15614
15645
15656
15660
15665
15694
15699
15716
15718
15736
15748
15769
15782
15790
15804
15807
15812
15831
15838
15846
15863
15888
15893
15912
15914
15932
15948
15971
15973
15991
16022
16022
16036
16053
16142
16144
16155
16162
16163
16198
16229
16234
16292
16297
16318
16331
16344
16359
16384
16389
16417
16417
16424
16450
16484
16490
16492
16503
16510
16532
16562
16573
16577
16585
16591
16596
16599
16653
16681
16712
16739
16746
16752
16777
16778
16806
16817
16822
16827
16836
16840
16867
16881
16923
16928
16945
16973
17032
17046
17066
17068
17130
17195
17198
17218
17231
17301
17352
17360
17432
17439
17439
17468
17501
17520
17521
17522
17549
17554
17555
17558
17559
17592
17598
17645
17650
17661
17670
17674
17716
17727
17735
17766
17767
17772
17799
17851
17856
17902
17934
17986
17994
18087
18089
18121
18161
18172
18267
18306
18317
18320
18335
18380
18385
18414
18423
18435
18467
18483
18534
18538
18568
18575
18593
18600
18628
18636
18658
18727
18755
18769
18769
18823
18827
18844
18906
18913
18975
18997
19048
19066
19073
19085
19104
19106
19120
19173
19196
19230
19231
19245
19298
19331
19333
19382
19424
19425
19443
19470
19492
19509
19531
19555
19573
19777
19929
19957
20428
20441
20785
21102
21437
21542
21574
21646
21675
21764
21793
21858
21883
21887
21987
22092
22095
22104
22139
22158
22296
22333
22374
22384
22386
22402
22419
22419
22427
22439
22441
22469
22474
22513
22524
22585
22591
22596
22647
22662
22683
22686
22718
22799
22817
22843
22857
22879
22881
22898
22902
22904
22929
22949
23056
23060
23079
23079
23110
23161
23183
23221
23264
23313
23326
23346
23359
23385
23386
23417
23503
23518
23553
23556
23559
23578
23599
23666
23676
23687
23714
23723
23724
23741
23744
23753
23753
23785
23788
23827
23843
23890
23916
23932
23956
23974
23977
24024
24142
24145
24207
24226
24238
24242
24264
24272
24351
24359
24380
24398
24405
24425
24434
24456
24463
24472
24476
24480
24522
24533
24543
24596
24608
24610
24642
24692
24692
24698
24709
24713
24780
24827
24836
24858
24925
24933
24938
24939
24948
24959
24979
24985
25021
25025
25037
25041
25046
25046
25066
25067
25103
25103
25105
25107
25107
25115
25122
25160
25160
25174
25180
25184
25212
25227
25229
25278
25312
25313
25344
25347
25348
25393
25400
25478
25537
25542
25555
25561
25579
25581
25615
25632
25645
25652
25654
25663
25673
25711
25712
25715
25717
25718
25721
25727
25736
25739
25751
25757
25791
25792
25800
25825
25848
25869
25874
25884
25933
25942
25968
25978
25993
26018
26030
26035
26038
26054
26082
26134
26140
26162
26166
26187
26188
26206
26213
26238
26248
26253
26266
26272
26278
26299
26313
26317
26328
26340
26359
26360
26365
26367
26370
26379
26423
26424
26476
26482
26484
26488
26505
26530
26538
26549
26557
26584
26585
26599
26601
26608
26623
26629
26636
26642
26660
26671
26677
26685
26695
26703
26714
26724
26730
26743
26745
26749
26770
26771
26780
26810
26812
26846
26865
26882
26883
26892
26905
26908
26914
26928
26937
26969
26973
26973
26987
26992
27008
27008
27011
27023
27047
27052
27055
27060
27091
27095
27113
27118
27122
27123
27129
27131
27133
27161
27170
27185
27190
27193
27207
27208
27218
27240
27242
27243
27249
27261
27271
27282
27309
27325
27326
27333
27339
27371
27372
27379
27399
27407
27409
27413
27456
27461
27463
27475
27482
27488
27490
27520
27521
27529
27539
27540
27541
27573
27585
27594
27610
27617
27622
27650
27686
27687
27712
27714
27716
27729
27745
27761
27777
27793
27803
27805
27810
27814
27818
27819
27832
27838
27844
27846
27855
27873
27892
27913
27944
27975
27990
27990
28010
28040
28053
28065
28090
28101
28119
28129
28133
28137
28138
28148
28200
28201
28203
28212
28216
28219
28237
28246
28250
28253
28292
28293
28305
28309
28334
28339
28350
28351
28353
28377
28385
28388
28395
28400
28405
28428
28459
28483
28487
28495
28500
28564
28567
28571
28588
28600
28608
28616
28635
28656
28670
28693
28694
28695
28710
28711
28721
28724
28733
28733
28735
28739
28756
28767
28769
28786
28797
28829
28838
28839
28850
28851
28873
28898
28908
28922
28922
28983
28992
29034
29060
29060
29063
29084
29089
29091
29112
29125
29132
29140
29147
29153
29157
29164
29169
29178
29201
29224
29234
29235
29239
29252
29264
29269
29278
29278
29284
29295
29319
29332
29338
29343
29344
29345
29366
29414
29415
29416
29420
29421
29428
29457
29471
29480
29505
29513
29535
29535
29559
29576
29581
29589
29594
29599
29605
29615
29639
29649
29669
29678
29679
29694
29700
29708
29710
29714
29716
29716
29730
29731
29740
29756
29761
29777
29784
29804
29811
29811
29814
29814
29817
29826
29833
29839
29841
29845
29857
29858
29861
29872
29875
29892
29900
29906
29915
29948
29949
29950
29969
29970
29982
29995
30003
30017
30021
30032
30041
30055
30064
30084
30123
30134
30137
30144
30151
30162
30168
30169
30190
30204
30223
30226
30226
30232
30270
30270
30278
30285
30317
30324
30325
30329
30374
30387
30388
30395
30402
30409
30412
30420
30423
30464
30464
30498
30509
30554
30559
30579
30583
30585
30590
30592
30596
30601
30622
30622
30635
30646
30731
30737
30738
30741
30753
30764
30775
30795
30800
30807
30808
30812
30838
30839
30848
30853
30872
30887
30895
30930
30937
30939
30952
30953
30962
30975
30989
30991
31003
31013
31078
31090
31101
31103
31103
31118
31128
31129
31151
31151
31178
31179
31181
31182
31201
31210
31210
31270
31278
31290
31290
31292
31295
31310
31312
31322
31324
31331
31338
31341
31352
31362
31375
31380
31426
31430
31439
31447
31449
31459
31464
31485
31492
31492
31493
31519
31554
31557
31632
31637
31646
31680
31687
31690
31693
31702
31710
31751
31766
31768
31772
31782
31786
31787
31804
31810
31875
31876
31884
31887
31891
31905
31919
31923
31923
31958
31959
31964
31979
31989
32008
32009
32009
32021
32031
32040
32061
32103
32169
32178
32186
32192
32198
32207
32208
32213
32223
32224
32228
32233
32247
32251
32261
32268
32279
32280
32298
32310
32358
32367
32371
32408
32428
32437
32452
32453
32456
32472
32474
32493
32493
32494
32547
32593
32608
32610
32632
32635
32635
32640
32658
32663
32667
32702
32721
32724
32732
32738
32743
32743
32743
32758
32775
32776
32786
32788
32789
32789
32792
32812
32823
32830
32836
32838
32842
32857
32869
32874
32902
32902
32908
32915
32932
32939
32955
32962
32965
32985
32985
32986
32989
32995
32997
33008
33022
33046
33061
33063
33080
33081
33086
33091
33109
33122
33131
33146
33154
33230
33233
33266
33283
33296
33298
33301
33316
33332
33348
33371
33386
33406
33420
33428
33433
33446
33455
33456
33461
33462
33472
33476
33476
33493
33498
33514
33529
33537
33554
33561
33563
33565
33566
33567
33575
33584
33585
33597
33616
33619
33623
33625
33636
33640
33644
33649
33679
33687
33689
33699
33708
33712
33712
33717
33726
33727
33733
33735
33738
33742
33745
33747
33758
33767
33775
33780
33784
33804
33805
33807
33817
33817
33822
33828
33829
33832
33838
33838
33852
33853
33870
33886
33894
33896
33913
33915
33924
33935
33938
33939
33947
33963
33964
33966
33968
33987
34002
34002
34004
34006
34015
34022
34023
34037
34054
34070
34071
34072
34099
34101
34114
34119
34128
34144
34145
34178
34182
34198
34208
34221
34223
34242
34243
34258
34259
34269
34274
34277
34284
34285
34286
34333
34341
34347
34348
34358
34369
34369
34382
34386
34408
34411
34426
34440
34457
34459
34466
34482
34498
34514
34521
34525
34535
34540
34544
34545
34561
34564
34565
34570
34576
34581
34598
34606
34619
34626
34628
34652
34659
34668
34669
34674
34713
34714
34729
34733
34763
34765
34767
34773
34775
34797
34802
34803
34804
34822
34841
34860
34879
34929
34932
34933
34936
34949
34959
34962
34994
35006
35035
35041
35043
35044
35045
35053
35081
35083
35083
35086
35120
35121
35147
35155
35164
35173
35181
35196
35208
35221
35224
35232
35243
35254
35256
35273
35275
35285
35305
35356
35367
35373
35388
35397
35460
35462
35474
35507
35511
35531
35579
35583
35612
35614
35617
35637
35644
35688
35718
35723
35730
35740
35753
35765
35766
35826
35836
35875
35892
35894
35928
35934
35954
35967
36010
36022
36026
36027
36053
36083
36131
36141
36144
36152
36153
36160
36181
36203
36208
36210
36215
36220
36245
36251
36260
36264
36265
36265
36318
36320
36326
36327
36341
36375
36388
36390
36412
36416
36440
36446
36502
36510
36543
36577
36589
36591
36604
36609
36614
36637
36639
36648
36652
36666
36668
36686
36708
36721
36741
36751
36752
36753
36760
36768
36773
36776
36779
36781
36782
36790
36794
36796
36806
36828
36835
36837
36845
36856
36860
36862
36873
36880
36898
36902
36925
36946
36956
36991
37010
37031
37041
37043
37061
37063
37070
37092
37102
37115
37122
37125
37134
37159
37169
37173
37184
37194
37195
37197
37199
37202
37209
37209
37233
37249
37274
37282
37290
37295
37314
37317
37329
37334
37341
37350
37351
37383
37397
37398
37402
37410
37434
37436
37436
37440
37456
37458
37462
37505
37510
37518
37528
37535
37574
37612
37616
37648
37654
37668
37689
37718
37737
37778
37778
37782
37790
37808
37846
37871
37877
37880
37888
37893
37906
37936
37955
37955
37960
37990
38003
38010
38021
38047
38080
38094
38099
38103
38108
38160
38173
38179
38200
38201
38204
38214
38217
38220
38241
38251
38256
38262
38271
38277
38292
38300
38301
38308
38333
38346
38358
38367
38371
38375
38379
38382
38396
38398
38398
38403
38408
38455
38471
38476
38483
38487
38506
38512
38516
38542
38553
38561
38562
38563
38566
38566
38579
38581
38589
38597
38607
38623
38624
38641
38645
38651
38652
38669
38686
38693
38720
38727
38734
38747
38778
38790
38824
38825
38835
38835
38852
38856
38865
38881
38894
38904
38911
38922
38925
38932
38934
38937
38944
38953
38975
39011
39022
39028
39033
39034
39038
39057
39066
39067
39077
39085
39089
39094
39104
39108
39109
39125
39129
39130
39135
39138
39140
39140
39141
39141
39158
39162
39191
39196
39203
39207
39213
39216
39217
39229
39234
39234
39241
39243
39255
39256
39269
39294
39299
39302
39337
39345
39360
39379
39397
39398
39424
39438
39447
39473
39499
39501
39510
39515
39534
39546
39548
39552
39563
39573
39598
39604
39624
39642
39646
39667
39682
39695
39702
39722
39745
39762
39766
39772
39773
39773
39776
39789
39812
39817
39820
39829
39839
39851
39856
39868
39872
39873
39883
39884
39892
39933
39942
39950
39953
39973
39992
39993
39996
39998
39999
40001
40021
40035
40035
40055
40108
40111
40128
40154
40188
40213
40214
40220
40222
40225
40230
40231
40234
40240
40247
40248
40266
40271
40279
40282
40290
40297
40300
40305
40315
40329
40344
40352
40368
40373
40382
40400
40406
40411
40413
40417
40423
40434
40439
40440
40459
40474
40487
40521
40521
40522
40545
40550
40558
40560
40585
40586
40588
40593
40606
40615
40623
40650
40655
40656
40667
40686
40687
40699
40708
40708
40731
40741
40746
40750
40759
40760
40768
40773
40777
40783
40811
40823
40886
40891
40895
40901
40902
40902
40906
40910
40916
40926
40932
40937
40961
40972
40975
40976
40978
40987
40990
41001
41018
41029
41032
41035
41036
41042
41064
41073
41082
41105
41107
41117
41122
41123
41126
41128
41132
41133
41136
41139
41159
41167
41169
41184
41188
41195
41197
41197
41255
41265
41277
41303
41312
41325
41331
41336
41339
41349
41352
41357
41359
41362
41368
41373
41375
41387
41390
41398
41406
41413
41435
41441
41452
41463
41464
41482
41483
41488
41509
41518
41529
41531
41539
41566
41569
41574
41582
41632
41633
41638
41648
41657
41660
41670
41670
41694
41709
41722
41725
41728
41748
41756
41765
41780
41790
41798
41805
41806
41809
41836
41854
41861
41881
41889
41913
41937
41943
41945
41948
41953
41962
41964
41967
41976
41983
41983
41985
41996
42008
42065
42075
42077
42079
42082
42096
42104
42125
42129
42131
42138
42154
42164
42173
42177
42184
42193
42201
42202
42210
42230
42240
42243
42266
42269
42281
42289
42299
42302
42322
42340
42347
42360
42370
42370
42376
42385
42390
42411
42425
42436
42460
42489
42492
42501
42502
42524
42527
42536
42540
42544
42567
42573
42580
42584
42584
42596
42600
42601
42608
42620
42626
42632
42652
42680
42691
42692
42693
42695
42706
42716
42717
42726
42731
42765
42775
42777
42782
42802
42808
42813
42841
42842
42852
42900
42917
42955
42981
42981
42983
43001
43020
43038
43047
43050
43051
43059
43075
43102
43152
43156
43167
43177
43181
43194
43195
43211
43236
43236
43241
43244
43273
43298
43331
43333
43333
43336
43340
43379
43390
43391
43401
43401
43412
43414
43427
43447
43478
43501
43516
43523
43525
43533
43538
43547
43548
43552
43557
43561
43575
43589
43597
43598
43627
43636
43660
43663
43672
43675
43684
43692
43693
43697
43698
43707
43709
43715
43724
43730
43731
43734
43757
43782
43782
43799
43804
43805
43810
43810
43829
43830
43831
43844
43850
43866
43867
43877
43881
43882
43890
43895
43908
43927
43932
43974
43979
43982
43983
43994
44032
44033
44038
44074
44075
44076
44092
44096
44107
44112
44118
44126
44127
44134
44152
44163
44172
44173
44187
44189
44192
44218
44224
44233
44247
44259
44263
44269
44269
44269
44286
44290
44318
44323
44329
44329
44340
44345
44382
44384
44414
44422
44431
44443
44445
44461
44464
44475
44479
44496
44497
44504
44521
44531
44550
44553
44564
44567
44570
44573
44597
44608
44611
44620
44636
44637
44687
44698
44705
44708
44717
44719
44731
44773
44787
44806
44817
44823
44834
44838
44851
44875
44879
44890
44903
44903
44921
44924
44929
44951
44951
44956
44961
44961
44962
44969
44971
44977
45003
45011
45012
45051
45067
45076
45112
45113
45132
45136
45155
45160
45162
45175
45177
45186
45191
45195
45197
45197
45212
45216
45229
45229
45252
45256
45257
45262
45263
45264
45264
45279
45280
45280
45285
45312
45317
45338
45342
45343
45349
45351
45359
45371
45406
45410
45420
45435
45441
45464
45478
45483
45497
45500
45524
45535
45552
45556
45566
45567
45571
45575
45587
45600
45601
45603
45604
45613
45622
45622
45623
45625
45636
45637
45640
45640
45649
45650
45651
45660
45670
45685
45696
45699
45703
45704
45711
45713
45719
45723
45724
45727
45736
45739
45741
45747
45749
45762
45770
45783
45785
45789
45792
45805
45806
45830
45840
45855
45856
45864
45865
45865
45870
45874
45881
45884
45891
45895
45907
45907
45907
45945
45948
45956
45958
45966
45971
45986
46001
46014
46023
46027
46036
46042
46084
46094
46100
46101
46107
46136
46145
46159
46167
46188
46214
46226
46250
46257
46280
46298
46319
46335
46359
46389
46409
46422
46462
46463
46479
46513
46520
46573
46576
46593
46595
46623
46637
46648
46661
46669
46673
46699
46703
46711
46716
46733
46748
46763
46781
46797
46802
46807
46811
46821
46843
46867
46871
46877
46880
46917
46945
46946
46947
46947
46949
46968
46974
47039
47045
47066
47066
47079
47093
47094
47097
47100
47101
47113
47116
47132
47132
47133
47157
47169
47176
47179
47197
47215
47220
47247
47253
47253
47260
47260
47261
47262
47274
47324
47328
47332
47333
47337
47341
47343
47356
47365
47372
47390
47412
47420
47428
47434
47438
47444
47451
47452
47490
47498
47501
47518
47545
47553
47572
47582
47587
47614
47616
47622
47622
47625
47627
47629
47634
47634
47636
47640
47641
47642
47655
47655
47657
47665
47672
47699
47707
47714
47730
47783
47791
47807
47818
47831
47840
47856
47867
47873
47881
47924
47934
47942
47962
47963
47990
48002
48004
48019
48039
48043
48066
48100
48111
48120
48122
48131
48136
48143
48151
48161
48190
48193
48223
48226
48233
48245
48274
48278
48278
48281
48290
48298
48302
48308
48309
48318
48329
48330
48348
48350
48363
48398
48404
48408
48413
48421
48443
48478
48486
48496
48503
48508
48520
48557
48561
48563
48576
48587
48605
48639
48650
48652
48661
48670
48705
48708
48748
48749
48773
48779
48787
48799
48802
48812
48817
48818
48884
48887
48906
48910
48912
48915
48916
48933
48937
48942
48951
48954
48983
48984
48988
48990
49042
49077
49078
49085
49086
49094
49115
49138
49153
49153
49177
49189
49192
49224
49224
49228
49236
49277
49298
49306
49308
49308
49325
49326
49347
49364
49372
49392
49393
49395
49396
49399
49422
49426
49438
49446
49455
49480
49493
49502
49506
49520
49523
49538
49539
49540
49547
49558
49561
49561
49569
49581
49583
49584
49596
49620
49621
49643
49660
49661
49685
49694
49697
49701
49720
49721
49761
49766
49767
49783
49817
49818
49827
49849
49855
49858
49859
49867
49868
49917
49922
49939
49974
50004
50016
50028
50051
50059
50075
50081
50089
50091
50095
50095
50106
50118
50118
50124
50127
50134
50159
50161
50164
50165
50178
50181
50192
50195
50202
50219
50223
50232
50238
50239
50250
50257
50261
50262
50264
50286
50316
50324
50339
50341
50345
50347
50356
50358
50369
50369
50381
50382
50387
50390
50399
50406
50427
50451
50461
50474
50484
50506
50536
50551
50553
50593
50599
50601
50606
50632
50640
50652
50669
50681
50687
50701
50717
50722
50733
50733
50736
50747
50775
50788
50791
50792
50796
50799
50810
50812
50825
50825
50859
50885
50886
50898
50898
50901
50902
50913
50931
50936
50947
50950
50951
50971
50977
50985
51009
51010
51014
51021
51025
51029
51033
51047
51048
51055
51063
51067
51073
51080
51111
51117
51126
51141
51146
51146
51149
51158
51172
51192
51192
51204
51235
51240
51250
51267
51270
51284
51289
51292
51298
51303
51313
51313
51317
51326
51339
51370
51385
51400
51413
51417
51422
51443
51452
51460
51461
51463
51466
51473
51474
51480
51488
51492
51506
51507
51529
51529
51542
51546
51577
51579
51579
51582
51582
51585
51598
51602
51607
51612
51630
51632
51651
51655
51656
51668
51685
51694
51709
51736
51756
51757
51785
51787
51792
51795
51796
51798
51808
51814
51820
51845
51848
51875
51885
51887
51911
51917
51922
51942
51970
51972
51972
51997
52006
52012
52018
52041
52053
52069
52073
52080
52089
52089
52093
52101
52116
52131
52137
52140
52163
52169
52179
52194
52197
52216
52227
52231
52246
52248
52250
52253
52264
52280
52281
52300
52309
52316
52323
52337
52351
52357
52372
52376
52430
52438
52439
52443
52443
52447
52448
52449
52453
52465
52472
52474
52483
52483
52512
52523
52539
52540
52540
52544
52565
52590
52601
52602
52630
52636
52638
52652
52655
52672
52688
52689
52691
52695
52712
52719
52724
52725
52725
52741
52755
52783
52794
52794
52817
52829
52857
52875
52893
52909
52937
52942
52943
52949
52952
52953
52956
52956
52958
52973
52984
52998
53001
53005
53014
53034
53037
53064
53074
53081
53084
53091
53095
53105
53131
53139
53144
53159
53171
53176
53209
53230
53234
53238
53266
53285
53298
53305
53306
53308
53312
53326
53333
53335
53351
53356
53358
53363
53379
53384
53389
53391
53394
53397
53401
53401
53410
53423
53443
53449
53450
53452
53459
53470
53475
53484
53496
53505
53508
53519
53541
53543
53546
53575
53580
53581
53633
53635
53666
53674
53686
53695
53699
53701
53705
53721
53726
53734
53739
53743
53750
53762
53765
53771
53805
53814
53827
53830
53832
53841
53841
53843
53846
53852
53858
53861
53879
53891
53905
53908
53913
53960
53976
53983
53988
53993
53999
54013
54013
54013
54022
54047
54066
54087
54093
54102
54123
54142
54190
54195
54195
54198
54202
54203
54223
54260
54275
54284
54295
54313
54345
54350
54358
54382
54409
54412
54416
54417
54424
54439
54439
54454
54459
54464
54468
54490
54508
54531
54539
54562
54580
54591
54618
54625
54626
54638
54722
54731
54737
54753
54775
54797
54846
54857
54866
54871
54875
54883
54911
54921
54952
55008
55041
55056
55110
55183
55190
55198
55201
55203
55203
55208
55250
55295
55390
55395
55401
55408
55411
55418
55436
55438
55492
55502
55502
55546
55587
55601
55648
55653
55700
55707
55712
55753
55889
55894
55897
55900
55936
55977
55988
55995
55997
56004
56006
56031
56039
56041
56059
56060
56072
56083
56085
56108
56154
56160
56167
56169
56180
56196
56199
56202
56220
56230
56237
56260
56275
56278
56294
56298
56298
56302
56303
56312
56317
56319
56327
56333
56336
56354
56371
56402
56426
56442
56463
56472
56473
56484
56488
56491
56495
56501
56505
56505
56510
56532
56533
56543
56567
56571
56572
56576
56580
56587
56595
56617
56621
56624
56625
56631
56636
56644
56649
56651
56660
56664
56672
56684
56686
56708
56711
56717
56746
56758
56765
56779
56788
56796
56847
56859
56863
56873
56882
56916
56917
56923
56930
56933
56974
56976
56977
56982
57023
57035
57040
57053
57065
57084
57086
57088
57097
57116
57125
57134
57136
57140
57141
57157
57191
57202
57218
57220
57248
57273
57287
57309
57314
57360
57369
57384
57395
57418
57430
57443
57461
57478
57503
57512
57544
57615
57631
57631
57652
57667
57673
57692
57700
57728
57733
57755
57761
57762
57808
57826
57828
57832
57839
57850
57872
57897
57905
57946
57960
57969
57969
57976
57979
57983
57993
57996
58029
58036
58036
58047
58056
58068
58069
58069
58088
58089
58102
58106
58108
58109
58111
58112
58117
58132
58135
58143
58144
58147
58159
58184
58190
58192
58194
58199
58203
58209
58232
58234
58244
58245
58246
58251
58270
58275
58278
58293
58319
58328
58334
58340
58348
58351
58356
58369
58392
58393
58397
58401
58409
58414
58414
58417
58422
58430
58437
58441
58447
58449
58450
58452
58462
58475
58476
58496
58501
58502
58505
58512
58517
58545
58558
58584
58603
58620
58640
58643
58646
58651
58662
58663
58665
58695
58711
58723
58735
58739
58756
58770
58775
58781
58799
58813
58822
58849
58849
58852
58863
58872
58886
58889
58896
58898
58912
58912
58912
58917
58930
58933
58935
58944
58945
58970
59051
59123
59180
59358
59534
59539
59555
59794
59807
59863
59869
59904
59907
59908
59943
59998
60003
60006
60032
60122
60144
60179
60229
60236
60266
60267
60284
60285
60315
60330
60332
60338
60365
60433
60487
60490
60503
60510
60523
60528
60539
60550
60596
60620
60626
60638
60643
60649
60662
60676
60680
60682
60704
60711
60717
60742
60759
60760
60762
60800
60842
60844
60885
60891
60897
60911
60937
60965
61110
61145
61157
61244
61276
61329
61382
61382
61444
61459
61558
61559
61575
61577
61630
61637
61650
61686
61734
61791
61809
61817
61896
62055
62066
62156
62170
62192
62214
62239
62242
62244
62254
62287
62303
62342
62358
62411
62468
62478
62562
62651
62673
62673
62728
62793
62810
62811
62822
62857
62867
62878
62917
62949
62999
63054
63058
63069
63128
63217
63247
63250
63259
63285
63349
63384
63416
63483
63492
63513
63590
63612
63643
63682
63686
63698
63770
63828
63858
63891
63896
63914
63944
63949
63959
63976
64044
64050
64092
64115
64185
64215
64276
64309
64328
64336
64356
64373
64398
64417
64432
64434
64443
64462
64523
64528
64629
64679
64680
64697
64738
64743
64744
64753
64756
64797
64821
64857
64863
64882
64883
64927
64988
65018
65035
65113
65181
65183
65227
65238
65251
65306
65328
65334
65342
65364
65432
65444
65498
65511
65514
65515
65524
65545
65583
65625
65625
65629
65631
65653
65663
65690
65696
65712
65737
65739
65745
65755
65772
65772
65776
65779
65787
65800
65810
65812
65812
65813
65823
65864
65890
65901
65915
65942
65943
65956
65961
65962
65964
65968
65974
65983
65992
65992
65997
66027
66030
66034
66054
66074
66077
66080
66085
66111
66120
66129
66140
66143
66151
66172
66183
66199
66205
66209
66218
66221
66227
66244
66244
66257
66277
66293
66317
66319
66326
66330
66349
66371
66404
66412
66417
66423
66425
66427
66429
66432
66433
66442
66465
66476
66478
66481
66481
66481
66505
66507
66523
66533
66543
66551
66552
66557
66569
66587
66591
66598
66617
66636
66638
66644
66645
66741
66753
66777
66784
66785
66802
66810
66869
66883
66889
66900
66901
66901
66921
66948
66960
66992
66999
67025
67037
67077
67105
67105
67143
67150
67151
67151
67191
67227
67248
67249
67252
67266
67329
67375
67404
67407
67420
67465
67475
67479
67529
67536
67551
67573
67607
67610
67618
67623
67641
67646
67675
67690
67694
67702
67723
67729
67734
67751
67753
67820
67822
67823
67827
67840
67849
67861
67871
67921
67948
67964
67966
68012
68037
68108
68124
68143
68145
68163
68172
68172
68179
68194
68207
68223
68251
68266
68277
68289
68290
68296
68320
68321
68330
68339
68365
68377
68391
68393
68410
68442
68449
68461
68468
68499
68500
68515
68528
68552
68596
68602
68603
68609
68609
68616
68619
68624
68631
68642
68672
68697
68713
68727
68738
68760
68769
68769
68777
68778
68789
68793
68794
68794
68801
68810
68819
68850
68879
68882
68883
68892
68908
68912
68919
68932
68951
68955
68956
68967
68977
68980
68983
68988
68988
68998
69008
69013
69021
69027
69036
69051
69070
69080
69082
69083
69104
69107
69107
69109
69139
69170
69183
69198
69209
69212
69221
69226
69229
69238
69241
69245
69255
69256
69266
69276
69284
69305
69318
69323
69327
69329
69337
69360
69367
69367
69372
69374
69383
69400
69405
69410
69411
69430
69432
69441
69443
69443
69464
69496
69500
69503
69510
69521
69531
69534
69535
69538
69554
69555
69555
69566
69570
69580
69586
69589
69589
69590
69600
69600
69607
69608
69615
69619
69623
69639
69641
69644
69645
69649
69661
69668
69671
69671
69676
69687
69687
69688
69689
69694
69694
69696
69696
69701
69712
69712
69740
69743
69746
69750
69754
69755
69761
69763
69768
69772
69789
69812
69825
69839
69842
69845
69860
69862
69865
69869
69870
69878
69885
69890
69895
69912
69916
69943
69955
69956
69959
69978
69979
69988
69992
70001
70010
70027
70031
70052
70056
70061
70063
70065
70067
70081
70087
70090
70090
70092
70092
70104
70113
70129
70130
70137
70142
70146
70173
70194
70205
70211
70211
70223
70224
70234
70234
70234
70244
70255
70258
70285
70298
70312
70356
70370
70371
70371
70372
70373
70376
70389
70402
70411
70412
70425
70430
70440
70466
70470
70480
70499
70508
70509
70517
70523
70531
70531
70532
70538
70543
70549
70570
70573
70588
70606
70631
70632
70637
70644
70645
70651
70658
70662
70666
70667
70668
70669
70673
70709
70739
70747
70763
70768
70774
70786
70791
70807
70807
70809
70830
70834
70835
70848
70860
70866
70873
70873
70877
70887
70895
70906
70924
70935
70938
70945
70951
70955
70967
70974
70975
70980
70986
70986
70987
71003
71005
71006
71015
71023
71033
71040
71040
71054
71095
71099
71115
71125
71125
71126
71152
71156
71163
71202
71203
71206
71217
71224
71230
71234
71265
71274
71287
71307
71310
71316
71325
71329
71333
71333
71358
71361
71363
71371
71373
71393
71394
71398
71399
71407
71415
71442
71460
71467
71473
71475
71491
71499
71516
71525
71528
71536
71548
71555
71561
71565
71575
71576
71581
71586
71593
71685
71686
71690
71692
71725
71734
71747
71753
71768
71793
71828
71831
71837
71851
71857
71864
71872
71884
71887
71891
71892
71898
71954
71964
71987
72006
72014
72025
72026
72068
72093
72112
72115
72160
72165
72187
72195
72198
72198
72207
72226
72253
72284
72320
72320
72347
72359
72365
72371
72374
72388
72390
72405
72440
72447
72449
72451
72462
72468
72468
72473
72475
72479
72494
72503
72506
72515
72532
72533
72566
72574
72576
72586
72591
72598
72606
72614
72617
72645
72683
72695
72697
72698
72700
72715
72722
72752
72753
72761
72763
72779
72785
72787
72795
72822
72827
72843
72843
72859
72868
72870
72887
72890
72893
72901
72906
72918
72922
72940
72944
72963
72965
72989
72994
73000
73019
73025
73035
73045
73061
73065
73065
73071
73098
73103
73109
73127
73128
73134
73144
73152
73153
73161
73203
73217
73217
73232
73244
73244
73247
73250
73263
73274
73276
73276
73279
73281
73284
73303
73309
73309
73316
73337
73343
73343
73349
73377
73388
73388
73394
73411
73412
73412
73419
73424
73434
73440
73445
73447
73464
73467
73468
73471
73471
73473
73474
73480
73481
73494
73495
73498
73500
73509
73527
73529
73556
73564
73584
73599
73610
73620
73621
73654
73655
73658
73666
73667
73670
73670
73670
73674
73679
73681
73681
73683
73702
73717
73724
73725
73732
73748
73756
73757
73759
73765
73769
73776
73790
73796
73801
73804
73823
73846
73866
73896
73898
73901
73903
73909
73913
73948
73972
73977
73986
74072
74086
74098
74113
74114
74153
74179
74185
74197
74201
74265
74276
74288
74312
74327
74328
74333
74334
74346
74355
74357
74367
74370
74372
74373
74376
74384
74387
74412
74441
74443
74446
74454
74455
74493
74504
74516
74524
74541
74543
74543
74556
74559
74563
74564
74568
74582
74583
74589
74608
74618
74621
74641
74647
74655
74656
74669
74672
74712
74722
74722
74746
74748
74751
74760
74769
74772
74772
74778
74822
74830
74852
74857
74863
74896
74898
74905
74912
74918
74927
74929
74931
74942
74949
74968
74975
74982
74989
74991
74995
75013
75023
75030
75035
75044
75052
75081
75081
75091
75093
75120
75123
75134
75136
75140
75156
75181
75197
75212
75229
75251
75295
75342
75366
75366
75371
75392
75400
75402
75423
75431
75434
75440
75452
75453
75460
75478
75494
75511
75514
75531
75542
75559
75593
75596
75598
75626
75642
75644
75645
75652
75687
75695
75707
75709
75716
75731
75732
75772
75799
75805
75808
75812
75817
75821
75822
75838
75841
75851
75854
75871
75883
75897
75900
75925
75937
75969
75999
76011
76018
76020
76031
76041
76061
76102
76103
76103
76109
76112
76126
76140
76148
76212
76221
76226
76238
76247
76264
76295
76322
76328
76328
76362
76374
76378
76379
76381
76382
76428
76431
76440
76454
76482
76485
76486
76490
76490
76491
76497
76543
76549
76568
76571
76572
76620
76636
76655
76657
76695
76695
76716
76720
76728
76730
76735
76740
76754
76787
76797
76825
76835
76857
76859
76875
76881
76883
76889
76889
76910
76960
76960
76987
76998
77006
77029
77032
77035
77044
77047
77081
77110
77134
77141
77146
77165
77167
77186
77188
77197
77199
77203
77203
77209
77221
77230
77248
77252
77255
77258
77293
77297
77297
77304
77318
77318
77320
77331
77374
77394
77418
77427
77428
77469
77472
77512
77532
77542
77554
77602
77629
77685
77692
77701
77713
77723
77767
77768
77795
77853
77868
77869
77869
77888
77888
77894
77905
77913
77922
77926
77933
77959
77970
77974
77989
78022
78027
78043
78059
78062
78066
78086
78092
78105
78106
78112
78133
78136
78144
78164
78177
78189
78200
78214
78239
78240
78243
78258
78262
78263
78270
78273
78281
78288
78300
78309
78310
78333
78345
78348
78364
78372
78390
78409
78414
78422
78432
78436
78501
78556
78607
78635
78762
78778
78875
78897
78918
79020
79035
79101
79106
79142
79215
79267
79279
79290
79344
79347
79350
79381
79413
79419
79428
79456
79461
79478
79479
79499
79521
79569
79594
79619
79639
79641
79643
79655
79666
79696
79707
79725
79740
79744
79751
79759
79782
79783
79785
79795
79827
79839
79842
79896
79910
79971
79987
79991
79999
80000
80017
80046
80046
80056
80069
80071
80077
80085
80093
80094
80118
80126
80144
80152
80155
80175
80215
80229
80251
80263
80296
80307
80343
80360
80365
80382
80402
80405
80423
80424
80433
80438
80448
80454
80459
80459
80476
80479
80481
80489
80491
80492
80505
80531
80536
80538
80542
80574
80580
80592
80612
80624
80627
80637
80639
80679
80683
80685
80710
80716
80732
80738
80757
80760
80762
80779
80813
80818
80827
80831
80833
80839
80861
80863
80864
80867
80869
80870
80879
80885
80896
80897
80903
80903
80904
80913
80928
80933
80933
80934
80946
80957
80960
80961
80966
80966
80967
80973
80978
80994
81000
81014
81027
81032
81041
81046
81059
81083
81093
81094
81098
81098
81100
81107
81112
81115
81132
81134
81141
81148
81156
81177
81184
81196
81205
81211
81220
81223
81227
81238
81245
81248
81252
81254
81255
81256
81257
81258
81293
81297
81299
81301
81317
81319
81326
81333
81334
81337
81338
81339
81358
81363
81400
81410
81411
81431
81434
81452
81492
81502
81507
81507
81507
81522
81533
81549
81561
81589
81602
81614
81624
81684
81693
81696
81707
81716
81716
81731
81736
81741
81742
81767
81817
81819
81842
81865
81872
81873
81891
81894
81905
81916
81933
81934
81944
81969
81971
82056
82061
82061
82066
82077
82077
82085
82086
82120
82127
82132
82148
82150
82174
82176
82177
82206
82212
82236
82238
82239
82251
82267
82269
82282
82285
82289
82312
82316
82318
82320
82340
82341
82345
82345
82356
82359
82360
82377
82383
82394
82427
82428
82437
82438
82440
82449
82451
82457
82458
82461
82463
82468
82471
82481
82485
82504
82505
82523
82524
82545
82561
82567
82575
82586
82586
82602
82614
82624
82643
82668
82689
82698
82701
82703
82707
82721
82733
82744
82748
82756
82758
82831
82843
82851
82856
82878
82883
82892
82894
82898
82909
82923
82930
82939
82957
82994
82995
83014
83014
83022
83034
83038
83040
83053
83061
83076
83095
83100
83120
83126
83145
83155
83161
83163
83164
83169
83201
83204
83204
83218
83220
83231
83237
83249
83253
83257
83263
83293
83295
83300
83302
83308
83321
83341
83348
83349
83386
83394
83416
83425
83438
83462
83468
83491
83496
83517
83538
83548
83578
83601
83608
83630
83664
83690
83699
83712
83726
83753
83782
83788
83792
83798
83846
83848
83921
83942
83994
83998
84007
84016
84017
84091
84097
84097
84112
84124
84160
84196
84212
84214
84255
84280
84306
84318
84394
84405
84415
84437
84438
84440
84469
84532
84599
84644
84692
84730
84746
84756
84774
84779
84780
84810
84815
84832
84837
84852
84855
84890
84910
84945
84967
84981
85020
85087
85107
85113
85116
85117
85139
85162
85167
85173
85193
85200
85204
85213
85234
85235
85243
85255
85260
85267
85269
85291
85300
85306
85311
85316
85342
85346
85360
85400
85401
85407
85409
85415
85424
85441
85453
85457
85467
85480
85481
85493
85502
85518
85548
85552
85554
85572
85574
85582
85590
85593
85597
85598
85600
85605
85607
85618
85640
85646
85648
85661
85665
85693
85699
85741
85754
85762
85763
85777
85782
85784
85798
85812
85840
85841
85851
85857
85866
85866
85872
85884
85887
85890
85903
85914
85923
85926
85930
85941
85970
85989
85999
86003
86007
86010
86011
86012
86017
86025
86032
86036
86058
86068
86072
86097
86102
86109
86114
86115
86132
86134
86156
86159
86162
86167
86173
86176
86180
86188
86202
86208
86263
86270
86278
86286
86299
86306
86321
86368
86386
86395
86403
86404
86427
86428
86434
86435
86450
86458
86471
86471
86482
86484
86496
86505
86543
86559
86577
86620
86621
86622
86641
86665
86670
86727
86766
86780
86790
86802
86806
86838
86860
86861
86879
86907
86919
86922
86946
86947
86950
86952
86994
87002
87034
87056
87060
87062
87087
87096
87111
87117
87147
87168
87172
87218
87232
87265
87266
87284
87290
87290
87296
87302
87303
87312
87312
87313
87339
87348
87348
87383
87400
87434
87435
87437
87448
87451
87456
87458
87460
87467
87477
87479
87498
87499
87503
87507
87533
87547
87563
87564
87575
87604
87615
87647
87648
87650
87664
87675
87679
87689
87696
87702
87706
87708
87716
87720
87727
87729
87740
87749
87752
87753
87756
87756
87761
87761
87797
87806
87814
87826
87828
87829
87850
87859
87863
87876
87898
87913
87920
87920
87929
87937
87951
87952
87972
87972
87986
87992
87995
87996
87999
88008
88013
88018
88022
88040
88051
88054
88056
88081
88081
88084
88084
88099
88110
88112
88115
88122
88125
88138
88161
88169
88179
88182
88189
88192
88197
88206
88215
88220
88225
88227
88228
88230
88230
88237
88242
88262
88265
88265
88275
88275
88283
88293
88293
88297
88297
88328
88338
88343
88355
88406
88415
88420
88455
88464
88491
88494
88509
88519
88525
88552
88557
88569
88571
88571
88584
88591
88617
88632
88635
88658
88675
88679
88704
88706
88757
88763
88797
88843
88846
88849
88871
88873
88884
88897
88906
88933
88943
88964
88983
89003
89018
89033
89048
89062
89089
89096
89102
89120
89152
89166
89169
89183
89186
89186
89190
89210
89232
89233
89250
89267
89276
89307
89309
89318
89327
89343
89347
89349
89386
89387
89400
89402
89406
89420
89425
89442
89446
89459
89460
89462
89463
89473
89482
89491
89504
89524
89525
89557
89558
89565
89569
89590
89610
89624
89628
89632
89632
89636
89641
89648
89664
89670
89671
89674
89682
89686
89686
89720
89727
89727
89735
89738
89769
89773
89778
89783
89785
89794
89797
89826
89828
89834
89846
89860
89912
89917
89928
89933
89936
89942
89944
89956
89972
89978
89980
89982
89986
90016
90030
90036
90062
90063
90075
90080
90090
90094
90096
90101
90118
90122
90123
90132
90169
90171
90172
90190
90196
90203
90207
90214
90254
90258
90278
90292
90294
90305
90321
90335
90345
90363
90378
90382
90390
90393
90407
90415
90428
90430
90448
90456
90458
90463
90463
90479
90481
90498
90502
90514
90519
90529
90530
90553
90565
90566
90582
90592
90598
90606
90616
90620
90634
90636
90661
90685
90689
90719
90720
90722
90730
90736
90745
90764
90770
90782
90785
90814
90826
90832
90875
90895
90898
90933
90978
90989
91018
91044
91046
91046
91063
91064
91075
91079
91085
91100
91103
91106
91119
91131
91139
91148
91162
91162
91162
91170
91177
91184
91192
91200
91201
91201
91204
91208
91209
91247
91251
91256
91256
91260
91263
91270
91280
91280
91284
91287
91308
91319
91324
91333
91351
91364
91367
91395
91419
91466
91473
91491
91498
91498
91502
91503
91520
91526
91546
91565
91574
91588
91593
91597
91608
91621
91642
91653
91674
91698
91705
91726
91730
91731
91738
91770
91789
91795
91800
91812
91829
91848
91851
91861
91869
91903
91908
91928
91937
91970
91975
91988
92003
92004
92010
92025
92031
92046
92048
92074
92079
92086
92095
92097
92111
92121
92122
92129
92131
92135
92137
92181
92186
92193
92205
92221
92227
92240
92252
92277
92292
92293
92310
92343
92365
92371
92371
92372
92381
92391
92412
92437
92439
92463
92476
92483
92499
92499
92539
92541
92550
92561
92583
92588
92612
92629
92630
92652
92657
92660
92672
92676
92680
92700
92706
92720
92742
92745
92778
92782
92792
92797
92811
92822
92836
92855
92855
92866
92872
92873
92874
92882
92885
92892
92894
92902
92920
92926
92939
92942
92981
93014
93025
93025
93033
93043
93043
93063
93065
93071
93072
93108
93125
93126
93133
93138
93167
93167
93176
93181
93192
93197
93198
93222
93229
93238
93243
93248
93270
93283
93286
93294
93307
93320
93325
93331
93333
93354
93366
93371
93380
93381
93387
93389
93399
93399
93432
93439
93443
93449
93478
93484
93486
93512
93523
93547
93582
93599
93619
93628
93631
93639
93668
93669
93670
93695
93705
93731
93738
93745
93763
93781
93784
93797
93813
93849
93855
93858
93920
93922
93942
93950
93953
93955
93963
93970
93975
93997
94027
94040
94048
94049
94074
94106
94121
94121
94127
94127
94130
94145
94146
94156
94185
94204
94216
94226
94239
94244
94247
94249
94257
94268
94275
94277
94297
94310
94323
94333
94333
94335
94341
94347
94352
94363
94410
94422
94423
94446
94446
94448
94463
94479
94484
94498
94504
94507
94511
94515
94518
94523
94528
94546
94570
94583
94588
94604
94635
94637
94638
94647
94647
94650
94667
94700
94718
94718
94727
94733
94737
94739
94751
94781
94785
94791
94828
94831
94833
94839
94849
94875
94882
94886
94895
94895
94916
94925
94929
94937
94938
94977
94981
95000
95007
95063
95063
95078
95085
95086
95115
95138
95140
95151
95180
95181
95187
95210
95225
95227
95238
95241
95255
95266
95276
95311
95313
95321
95335
95336
95354
95384
95385
95400
95401
95411
95413
95427
95434
95440
95456
95459
95462
95472
95483
95502
95506
95510
95526
95527
95549
95550
95553
95557
95564
95569
95576
95590
95598
95602
95607
95632
95654
95674
95679
95686
95690
95705
95727
95742
95743
95744
95760
95763
95773
95776
95779
95783
95790
95797
95831
95836
95840
95840
95854
95867
95872
95905
95911
95925
95928
95930
95935
95959
95986
95990
95996
96011
96029
96039
96044
96060
96062
96085
96085
96094
96097
96103
96112
96114
96117
96120
96120
96120
96133
96137
96142
96147
96171
96173
96178
96216
96219
96221
96226
96230
96243
96243
96251
96253
96260
96277
96279
96285
96287
96306
96319
96322
96334
96335
96339
96340
96341
96342
96343
96345
96350
96354
96358
96369
96409
96419
96422
96451
96456
96457
96483
96487
96487
96498
96519
96531
96531
96531
96537
96543
96543
96545
96546
96556
96557
96563
96586
96607
96608
96620
96657
96667
96668
96669
96680
96685
96690
96695
96702
96716
96719
96725
96728
96729
96745
96747
96751
96775
96784
96790
96796
96797
96810
96812
96828
96828
96829
96829
96847
96847
96855
96872
96873
96873
96883
96920
96920
96929
96943
96948
96970
96972
96993
96995
96998
97018
97024
97030
97035
97049
97058
97089
97094
97099
97100
97101
97112
97138
97146
97166
97173
97181
97192
97196
97203
97204
97206
97234
97244
97270
97283
97287
97294
97297
97302
97302
97305
97319
97320
97346
97352
97359
97366
97379
97397
97399
97417
97418
97426
97449
97450
97461
97462
97481
97484
97491
97499
97501
97553
97554
97556
97563
97597
97599
97600
97606
97610
97626
97632
97632
97632
97645
97669
97700
97707
97733
97738
97740
97758
97775
97826
97833
97838
97847
97859
97877
97884
97896
97920
97926
97940
97945
97951
97954
98002
98007
98056
98061
98074
98083
98094
98094
98112
98117
98132
98145
98151
98170
98171
98177
98191
98192
98200
