6
8
28
30
64
71
77
108
109
115
115
134
144
146
156
203
204
216
217
220
224
232
242
253
256
271
275
294
315
325
333
346
373
380
387
403
404
413
415
416
437
438
479
512
536
570
587
590
595
595
605
654
685
707
744
744
750
752
758
774
775
780
786
802
811
816
830
833
833
835
835
840
874
899
911
912
930
955
978
982
991
992
1005
1007
1022
1025
1046
1062
1074
1080
1093
1104
1113
1123
1123
1127
1155
1212
1218
1235
1254
1274
1284
1304
1307
1389
1392
1400
1409
1411
1420
1428
1436
1449
1475
1491
1504
1519
1531
1536
1539
1540
1554
1556
1577
1615
1623
1672
1692
1692
1707
1735
1738
1741
1753
1766
1777
1778
1799
1810
1818
1853
1867
1874
1884
1884
1898
1907
1930
1942
1961
1989
1996
2020
2028
2064
2092
2098
2118
2130
2137
2147
2150
2163
2174
2191
2193
2216
2219
2225
2229
2244
2246
2258
2262
2265
2266
2281
2292
2305
2310
2314
2322
2344
2351
2356
2373
2405
2417
2437
2443
2445
2460
2464
2474
2482
2488
2501
2508
2511
2515
2517
2523
2530
2532
2537
2554
2574
2582
2588
2631
2651
2656
2657
2693
2713
2714
2720
2751
2753
2761
2762
2782
2788
2817
2823
2844
2861
2876
2886
2889
2890
2897
2913
2922
2927
2962
2975
2975
2976
2985
2993
3003
3015
3041
3042
3049
3049
3053
3086
3086
3112
3117
3131
3169
3173
3192
3218
3224
3242
3245
3264
3281
3321
3322
3325
3329
3332
3352
3357
3413
3426
3428
3443
3452
3461
3486
3508
3514
3520
3522
3526
3537
3539
3542
3557
3566
3570
3570
3570
3589
3589
3591
3596
3601
3626
3632
3644
3648
3661
3665
3679
3679
3680
3685
3690
3728
3734
3735
3744
3745
3755
3758
3796
3801
3808
3813
3815
3820
3826
3849
3869
3869
3879
3887
3890
3901
3911
3921
3928
3936
3937
3964
3970
3973
3991
3994
4034
4044
4059
4062
4075
4079
4086
4087
4118
4123
4143
4156
4159
4165
4189
4192
4204
4210
4216
4228
4268
4274
4277
4278
4289
4290
4293
4307
4339
4342
4361
4377
4384
4386
4391
4394
4402
4415
4422
4422
4425
4434
4436
4453
4466
4502
4505
4511
4537
4540
4543
4551
4567
4571
4574
4577
4578
4589
4596
4598
4602
4604
4609
4626
4643
4658
4661
4663
4681
4695
4701
4706
4741
4748
4754
4775
4776
4807
4818
4822
4828
4840
4842
4846
4854
4858
4860
4890
4893
4934
4940
4948
4970
4983
4988
4988
5015
5026
5029
5057
5072
5082
5091
5104
5106
5107
5107
5118
5127
5139
5154
5165
5171
5173
5176
5177
5179
5181
5201
5204
5235
5241
5245
5249
5277
5279
5382
5384
5389
5392
5393
5401
5410
5414
5427
5454
5465
5532
5540
5547
5555
5585
5589
5640
5643
5644
5647
5677
5715
5717
5718
5764
5780
5789
5801
5827
5845
5884
5889
5897
5899
5904
5914
5928
5939
5942
5944
5945
5953
5958
5962
5970
5972
5985
6030
6030
6039
6040
6040
6040
6054
6055
6068
6071
6072
6073
6085
6091
6119
6122
6128
6128
6168
6181
6186
6201
6205
6214
6242
6246
6248
6273
6276
6286
6292
6297
6315
6325
6343
6362
6371
6384
6387
6393
6395
6400
6401
6404
6417
6454
6456
6468
6505
6506
6507
6510
6514
6526
6526
6539
6559
6562
6581
6589
6611
6623
6631
6643
6645
6655
6669
6682
6697
6703
6710
6711
6719
6719
6724
6749
6754
6759
6765
6774
6792
6798
6832
6834
6855
6859
6860
6864
6877
6906
6911
6912
6915
6919
6920
6931
6931
6938
6940
6946
6948
6954
6972
6980
6984
6992
6996
7019
7027
7037
7048
7054
7057
7077
7111
7139
7154
7156
7164
7180
7188
7192
7202
7205
7216
7223
7224
7279
7296
7300
7323
7329
7349
7382
7389
7409
7420
7423
7439
7473
7477
7488
7489
7489
7496
7508
7524
7541
7553
7553
7558
7558
7562
7562
7563
7566
7567
7579
7593
7617
7640
7645
7646
7657
7663
7670
7673
7684
7700
7707
7711
7717
7727
7728
7763
7778
7780
7786
7788
7792
7816
7837
7842
7905
7906
7915
7921
7924
7926
7926
7933
7938
7939
7946
7947
7950
7972
7979
7982
7986
7992
8006
8014
8030
8036
8038
8045
8055
8058
8061
8079
8093
8119
8122
8126
8126
8131
8147
8148
8156
8159
8170
8176
8184
8193
8212
8221
8225
8249
8269
8274
8301
8305
8309
8326
8331
8355
8361
8368
8370
8385
8415
8416
8442
8460
8468
8483
8489
8495
8502
8508
8516
8527
8550
8558
8564
8571
8577
8591
8602
8606
8621
8629
8631
8642
8649
8671
8688
8690
8692
8701
8722
8778
8780
8785
8794
8816
8820
8822
8828
8874
8887
8889
8896
8899
8902
8914
8917
8919
8935
8935
8950
8955
8965
8986
8987
8992
8997
9013
9015
9020
9021
9037
9041
9065
9100
9106
9114
9115
9184
9197
9207
9209
9210
9245
9297
9303
9311
9312
9315
9325
9326
9327
9335
9343
9362
9364
9404
9418
9432
9454
9459
9466
9481
9483
9506
9516
9522
9529
9534
9535
9545
9546
9548
9579
9583
9587
9594
9594
9604
9610
9638
9657
9665
9690
9691
9700
9703
9710
9721
9743
9746
9752
9770
9773
9773
9800
9807
9811
9823
9849
9853
9881
9884
9887
9898
9908
9923
9942
9969
9981
9988
10002
10008
10009
10014
10024
10042
10047
10065
10068
10069
10073
10078
10082
10085
10086
10086
10092
10102
10126
10132
10137
10151
10160
10173
10201
10208
10233
10239
10244
10287
10308
10326
10344
10352
10391
10434
10450
10467
10497
10505
10508
10511
10518
10529
10529
10570
10584
10585
10586
10594
10638
10650
10660
10665
10674
10682
10694
10696
10722
10754
10765
10785
10812
10828
10877
10883
10900
10904
10906
10915
10960
10962
10969
10987
10998
11005
11028
11030
11039
11048
11071
11088
11088
11093
11109
11125
11127
11131
11141
11144
11152
11159
11168
11173
11179
11182
11204
11205
11214
11220
11242
11245
11246
11295
11300
11302
11309
11325
11340
11345
11345
11349
11356
11366
11372
11384
11388
11391
11407
11415
11415
11417
11430
11454
11458
11492
11534
11545
11550
11558
11559
11564
11569
11585
11585
11590
11607
11613
11617
11622
11630
11632
11635
11641
11649
11675
11684
11692
11718
11757
11766
11773
11779
11781
11785
11803
11813
11820
11834
11840
11859
11859
11874
11875
11884
11890
11902
11922
11936
11944
11945
11956
11962
11967
11979
11979
11980
11998
12007
12033
12042
12044
12057
12060
12079
12082
12088
12103
12120
12147
12168
12171
12187
12188
12191
12192
12194
12197
12199
12202
12205
12206
12218
12231
12236
12250
12266
12270
12284
12285
12293
12303
12307
12313
12314
12316
12332
12366
12392
12394
12415
12415
12422
12448
12460
12471
12506
12510
12521
12553
12557
12569
12579
12587
12589
12597
12605
12605
12611
12612
12612
12640
12640
12655
12657
12677
12689
12694
12694
12696
12710
12711
12713
12717
12727
12736
12738
12742
12755
12760
12762
12777
12778
12792
12798
12799
12801
12810
12816
12867
12871
12875
12880
12882
12885
12895
12900
12903
12903
12913
12924
12925
12933
12938
12951
12952
12957
12961
12963
12963
12981
13001
13004
13023
13035
13036
13045
13070
13076
13142
13146
13147
13147
13154
13175
13182
13196
13197
13201
13208
13221
13226
13228
13230
13238
13244
13254
13254
13255
13268
13272
13287
13301
13304
13319
13324
13335
13343
13352
13354
13357
13360
13380
13383
13389
13399
13400
13412
13433
13438
13447
13448
13452
13454
13468
13474
13492
13504
13532
13551
13611
13613
13614
13615
13624
13641
13666
13689
13704
13706
13713
13726
13746
13748
13762
13764
13778
13794
13796
13817
13829
13831
13851
13852
13853
13863
13864
13866
13885
13891
13915
13938
13951
13958
13966
13968
13969
13969
13981
13984
13995
14002
14003
14008
14023
14040
14045
14061
14070
14084
14089
14093
14096
14114
14116
14126
14135
14148
14163
14166
14194
14200
14208
14209
14220
14248
14271
14272
14293
14315
14323
14341
14347
14348
14358
14358
14363
14371
14378
14389
14440
14455
14467
14474
14491
14516
14518
14519
14523
14525
14527
14534
14559
14563
14567
14578
14593
14594
14603
14609
14610
14614
14617
14624
14626
14629
14634
14636
14638
14639
14655
14666
14667
14675
14678
14683
14689
14690
14702
14710
14719
14768
14769
14775
14776
14783
14786
14792
14797
14806
14808
14822
14829
14843
14852
14863
14864
14872
14888
14897
14911
14914
14918
14919
14931
14939
14942
14947
14965
14967
14969
14975
14986
14997
15005
15006
15017
15031
15032
15041
15043
15043
15050
15057
15057
15068
15073
15088
15098
15103
15122
15133
15137
15159
15164
15169
15185
15197
15203
15208
15208
15215
15217
15224
15238
15240
15242
15249
15256
15256
15258
15269
15280
15299
15305
15315
15333
15346
15366
15369
15396
15397
15398
15405
15419
15424
15436
15447
15457
15463
15502
15505
15517
15521
15527
15528
15570
15595
15600
15609
15618
15628
15639
15646
15683
15702
15714
15728
15756
15774
15803
15806
15816
15832
15834
15846
15848
15851
15861
15872
15874
15883
15890
15899
15905
15905
15914
15924
15937
15941
15959
15961
15982
15990
15990
15991
15991
16015
16015
16025
16026
16042
16046
16047
16063
16072
16077
16083
16090
16105
16113
16127
16150
16152
16155
16163
16163
16165
16182
16203
16228
16253
16254
16260
16330
16373
16396
16398
16415
16437
16470
16475
16496
16498
16498
16508
16534
16537
16539
16571
16580
16580
16580
16585
16587
16591
16594
16603
16624
16632
16636
16669
16673
16682
16689
16694
16725
16748
16751
16761
16769
16772
16796
16801
16803
16820
16834
16838
16841
16842
16848
16881
16890
16891
16892
16905
16918
16919
16927
16939
16941
16942
16954
16956
16956
16956
16970
16992
16992
17027
17030
17032
17049
17060
17079
17090
17092
17108
17112
17120
17128
17143
17147
17148
17171
17174
17190
17191
17193
17207
17210
17223
17225
17235
17245
17245
17246
17249
17251
17251
17267
17271
17275
17287
17302
17302
17322
17322
17328
17328
17329
17337
17349
17351
17356
17358
17371
17377
17379
17381
17382
17389
17392
17394
17399
17409
17418
17432
17449
17456
17474
17481
17481
17493
17502
17509
17525
17529
17531
17549
17554
17556
17562
17564
17566
17570
17570
17572
17578
17580
17585
17592
17594
17595
17601
17612
17621
17632
17640
17659
17660
17662
17677
17678
17693
17709
17738
17752
17753
17760
17788
17789
17822
17832
17835
17856
17892
17904
17914
17920
17921
17932
17943
17950
17953
17957
17960
17973
18007
18016
18017
18028
18045
18065
18070
18074
18084
18086
18087
18090
18096
18099
18103
18111
18160
18160
18162
18193
18200
18216
18225
18246
18277
18280
18281
18301
18305
18309
18309
18314
18316
18319
18323
18330
18331
18332
18334
18351
18377
18386
18386
18387
18396
18403
18427
18433
18443
18447
18454
18456
18462
18472
18475
18478
18480
18484
18484
18487
18495
18502
18521
18528
18535
18536
18546
18547
18559
18561
18569
18605
18614
18629
18629
18645
18673
18688
18693
18694
18695
18697
18717
18727
18735
18740
18753
18772
18773
18778
18784
18793
18794
18795
18803
18808
18810
18811
18813
18824
18860
18861
18870
18891
18906
18907
18937
18948
18954
18976
18977
18995
18995
19000
19002
19013
19037
19044
19047
19052
19059
19082
19085
19087
19087
19106
19122
19125
19127
19141
19144
19153
19178
19190
19195
19196
19199
19200
19201
19206
19219
19226
19253
19266
19281
19296
19298
19298
19303
19309
19310
19320
19321
19325
19328
19335
19336
19339
19344
19348
19363
19382
19384
19390
19395
19406
19408
19413
19433
19435
19442
19453
19477
19495
19497
19505
19507
19510
19513
19514
19518
19524
19538
19538
19539
19550
19575
19578
19578
19582
19591
19600
19618
19619
19621
19629
19630
19634
19638
19644
19650
19653
19662
19669
19683
19685
19693
19697
19717
19749
19751
19772
19772
19777
19795
19798
19802
19809
19810
19814
19817
19821
19821
19828
19833
19840
19873
19891
19895
19895
19911
19914
19917
19925
19949
19954
19957
19964
19978
19986
19999
20000
20014
20015
20016
20023
20040
20046
20056
20056
20100
20122
20147
20147
20165
20170
20209
20210
20210
20221
20227
20231
20247
20270
20272
20276
20277
20283
20288
20291
20295
20296
20303
20326
20329
20333
20333
20334
20337
20343
20348
20367
20368
20375
20379
20379
20395
20395
20401
20402
20402
20411
20413
20427
20428
20429
20433
20444
20446
20452
20456
20459
20460
20460
20463
20481
20487
20492
20512
20513
20513
20520
20523
20536
20559
20562
20563
20567
20572
20608
20612
20617
20631
20637
20637
20645
20664
20667
20675
20677
20679
20699
20702
20704
20711
20717
20735
20736
20737
20738
20739
20749
20755
20755
20774
20776
20777
20788
20789
20800
20802
20805
20821
20832
20845
20849
20860
20865
20868
20873
20883
20898
20900
20918
20942
20949
20954
20954
20960
20970
20976
20983
21013
21015
21016
21020
21028
21039
21043
21049
21055
21057
21061
21063
21066
21069
21070
21083
21088
21093
21095
21104
21105
21108
21108
21111
21121
21123
21127
21130
21131
21141
21144
21149
21158
21159
21175
21175
21175
21184
21185
21199
21208
21213
21220
21225
21233
21242
21242
21244
21245
21251
21262
21262
21272
21272
21279
21306
21315
21325
21326
21326
21335
21341
21342
21342
21346
21346
21347
21348
21367
21388
21394
21401
21403
21403
21411
21413
21413
21423
21423
21426
21428
21429
21441
21442
21447
21461
21464
21477
21480
21498
21506
21507
21507
21510
21510
21512
21522
21523
21528
21528
21530
21533
21547
21548
21557
21567
21574
21578
21586
21611
21617
21634
21635
21645
21646
21650
21661
21661
21665
21666
21668
21677
21682
21697
21701
21711
21729
21749
21754
21757
21759
21763
21769
21770
21773
21784
21788
21788
21796
21796
21804
21807
21809
21815
21815
21822
21853
21864
21874
21875
21881
21885
21889
21898
21913
21917
21919
21930
21938
21961
21967
21970
21978
21980
21982
21994
21995
22002
22017
22020
22021
22047
22058
22059
22073
22074
22075
22079
22080
22091
22098
22108
22122
22131
22141
22149
22150
22161
22161
22161
22166
22175
22176
22189
22190
22198
22209
22217
22219
22226
22229
22235
22235
22235
22238
22245
22245
22247
22252
22254
22259
22264
22275
22287
22293
22307
22310
22310
22322
22333
22340
22341
22353
22356
22364
22365
22381
22435
22438
22440
22452
22454
22465
22468
22480
22483
22496
22534
22544
22546
22554
22563
22576
22578
22584
22591
22592
22598
22615
22629
22637
22644
22652
22656
22675
22719
22719
22722
22722
22723
22724
22725
22732
22735
22739
22743
22760
22772
22796
22800
22803
22812
22821
22821
22831
22850
22852
22855
22861
22861
22871
22872
22880
22882
22885
22895
22946
22947
22955
22959
22959
22963
22980
22982
22985
22986
22991
23007
23009
23021
23021
23023
23026
23030
23038
23039
23041
23042
23048
23061
23061
23061
23061
23076
23077
23077
23090
23090
23122
23132
23134
23138
23152
23156
23161
23168
23172
23193
23196
23199
23214
23215
23216
23217
23217
23221
23225
23227
23239
23243
23243
23276
23276
23279
23290
23293
23300
23332
23344
23348
23348
23349
23356
23361
23362
23363
23364
23365
23367
23369
23374
23383
23383
23384
23387
23391
23430
23431
23433
23434
23450
23468
23472
23473
23495
23500
23506
23509
23520
23525
23531
23534
23537
23543
23568
23572
23605
23605
23606
23623
23628
23628
23645
23646
23649
23652
23659
23667
23698
23703
23704
23715
23735
23745
23755
23763
23766
23767
23770
23774
23779
23798
23807
23811
23819
23821
23821
23822
23840
23861
23866
23868
23873
23883
23886
23900
23905
23908
23908
23911
23915
23924
23928
23935
23940
23948
23956
23965
23970
23982
23985
23986
23993
24020
24031
24049
24054
24060
24065
24075
24090
24093
24113
24114
24119
24152
24175
24180
24186
24199
24212
24214
24217
24221
24230
24233
24250
24259
24276
24287
24293
24293
24302
24317
24322
24326
24328
24334
24339
24347
24351
24359
24360
24366
24372
24373
24375
24385
24390
24403
24415
24424
24425
24426
24427
24432
24446
24454
24456
24473
24477
24480
24482
24483
24488
24501
24503
24537
24542
24563
24574
24575
24585
24595
24599
24610
24612
24631
24637
24647
24649
24652
24676
24689
24694
24696
24715
24719
24720
24724
24734
24735
24736
24738
24743
24753
24767
24782
24790
24796
24802
24817
24822
24823
24824
24828
24828
24836
24857
24859
24880
24886
24894
24900
24908
24920
24926
24929
24933
24934
24934
24947
24962
24970
24971
24982
24984
24984
24985
24995
25009
25014
25021
25041
25044
25047
25052
25055
25057
25058
25064
25068
25068
25072
25074
25075
25082
25089
25101
25116
25128
25129
25133
25145
25146
25154
25161
25161
25167
25176
25182
25185
25188
25201
25227
25233
25234
25238
25253
25263
25267
25271
25271
25285
25289
25298
25298
25310
25324
25339
25352
25364
25379
25393
25395
25395
25399
25406
25412
25431
25432
25440
25445
25445
25456
25457
25463
25467
25485
25496
25506
25526
25530
25541
25543
25547
25553
25555
25558
25570
25571
25580
25603
25605
25609
25616
25618
25630
25637
25646
25649
25661
25667
25680
25704
25706
25708
25714
25716
25731
25732
25745
25771
25774
25777
25778
25781
25810
25810
25815
25817
25817
25818
25820
25824
25828
25829
25839
25853
25855
25863
25864
25877
25880
25883
25885
25887
25888
25901
25907
25909
25916
25917
25920
25931
25934
25951
25977
25988
25995
25996
26006
26019
26019
26037
26042
26044
26046
26056
26056
26067
26068
26069
26076
26081
26089
26092
26108
26126
26127
26128
26129
26134
26136
26141
26143
26145
26145
26147
26148
26149
26154
26156
26159
26160
26166
26169
26183
26185
26187
26195
26196
26197
26199
26212
26220
26225
26225
26237
26237
26246
26249
26257
26258
26263
26272
26278
26280
26280
26312
26317
26320
26323
26329
26330
26342
26348
26351
26353
26363
26375
26388
26390
26394
26400
26402
26405
26405
26409
26424
26435
26436
26442
26458
26466
26471
26474
26475
26497
26498
26504
26505
26512
26517
26525
26532
26537
26547
26548
26549
26557
26560
26561
26565
26569
26570
26585
26586
26590
26595
26596
26600
26609
26613
26627
26640
26644
26647
26649
26657
26658
26660
26661
26674
26675
26677
26681
26684
26687
26694
26702
26705
26705
26718
26732
26733
26749
26754
26762
26776
26779
26780
26786
26791
26792
26818
26818
26831
26846
26862
26865
26868
26881
26884
26885
26891
26895
26904
26914
26916
26924
26935
26941
26944
26946
26950
26957
26982
26995
27002
27010
27011
27011
27050
27053
27053
27057
27058
27064
27083
27123
27129
27137
27141
27142
27143
27146
27165
27202
27206
27211
27211
27214
27215
27219
27223
27227
27230
27235
27252
27256
27275
27276
27287
27294
27305
27307
27311
27319
27340
27342
27344
27347
27363
27366
27381
27414
27416
27434
27437
27438
27449
27452
27456
27456
27460
27463
27472
27475
27487
27490
27505
27512
27519
27534
27534
27538
27540
27545
27567
27582
27594
27595
27607
27608
27609
27623
27624
27644
27647
27657
27663
27677
27693
27699
27699
27711
27718
27725
27739
27745
27782
27789
27790
27802
27807
27813
27819
27822
27825
27827
27832
27849
27862
27863
27873
27875
27880
27884
27896
27902
27920
27921
27923
27929
27940
27940
27959
27970
27982
27994
28008
28019
28023
28029
28029
28036
28040
28040
28042
28048
28053
28053
28061
28070
28073
28075
28076
28076
28079
28080
28090
28092
28106
28108
28121
28126
28132
28144
28144
28155
28158
28170
28177
28194
28207
28220
28221
28228
28232
28232
28238
28244
28244
28256
28261
28265
28267
28277
28279
28305
28308
28310
28319
28334
28336
28345
28371
28373
28391
28397
28405
28411
28426
28437
28439
28444
28448
28448
28452
28457
28475
28476
28487
28493
28507
28509
28514
28515
28546
28559
28563
28576
28580
28586
28587
28622
28625
28631
28632
28637
28637
28645
28651
28653
28658
28675
28678
28682
28683
28691
28694
28695
28696
28699
28708
28708
28715
28727
28730
28741
28753
28761
28769
28777
28780
28786
28789
28792
28795
28801
28810
28811
28815
28823
28825
28841
28844
28848
28849
28858
28858
28872
28899
28906
28922
28941
28942
28949
28964
28975
28985
28994
28998
29003
29017
29026
29047
29051
29051
29055
29066
29080
29097
29102
29115
29121
29121
29137
29152
29159
29167
29168
29170
29193
29202
29206
29220
29227
29242
29248
29249
29256
29298
29301
29325
29326
29328
29333
29340
29358
29361
29367
29384
29402
29403
29430
29438
29447
29482
29488
29497
29534
29542
29551
29572
29589
29595
29603
29624
29641
29645
29647
29651
29677
29690
29691
29693
29696
29717
29719
29721
29743
29762
29771
29786
29791
29791
29802
29813
29818
29829
29837
29839
29848
29860
29871
29871
29900
29900
29921
29930
29938
29940
29947
29953
29976
29976
29985
29989
29996
29998
30007
30008
30015
30015
30019
30056
30061
30067
30074
30077
30081
30087
30092
30100
30107
30132
30147
30161
30164
30171
30182
30185
30192
30202
30204
30204
30207
30211
30229
30232
30235
30244
30250
30259
30278
30284
30286
30287
30289
30311
30319
30331
30331
30353
30357
30368
30390
30395
30448
30461
30468
30469
30482
30513
30527
30536
30545
30545
30552
30571
30579
30588
30588
30590
30602
30613
30614
30639
30646
30660
30674
30680
30689
30692
30697
30697
30698
30700
30700
30712
30717
30731
30734
30756
30757
30776
30801
30805
30805
30807
30812
30817
30817
30839
30843
30857
30857
30861
30884
30890
30891
30899
30900
30902
30915
30929
30968
30975
30975
30977
30990
30991
31003
31003
31011
31014
31042
31042
31047
31053
31068
31078
31091
31098
31101
31103
31110
31146
31153
31155
31166
31172
31172
31183
31186
31187
31191
31197
31213
31234
31253
31259
31264
31272
31275
31279
31283
31288
31288
31294
31300
31305
31308
31312
31318
31319
31319
31336
31348
31351
31352
31353
31356
31357
31365
31367
31373
31375
31390
31404
31415
31416
31431
31436
31438
31438
31444
31445
31446
31454
31462
31469
31470
31481
31506
31515
31524
31536
31567
31572
31574
31577
31581
31583
31583
31595
31601
31614
31618
31625
31627
31628
31636
31647
31648
31649
31671
31675
31679
31683
31683
31696
31708
31712
31725
31748
31769
31770
31772
31774
31776
31790
31791
31813
31820
31820
31841
31881
31888
31895
31905
31932
31949
31951
31957
31961
31979
31983
31985
32001
32011
32017
32021
32035
32039
32048
32062
32067
32071
32117
32126
32127
32136
32140
32157
32160
32164
32182
32201
32213
32217
32217
32219
32220
32224
32229
32233
32234
32234
32257
32268
32276
32294
32295
32301
32302
32306
32309
32315
32316
32330
32351
32354
32359
32360
32390
32414
32420
32433
32441
32444
32447
32461
32462
32465
32468
32488
32490
32498
32504
32508
32511
32512
32538
32540
32551
32551
32552
32553
32558
32570
32593
32595
32610
32621
32626
32636
32646
32648
32655
32657
32662
32666
32667
32672
32672
32672
32673
32673
32686
32698
32698
32701
32711
32717
32720
32736
32756
32758
32761
32767
32773
32793
32804
32823
32826
32826
32828
32833
32848
32850
32862
32869
32872
32905
32910
32914
32920
32923
32933
32958
32959
32967
32980
32991
33000
33005
33005
33008
33027
33029
33054
33071
33082
33083
33084
33094
33105
33117
33120
33123
33130
33134
33139
33153
33156
33168
33172
33183
33186
33190
33198
33200
33203
33206
33210
33220
33221
33227
33229
33240
33241
33245
33265
33284
33296
33309
33315
33317
33319
33319
33324
33326
33335
33337
33341
33354
33369
33374
33390
33391
33399
33399
33402
33407
33408
33433
33437
33456
33457
33459
33459
33475
33480
33488
33494
33495
33496
33502
33518
33521
33525
33540
33551
33554
33569
33573
33581
33582
33584
33586
33606
33611
33615
33623
33630
33656
33662
33675
33677
33719
33723
33729
33734
33737
33757
33760
33760
33768
33793
33816
33823
33827
33843
33858
33866
33873
33884
33890
33901
33919
33925
33944
33952
33959
33993
33994
33995
33998
34017
34019
34023
34037
34046
34051
34053
34055
34056
34071
34073
34093
34113
34119
34120
34126
34132
34132
34139
34139
34140
34148
34168
34170
34171
34173
34181
34193
34195
34201
34218
34232
34235
34244
34247
34255
34269
34278
34278
34286
34311
34314
34315
34324
34336
34339
34343
34346
34350
34353
34357
34368
34395
34411
34419
34422
34436
34439
34453
34461
34467
34472
34476
34482
34492
34499
34522
34526
34530
34532
34533
34542
34551
34556
34558
34583
34586
34593
34611
34631
34634
34635
34637
34641
34644
34646
34650
34662
34663
34665
34667
34678
34695
34719
34724
34728
34733
34734
34740
34741
34757
34768
34779
34790
34793
34803
34828
34831
34832
34833
34835
34836
34842
34843
34843
34844
34852
34852
34857
34874
34880
34884
34887
34888
34905
34910
34913
34926
34928
34933
34935
34945
34945
34961
34969
34972
34981
34985
35000
35010
35010
35035
35041
35043
35053
35067
35071
35078
35079
35102
35116
35117
35121
35122
35133
35133
35139
35141
35144
35144
35155
35157
35158
35160
35166
35167
35174
35179
35181
35190
35192
35195
35205
35205
35213
35216
35217
35224
35227
35276
35288
35290
35293
35296
35301
35305
35327
35328
35338
35343
35359
35370
35373
35380
35380
35384
35396
35396
35398
35409
35416
35422
35450
35468
35469
35482
35497
35497
35507
35520
35524
35550
35559
35560
35561
35566
35579
35582
35587
35591
35612
35618
35623
35637
35637
35648
35660
35677
35678
35679
35687
35704
35707
35714
35723
35724
35739
35760
35774
35777
35779
35787
35800
35806
35822
35835
35840
35848
35890
35907
35911
35912
35917
35951
35955
35980
35980
35981
35990
35991
36006
36013
36021
36024
36025
36037
36037
36040
36047
36053
36059
36061
36066
36071
36072
36079
36080
36081
36085
36086
36091
36099
36111
36119
36139
36143
36146
36146
36157
36159
36171
36176
36198
36223
36224
36241
36246
36248
36270
36280
36286
36291
36299
36323
36326
36329
36329
36338
36347
36358
36359
36359
36360
36363
36365
36375
36377
36383
36392
36399
36401
36402
36408
36409
36426
36431
36435
36439
36446
36446
36446
36450
36503
36504
36527
36530
36533
36541
36543
36543
36545
36573
36585
36586
36593
36595
36609
36612
36618
36633
36634
36638
36644
36649
36650
36650
36659
36667
36674
36681
36684
36684
36685
36687
36690
36703
36709
36709
36732
36736
36744
36750
36754
36758
36759
36768
36772
36788
36797
36801
36806
36808
36809
36824
36828
36838
36856
36878
36879
36883
36895
36902
36913
36916
36916
36918
36923
36928
36932
36972
36990
37000
37005
37006
37010
37025
37031
37046
37052
37054
37058
37061
37063
37097
37100
37127
37128
37137
37141
37146
37161
37164
37181
37188
37190
37201
37210
37212
37213
37220
37227
37230
37231
37248
37268
37278
37299
37312
37320
37325
37327
37332
37337
37343
37350
37351
37353
37362
37397
37399
37406
37406
37407
37408
37411
37422
37452
37454
37466
37474
37478
37490
37491
37494
37494
37498
37507
37513
37514
37525
37528
37540
37546
37565
37578
37585
37604
37608
37609
37610
37611
37619
37637
37646
37652
37657
37666
37679
37682
37683
37684
37694
37696
37721
37742
37760
37773
37779
37783
37786
37795
37795
37799
37816
37817
37819
37823
37859
37866
37868
37876
37876
37894
37896
37908
37916
37931
37933
37949
37951
37951
37954
37960
37962
37965
37974
37996
37996
37998
38018
38019
38024
38054
38067
38071
38083
38083
38088
38112
38119
38146
38154
38154
38168
38171
38199
38213
38216
38216
38257
38258
38260
38261
38267
38269
38281
38284
38299
38307
38308
38309
38321
38328
38348
38349
38351
38356
38364
38368
38369
38370
38374
38384
38392
38394
38395
38396
38406
38413
38418
38459
38471
38475
38477
38479
38490
38501
38502
38505
38510
38513
38514
38525
38542
38551
38556
38562
38570
38584
38620
38621
38628
38632
38645
38658
38668
38673
38694
38708
38711
38715
38722
38726
38735
38738
38759
38777
38780
38814
38826
38830
38832
38833
38859
38870
38876
38882
38884
38886
38888
38896
38898
38900
38910
38914
38914
38914
38916
38944
38986
39007
39017
39018
39035
39035
39037
39039
39040
39071
39072
39087
39110
39114
39118
39138
39153
39179
39180
39183
39188
39190
39203
39205
39206
39214
39219
39220
39223
39225
39236
39246
39255
39264
39264
39283
39292
39299
39318
39323
39336
39342
39348
39354
39356
39368
39371
39374
39375
39383
39385
39391
39391
39393
39411
39414
39425
39435
39435
39452
39460
39461
39471
39474
39476
39482
39493
39497
39505
39524
39528
39532
39554
39557
39565
39584
39597
39607
39621
39622
39626
39626
39626
39628
39648
39687
39696
39700
39703
39715
39721
39765
39773
39777
39780
39801
39813
39813
39832
39833
39852
39853
39863
39917
39932
39959
39960
39984
40003
40012
40057
40064
40073
40104
40154
40164
40188
40215
40252
40256
40287
40335
40358
40380
40399
40402
40409
40439
40451
40470
40472
40505
40514
40516
40522
40561
40564
40584
40588
40590
40613
40615
40624
40656
40667
40692
40701
40721
40731
40742
40779
40791
40791
40811
40811
40856
40865
40877
40886
40892
40893
40919
40920
40959
40969
40971
40972
40974
41004
41025
41040
41042
41056
41104
41121
41138
41139
41168
41184
41190
41200
41208
41214
41276
41297
41312
41329
41333
41337
41338
41341
41354
41375
41376
41378
41384
41421
41429
41440
41441
41459
41495
41509
41542
41572
41574
41581
41596
41600
41603
41612
41613
41624
41626
41630
41642
41649
41662
41665
41667
41675
41680
41702
41704
41715
41717
41723
41731
41751
41760
41761
41763
41779
41820
41821
41857
41865
41867
41880
41881
41891
41894
41913
41921
41927
41932
41942
41949
41956
42001
42007
42024
42024
42027
42044
42048
42049
42058
42107
42110
42117
42134
42190
42192
42194
42255
42260
42261
42265
42278
42286
42286
42290
42293
42309
42311
42343
42352
42357
42368
42375
42381
42381
42384
42398
42416
42426
42427
42430
42432
42434
42446
42447
42453
42487
42511
42527
42559
42568
42568
42589
42591
42594
42596
42619
42640
42645
42684
42699
42715
42727
42732
42733
42740
42753
42758
42788
42796
42822
42828
42829
42870
42889
42953
42966
42978
42989
42992
42999
43001
43011
43011
43025
43027
43057
43061
43067
43070
43079
43090
43100
43116
43116
43123
43132
43180
43180
43187
43189
43193
43203
43205
43231
43235
43253
43257
43258
43260
43269
43270
43293
43307
43318
43332
43336
43338
43361
43392
43394
43405
43408
43411
43417
43422
43446
43467
43468
43472
43476
43482
43509
43532
43536
43558
43569
43570
43579
43581
43626
43648
43650
43665
43676
43685
43700
43717
43731
43764
43775
43789
43798
43799
43805
43808
43811
43830
43836
43838
43862
43873
43886
43900
43902
43902
43945
43947
43953
43959
43968
43981
43984
43991
43992
43993
44027
44028
44050
44060
44067
44078
44082
44085
44090
44091
44108
44110
44111
44123
44152
44156
44164
44165
44170
44171
44187
44191
44204
44209
44248
44259
44274
44278
44284
44332
44332
44349
44352
44390
44395
44400
44411
44417
44449
44451
44479
44480
44486
44487
44493
44498
44504
44514
44522
44549
44555
44564
44577
44593
44622
44636
44642
44652
44657
44683
44687
44703
44716
44719
44724
44727
44728
44735
44737
44738
44759
44768
44774
44802
44822
44824
44825
44849
44879
44880
44883
44888
44889
44913
44917
44922
44925
44931
44952
44964
44970
44974
45023
45029
45046
45048
45049
45050
45052
45150
45154
45166
45174
45184
45184
45211
45249
45272
45277
45325
45339
45344
45361
45380
45385
45392
45396
45399
45401
45406
45409
45432
45434
45459
45474
45497
45501
45530
45531
45537
45545
45549
45551
45551
45570
45574
45586
45592
45594
45601
45639
45692
45711
45723
45730
45733
45755
45768
45768
45792
45792
45810
45829
45846
45847
45852
45870
45874
45880
45881
45921
45926
45951
45952
46001
46007
46020
46023
46045
46053
46067
46077
46110
46120
46128
46145
46146
46146
46158
46165
46166
46178
46186
46192
46194
46234
46273
46287
46292
46304
46305
46324
46330
46331
46335
46341
46355
46356
46368
46372
46376
46406
46420
46432
46449
46460
46464
46469
46506
46508
46509
46523
46528
46535
46535
46545
46554
46561
46567
46575
46587
46589
46592
46604
46605
46607
46619
46648
46662
46690
46710
46712
46718
46753
46777
46805
46815
46837
46861
46862
46863
46867
46889
46902
46913
46931
46937
46952
46955
46956
46959
46964
46977
46983
46986
47056
47077
47091
47091
47097
47107
47128
47148
47161
47208
47226
47232
47234
47235
47238
47249
47255
47261
47268
47278
47298
47319
47329
47334
47342
47356
47361
47361
47363
47365
47392
47402
47419
47429
47443
47452
47457
47457
47476
47520
47522
47544
47578
47608
47613
47622
47625
47642
47645
47652
47671
47675
47682
47710
47716
47722
47727
47736
47788
47793
47809
47831
47862
47863
47866
47874
47874
47875
47881
47891
47942
47943
47944
47945
47946
47956
47956
47961
47967
47974
47986
47996
48007
48016
48036
48047
48052
48056
48064
48081
48087
48117
48131
48162
48178
48201
48209
48212
48217
48231
48271
48295
48308
48313
48352
48361
48362
48377
48379
48390
48406
48416
48420
48452
48454
48460
48477
48494
48500
48517
48526
48528
48532
48580
48586
48608
48611
48619
48620
48640
48642
48648
48650
48650
48658
48662
48680
48686
48693
48706
48707
48708
48722
48738
48753
48757
48765
48782
48783
48804
48840
48866
48876
48889
48897
48923
48932
48941
48943
48957
48962
48964
48984
48988
48990
49058
49062
49076
49078
49097
49099
49104
49109
49127
49130
49131
49157
49173
49176
49177
49189
49204
49217
49222
49238
49240
49242
49247
49294
49349
49358
49376
49384
49396
49396
49405
49406
49426
49428
49434
49452
49454
49473
49474
49501
49505
49515
49549
49568
49576
49577
49578
49587
49598
49602
49609
49613
49639
49644
49648
49654
49696
49697
49699
49713
49719
49752
49757
49798
49822
49828
49834
49839
49846
49848
49875
49877
49887
49891
49897
49907
49909
49926
49942
49945
49977
49978
49990
49991
49994
50007
50012
50017
50021
50032
50037
50050
50086
50096
50103
50120
50127
50169
50184
50187
50200
50203
50213
50217
50235
50235
50245
50248
50269
50273
50280
50306
50317
50320
50327
50336
50347
50352
50353
50354
50368
50403
50403
50414
50416
50426
50455
50458
50492
50493
50503
50508
50510
50511
50523
50526
50534
50537
50538
50545
50565
50571
50590
50596
50604
50612
50620
50635
50641
50644
50645
50651
50664
50675
50677
50687
50705
50715
50727
50734
50753
50766
50771
50784
50785
50786
50804
50810
50810
50817
50841
50842
50856
50875
50880
50895
50902
50921
50930
50932
50941
50948
50956
50961
50978
50979
51024
51029
51069
51071
51077
51095
51098
51099
51105
51124
51146
51208
51217
51221
51242
51265
51266
51278
51285
51310
51321
51339
51342
51363
51392
51399
51412
51425
51429
51439
51460
51470
51479
51486
51490
51495
51497
51498
51500
51500
51516
51519
51529
51539
51549
51558
51559
51587
51592
51636
51641
51642
51644
51646
51675
51694
51698
51706
51715
51744
51746
51748
51750
51770
51774
51776
51787
51792
51797
51810
51852
51858
51859
51866
51877
51892
51900
51923
51929
51961
51967
51969
51981
52021
52022
52024
52027
52044
52060
52064
52068
52076
52099
52114
52146
52150
52173
52175
52176
52180
52187
52191
52204
52212
52231
52232
52249
52269
52269
52278
52317
52322
52325
52327
52327
52329
52330
52332
52362
52373
52458
52473
52474
52488
52496
52504
52523
52525
52545
52552
52556
52563
52574
52595
52611
52614
52630
52644
52654
52655
52660
52664
52674
52707
52709
52710
52714
52717
52728
52738
52739
52748
52759
52769
52782
52802
52827
52851
52854
52855
52907
52913
52920
52920
52924
52954
52954
52956
52959
52982
52992
52999
53003
53004
53005
53018
53023
53025
53056
53057
53063
53076
53104
53120
53121
53137
53158
53159
53160
53178
53182
53201
53212
53214
53226
53253
53277
53306
53308
53311
53313
53314
53333
53339
53349
53352
53352
53358
53360
53368
53372
53379
53391
53400
53430
53441
53448
53451
53453
53456
53483
53491
53498
53505
53522
53531
53541
53554
53560
53567
53602
53611
53621
53627
53642
53705
53706
53710
53718
53744
53750
53781
53782
53795
53802
53806
53808
53817
53824
53827
53840
53845
53876
53876
53881
53881
53888
53894
53896
53917
53925
53952
53963
53968
53999
54009
54012
54016
54021
54022
54029
54041
54042
54045
54045
54061
54086
54099
54109
54145
54161
54172
54187
54193
54235
54241
54246
54251
54280
54284
54287
54305
54306
54324
54325
54329
54330
54344
54349
54376
54379
54386
54393
54398
54400
54407
54407
54416
54428
54458
54463
54472
54480
54489
54494
54502
54509
54529
54531
54542
54545
54549
54607
54619
54626
54637
54655
54658
54659
54666
54671
54678
54701
54716
54757
54771
54775
54778
54782
54787
54789
54789
54797
54819
54820
54824
54860
54866
54869
54880
54884
54902
54922
54923
54929
54934
54939
54988
54991
55006
55040
55052
55071
55076
55092
55192
55211
55221
55224
55224
55225
55241
55247
55247
55253
55259
55283
55294
55302
55303
55324
55326
55336
55337
55341
55348
55383
55412
55423
55431
55438
55452
55462
55464
55475
55477
55481
55485
55485
55505
55545
55548
55555
55557
55564
55569
55569
55586
55592
55614
55616
55632
55648
55658
55663
55681
55698
55708
55711
55722
55727
55764
55811
55812
55845
55877
55893
55900
55911
55914
55922
55932
55941
55941
55943
55944
55956
55967
56003
56030
56030
56034
56041
56056
56083
56083
56086
56097
56138
56152
56161
56204
56244
56245
56265
56268
56270
56289
56299
56305
56317
56358
56358
56368
56376
56380
56380
56393
56400
56409
56411
56411
56416
56425
56428
56445
56458
56464
56468
56468
56487
56494
56504
56511
56513
56547
56553
56557
56562
56592
56597
56607
56638
56648
56648
56659
56721
56758
56771
56812
56827
56833
56847
56865
56931
56936
56947
56956
56959
56959
57010
57013
57020
57022
57023
57023
57056
57063
57087
57098
57099
57118
57135
57155
57174
57188
57223
57234
57256
57257
57272
57279
57329
57342
57348
57353
57375
57377
57391
57463
57476
57478
57554
57558
57563
57564
57571
57572
57573
57603
57611
57615
57622
57627
57632
57635
57648
57650
57653
57706
57719
57750
57787
57805
57808
57832
57856
57857
57868
57882
57882
57886
57914
57925
58007
58010
58040
58048
58071
58074
58151
58171
58184
58194
58208
58231
58263
58288
58326
58336
58337
58337
58344
58345
58371
58385
58414
58434
58442
58453
58476
58494
58501
58514
58516
58546
58568
58594
58609
58614
58617
58623
58648
58650
58658
58669
58677
58713
58725
58754
58759
58767
58770
58784
58794
58795
58795
58816
58824
58827
58831
58846
58863
58870
58874
58875
58910
58931
58939
58951
58957
58959
58961
58961
58975
58983
58998
59012
59025
59036
59050
59053
59056
59083
59085
59086
59116
59120
59123
59134
59139
59147
59148
59167
59168
59178
59183
59204
59221
59244
59260
59279
59292
59297
59300
59311
59320
59339
59420
59438
59447
59448
59449
59460
59473
59490
59517
59519
59532
59543
59556
59590
59590
59592
59604
59608
59618
59631
59664
59678
59692
59701
59720
59737
59738
59805
59840
59856
59861
59873
59899
59905
59908
59911
59927
59928
59974
59989
60014
60023
60032
60043
60048
60050
60064
60070
60071
60071
60075
60083
60096
60110
60118
60124
60126
60138
60140
60148
60178
60186
60199
60208
60213
60214
60222
60225
60226
60249
60250
60254
60279
60292
60297
60324
60351
60356
60361
60395
60395
60403
60411
60420
60421
60441
60442
60445
60482
60486
60503
60535
60542
60564
60564
60564
60583
60591
60594
60600
60603
60614
60675
60678
60686
60715
60716
60721
60738
60754
60756
60768
60769
60773
60793
60794
60826
60835
60852
60855
60858
60858
60880
60915
60915
60918
60927
60928
60946
60956
60972
60987
60993
60996
61017
61018
61046
61052
61054
61057
61096
61104
61117
61120
61131
61141
61145
61185
61189
61210
61226
61231
61242
61244
61252
61260
61274
61280
61289
61308
61358
61373
61390
61400
61421
61434
61456
61469
61471
61475
61481
61513
61551
61555
61555
61568
61571
61591
61632
61633
61645
61645
61654
61692
61693
61700
61710
61718
61721
61723
61725
61727
61736
61765
61770
61773
61807
61831
61842
61851
61887
61888
61942
61971
62029
62032
62044
62057
62079
62110
62113
62133
62141
62150
62161
62164
62169
62188
62189
62204
62209
62229
62244
62247
62247
62250
62264
62284
62308
62310
62312
62313
62323
62354
62369
62392
62425
62446
62459
62460
62474
62485
62498
62506
62510
62514
62527
62539
62562
62562
62573
62580
62585
62607
62613
62617
62647
62652
62661
62672
62705
62709
62744
62748
62759
62761
62763
62768
62786
62792
62820
62848
62856
62859
62893
62899
62899
62907
62954
62968
62968
62972
62977
62983
62990
63031
63032
63036
63065
63087
63090
63119
63121
63125
63158
63178
63218
63227
63229
63251
63252
63260
63267
63281
63293
63294
63299
63304
63322
63331
63354
63359
63365
63374
63386
63390
63404
63416
63426
63433
63444
63468
63497
63504
63518
63535
63540
63556
63591
63597
63633
63640
63645
63677
63691
63696
63704
63711
63719
63745
63762
63763
63805
63805
63813
63820
63834
63835
63853
63873
63908
63921
63923
63934
63955
63956
63957
63958
63971
63987
63988
63999
64018
64038
64050
64083
64083
64095
64121
64136
64137
64150
64156
64160
64185
64208
64226
64228
64235
64272
64280
64282
64282
64286
64289
64300
64313
64321
64331
64332
64334
64334
64336
64340
64362
64382
64397
64407
64413
64427
64430
64460
64465
64467
64508
64523
64530
64552
64555
64563
64574
64581
64591
64627
64682
64689
64694
64703
64709
64713
64721
64727
64743
64743
64767
64791
64795
64797
64799
64805
64813
64825
64848
64850
64856
64857
64919
64938
64942
64957
64960
64966
64992
65014
65030
65037
65038
65042
65043
65049
65072
65099
65100
65101
65113
65118
65138
65140
65144
65148
65161
65200
65210
65210
65213
65230
65232
65238
65249
65260
65264
65271
65277
65284
65296
65313
65331
65333
65362
65371
65376
65380
65408
65416
65421
65426
65435
65446
65451
65471
65487
65506
65506
65526
65542
65571
65580
65582
65602
65616
65622
65658
65676
65676
65680
65714
65723
65732
65758
65810
65814
65840
65851
65869
65877
65899
65901
65904
65916
65970
66000
66028
66031
66038
66044
66044
66046
66051
66091
66091
66101
66120
66128
66139
66150
66154
66160
66174
66185
66204
66207
66214
66219
66233
66238
66244
66251
66254
66284
66297
66317
66336
66346
66354
66360
66362
66382
66394
66403
66406
66425
66425
66446
66447
66460
66485
66518
66524
66532
66546
66549
66563
66589
66597
66606
66612
66619
66626
66649
66674
66694
66696
66699
66702
66716
66725
66735
66741
66767
66773
66787
66796
66828
66830
66830
66834
66850
66864
66870
66888
66899
66936
66962
66972
66987
66996
67008
67074
67080
67084
67098
67123
67131
67131
67141
67150
67160
67187
67190
67200
67214
67221
67226
67239
67242
67278
67288
67306
67307
67312
67318
67322
67325
67338
67338
67340
67350
67353
67401
67405
67411
67429
67434
67434
67462
67462
67492
67498
67501
67503
67510
67525
67541
67550
67554
67557
67566
67591
67591
67619
67629
67632
67676
67679
67701
67701
67734
67746
67772
67779
67789
67796
67800
67802
67813
67819
67831
67847
67859
67871
67883
67892
67903
67912
67913
67913
67923
67931
67941
67958
67969
67995
67999
68020
68033
68053
68066
68076
68080
68092
68094
68104
68148
68173
68188
68199
68199
68210
68214
68219
68238
68245
68245
68260
68267
68268
68273
68273
68283
68291
68295
68314
68325
68336
68342
68350
68364
68364
68422
68424
68429
68457
68457
68466
68481
68485
68487
68497
68505
68505
68510
68513
68517
68528
68531
68541
68544
68563
68590
68607
68607
68612
68624
68635
68657
68706
68716
68741
68747
68752
68765
68780
68792
68807
68817
68817
68819
68843
68866
68867
68901
68903
68911
68919
68922
68931
68936
68969
68969
68981
68999
69005
69010
69011
69014
69031
69031
69037
69043
69048
69066
69067
69084
69117
69142
69147
69151
69153
69171
69183
69193
69194
69226
69226
69228
69243
69248
69267
69271
69281
69285
69296
69297
69313
69313
69335
69349
69360
69376
69378
69380
69385
69385
69404
69407
69411
69438
69444
69448
69452
69460
69468
69470
69479
69484
69497
69503
69514
69523
69550
69566
69582
69590
69624
69635
69644
69651
69656
69659
69669
69689
69690
69696
69701
69711
69718
69720
69722
69730
69731
69767
69774
69782
69798
69831
69833
69837
69864
69888
69891
69897
69898
69909
69916
69916
69918
69933
69963
69963
69998
70006
70012
70015
70022
70022
70027
70028
70035
70039
70040
70068
70110
70114
70142
70149
70199
70199
70199
70210
70220
70239
70245
70259
70260
70292
70302
70307
70312
70312
70336
70347
70350
70355
70358
70365
70365
70391
70393
70409
70434
70451
70454
70468
70537
70558
70571
70575
70576
70586
70591
70603
70605
70613
70644
70686
70687
70735
70738
70762
70778
70793
70807
70809
70827
70830
70831
70847
70853
70863
70898
70966
70975
71016
71036
71057
71060
71075
71081
71083
71098
71104
71114
71150
71172
71192
71201
71205
71237
71239
71241
71254
71262
71274
71284
71293
71294
71301
71320
71341
71346
71350
71351
71374
71384
71390
71415
71422
71432
71434
71447
71451
71468
71476
71496
71498
71498
71553
71558
71560
71570
71572
71688
71694
71706
71711
71715
71734
71741
71758
71767
71770
71788
71790
71828
71834
71838
71839
71872
71879
71892
71920
71944
71949
71953
71967
71975
71977
71991
72012
72019
72025
72064
72086
72087
72092
72117
72122
72124
72133
72145
72153
72156
72170
72198
72203
72209
72214
72218
72235
72243
72269
72285
72292
72293
72299
72315
72330
72330
72341
72387
72407
72409
72412
72417
72426
72437
72457
72474
72481
72503
72509
72519
72528
72552
72557
72560
72561
72609
72628
72629
72639
72660
72688
72689
72692
72693
72714
72719
72720
72721
72724
72732
72742
72747
72772
72797
72804
72815
72846
72920
72951
72952
72964
72966
72978
72982
72989
73000
73031
73034
73034
73036
73046
73064
73067
73086
73104
73136
73138
73177
73183
73208
73213
73232
73237
73257
73273
73284
73287
73305
73310
73313
73326
73355
73366
73371
73374
73382
73383
73410
73437
73444
73488
73491
73501
73505
73505
73516
73517
73524
73529
73535
73578
73596
73610
73626
73635
73650
73681
73684
73687
73692
73692
73722
73723
73728
73738
73739
73745
73747
73758
73771
73791
73794
73801
73801
73814
73817
73819
73828
73854
73878
73893
73906
73910
73912
73915
73916
73938
73950
73961
74004
74006
74011
74014
74022
74069
74084
74086
74086
74087
74095
74116
74163
74194
74235
74239
74256
74261
74262
74264
74265
74275
74281
74284
74287
74313
74339
74362
74366
74424
74429
74434
74440
74444
74447
74464
74465
74472
74481
74483
74486
74495
74512
74516
74516
74519
74544
74547
74562
74563
74564
74591
74593
74601
74605
74610
74619
74634
74655
74664
74669
74679
74681
74722
74737
74795
74799
74805
74813
74817
74829
74834
74843
74868
74881
74891
74908
74931
74933
74942
74974
74983
75006
75025
75038
75043
75057
75066
75068
75092
75101
75104
75115
75118
75122
75126
75127
75138
75159
75161
75164
75167
75189
75198
75205
75226
75226
75230
75240
75262
75273
75282
75292
75302
75322
75353
75367
75374
75390
75392
75410
75421
75434
75444
75469
75471
75477
75485
75497
75506
75509
75511
75520
75531
75542
75553
75560
75561
75565
75585
75591
75630
75637
75641
75653
75669
75670
75674
75677
75680
75688
75698
75704
75710
75729
75748
75750
75755
75755
75778
75797
75802
75807
75837
75839
75844
75845
75853
75870
75877
75896
75897
75900
75906
75914
75923
75926
75937
75938
75945
75950
75957
75978
75980
75984
75993
75993
76002
76022
76027
76033
76043
76052
76054
76055
76081
76097
76105
76125
76131
76192
76193
76205
76210
76228
76231
76248
76256
76258
76271
76279
76280
76300
76309
76337
76364
76375
76390
76410
76412
76423
76425
76434
76435
76440
76462
76467
76481
76501
76501
76504
76507
76519
76523
76527
76528
76548
76555
76558
76559
76564
76571
76620
76632
76658
76664
76667
76676
76677
76678
76724
76775
76782
76791
76813
76849
76850
76879
76899
76909
76922
76947
76979
76982
77008
77023
77027
77034
77035
77056
77057
77067
77078
77091
77154
77188
77194
77200
77251
77267
77277
77282
77298
77307
77307
77311
77314
77322
77324
77326
77329
77332
77333
77339
77355
77371
77385
77391
77395
77413
77427
77455
77466
77485
77498
77514
77523
77534
77542
77559
77564
77564
77567
77572
77585
77586
77588
77612
77618
77631
77634
77642
77672
77688
77692
77707
77712
77722
77729
77737
77859
77863
77870
77870
77872
77875
77906
77910
77918
77925
77933
77936
77947
77948
77955
77963
77964
77983
78013
78015
78035
78042
78044
78062
78068
78075
78079
78088
78105
78106
78126
78129
78130
78134
78134
78135
78136
78139
78166
78168
78170
78172
78175
78186
78193
78197
78207
78245
78250
78265
78269
78312
78317
78319
78326
78338
78341
78351
78361
78366
78368
78392
78400
78405
78421
78423
78426
78430
78430
78450
78465
78474
78475
78491
78498
78500
78512
78517
78518
78529
78550
78555
78572
78574
78598
78598
78611
78617
78639
78641
78655
78663
78670
78672
78674
78680
78696
78709
78714
78726
78749
78770
78786
78793
78814
78819
78827
78832
78863
78877
78882
78895
78905
78928
78929
78935
78951
78971
78972
78976
78991
78999
79023
79032
79044
79047
79060
79101
79107
79113
79119
79119
79142
79144
79149
79152
79154
79157
79165
79175
79179
79184
79186
79189
79209
79229
79233
79243
79248
79252
79253
79254
79261
79266
79296
79300
79305
79322
79329
79356
79368
79381
79381
79389
79411
79413
79431
79433
79441
79443
79455
79458
79470
79477
79484
79500
79508
79510
79511
79516
79518
79520
79533
79569
79569
79574
79597
79612
79632
79632
79726
79732
79733
79748
79753
79775
79776
79786
79790
79816
79817
79819
79829
79837
79843
79859
79863
79872
79874
79890
79898
79899
79901
79903
79907
79947
79956
79968
79978
79982
79982
79995
80006
80022
80025
80039
80044
80054
80060
80084
80089
80102
80154
80162
80170
80185
80205
80209
80223
80237
80240
80253
80256
80275
80277
80289
80292
80333
80350
80361
80363
80372
80376
80400
80415
80431
80433
80437
80443
80465
80479
80481
80487
80490
80496
80518
80521
80523
80550
80565
80568
80571
80573
80591
80594
80598
80599
80601
80621
80641
80662
80668
80673
80675
80676
80679
80685
80698
80714
80735
80745
80746
80747
80757
80761
80770
80779
80800
80812
80814
80819
80827
80829
80831
80833
80842
80850
80851
80889
80898
80901
80906
80913
80916
80922
80923
80941
80945
80949
80950
80951
80965
80977
80977
81024
81030
81033
81036
81045
81078
81087
81104
81116
81119
81121
81137
81147
81157
81157
81174
81200
81203
81205
81205
81243
81259
81268
81273
81290
81294
81299
81299
81321
81321
81333
81339
81348
81348
81361
81368
81381
81390
81399
81405
81406
81425
81431
81482
81485
81491
81491
81528
81543
81560
81562
81607
81618
81666
81670
81672
81674
81686
81694
81702
81713
81726
81735
81736
81748
81782
81788
81822
81839
81867
81879
81883
81884
81910
81928
81935
81936
81938
81949
81965
81976
81986
81988
82006
82038
82048
82050
82067
82072
82079
82079
82080
82091
82105
82107
82107
82112
82114
82147
82153
82155
82175
82183
82185
82193
82223
82223
82231
82247
82258
82273
82305
82307
82313
82314
82318
82322
82334
82348
82378
82395
82430
82442
82445
82457
82459
82478
82499
82502
82508
82513
82516
82527
82569
82571
82573
82575
82575
82595
82604
82609
82614
82621
82634
82652
82656
82660
82668
82671
82675
82684
82686
82709
82712
82719
82723
82729
82736
82737
82744
82750
82753
82755
82756
82769
82775
82776
82784
82792
82794
82807
82812
82813
82815
82817
82822
82829
82832
82842
82847
82882
82896
82900
82922
82927
82946
82951
82958
82976
82986
82990
82993
82995
82995
82999
83002
83030
83038
83043
83047
83055
83060
83062
83067
83071
83071
83091
83092
83105
83110
83117
83132
83132
83133
83153
83155
83155
83158
83191
83206
83209
83224
83229
83231
83238
83239
83247
83251
83255
83271
83295
83331
83361
83367
83380
83398
83400
83407
83409
83413
83419
83421
83439
83450
83475
83476
83486
83526
83534
83539
83555
83559
83560
83565
83591
83606
83627
83637
83647
83702
83718
83739
83745
83750
83758
83760
83771
83771
83800
83806
83808
83820
83866
83867
83876
83880
83890
83911
83922
83948
83951
83956
83964
83981
83986
83993
83995
83996
83997
84003
84015
84043
84064
84064
84079
84084
84093
84094
84095
84098
84110
84118
84120
84121
84131
84138
84155
84165
84171
84183
84199
84215
84251
84256
84264
84265
84270
84274
84276
84279
84305
84309
84320
84322
84335
84346
84348
84357
84360
84370
84410
84426
84432
84437
84451
84468
84476
84483
84497
84514
84524
84528
84543
84551
84558
84563
84568
84570
84594
84625
84631
84633
84641
84650
84661
84677
84719
84724
84732
84734
84734
84743
84753
84755
84765
84765
84765
84778
84782
84784
84785
84787
84792
84800
84803
84804
84808
84836
84838
84838
84859
84874
84895
84912
84912
84916
84927
84933
84938
84944
84945
84948
84952
84974
84997
85001
85007
85007
85008
85010
85014
85020
85031
85049
85051
85053
85060
85062
85067
85083
85092
85098
85100
85103
85103
85104
85112
85122
85135
85150
85154
85183
85183
85187
85204
85231
85236
85264
85265
85266
85284
85287
85292
85300
85315
85325
85329
85331
85344
85348
85354
85364
85369
85373
85373
85374
85383
85388
85390
85393
85405
85418
85424
85434
85440
85454
85466
85496
85499
85500
85500
85531
85532
85540
85542
85557
85563
85574
85617
85626
85647
85651
85652
85673
85675
85678
85691
85698
85727
85744
85748
85758
85759
85760
85768
85786
85805
85806
85816
85818
85840
85842
85867
85868
85887
85898
85916
85928
85929
85934
85936
85949
85977
85984
85986
85997
86006
86038
86052
86052
86063
86072
86077
86077
86080
86083
86091
86116
86118
86147
86148
86154
86158
86161
86168
86188
86190
86203
86230
86256
86260
86263
86278
86282
86288
86288
86289
86296
86301
86303
86304
86321
86325
86347
86357
86368
86369
86372
86387
86401
86427
86432
86438
86460
86471
86473
86474
86475
86480
86482
86493
86497
86500
86508
86519
86522
86524
86536
86555
86567
86571
86572
86591
86593
86625
86630
86634
86650
86656
86657
86658
86661
86678
86679
86700
86707
86714
86718
86731
86732
86733
86736
86739
86745
86746
86752
86765
86772
86773
86788
86827
86828
86850
86893
86893
86915
86916
86917
86920
86921
86927
86935
86936
86942
86946
86954
86961
86967
86976
86976
86977
86988
86993
87016
87023
87027
87029
87033
87043
87046
87052
87068
87069
87085
87101
87111
87116
87125
87136
87163
87172
87188
87204
87206
87209
87215
87256
87267
87268
87274
87284
87294
87296
87301
87301
87307
87325
87340
87344
87346
87351
87372
87379
87386
87401
87402
87415
87421
87424
87433
87441
87443
87447
87461
87465
87491
87507
87510
87515
87535
87541
87556
87585
87591
87592
87606
87611
87614
87624
87632
87644
87653
87655
87658
87660
87662
87662
87662
87670
87686
87689
87702
87727
87737
87742
87745
87754
87759
87774
87782
87786
87795
87825
87836
87848
87862
87876
87878
87881
87914
87936
87939
87954
87964
87981
87998
88009
88016
88022
88024
88029
88039
88043
88053
88053
88054
88057
88058
88076
88079
88081
88083
88103
88103
88123
88132
88134
88141
88150
88187
88195
88209
88219
88227
88249
88250
88267
88272
88278
88299
88302
88331
88361
88377
88396
88411
88412
88413
88429
88429
88447
88462
88466
88470
88472
88475
88478
88505
88554
88561
88567
88567
88580
88584
88594
88594
88598
88599
88607
88608
88613
88619
88629
88645
88663
88674
88683
88689
88698
88700
88718
88727
88752
88758
88785
88789
88805
88819
88824
88871
88895
88910
88938
88947
88956
88958
88966
88983
88988
89002
89006
89008
89013
89020
89033
89036
89056
89063
89067
89070
89073
89103
89112
89120
89121
89130
89131
89133
89135
89144
89146
89171
89174
89193
89202
89205
89220
89224
89228
89241
89258
89263
89282
89284
89297
89297
89313
89350
89351
89374
89378
89389
89390
89395
89398
89424
89427
89430
89446
89446
89455
89464
89466
89475
89476
89491
89512
89547
89551
89590
89593
89599
89600
89624
89642
89645
89655
89657
89659
89660
89672
89685
89696
89704
89713
89745
89748
89754
89790
89800
89808
89824
89830
89843
89846
89860
89861
89891
89891
89893
89935
89953
89957
89988
89997
89998
90015
90019
90037
90044
90051
90060
90065
90066
90072
90077
90086
90087
90094
90098
90116
90125
90148
90185
90190
90218
90222
90229
90230
90234
90272
90277
90293
90348
90351
90357
90362
90365
90374
90381
90434
90438
90442
90456
90463
90470
90471
90475
90501
90509
90511
90511
90512
90520
90527
90529
90530
90570
90570
90570
90571
90571
90577
90580
90597
90615
90620
90624
90634
90644
90656
90684
90743
90763
90776
90796
90803
90805
90808
90841
90869
90877
90878
90899
90902
90931
90942
90948
90961
90977
91000
91018
91023
91024
91030
91040
91043
91044
91045
91059
91072
91074
91087
91090
91093
91101
91107
91139
91145
91146
91152
91173
91185
91202
91204
91213
91229
91235
91238
91241
91241
91251
91258
91260
91264
91278
91279
91284
91289
91297
91302
91302
91306
91329
91331
91351
91360
91364
91369
91386
91413
91427
91432
91457
91459
91461
91471
91474
91475
91490
91500
91507
91512
91521
91523
91526
91533
91550
91554
91567
91571
91573
91577
91578
91587
91587
91599
91620
91631
91643
91664
91672
91673
91674
91680
91685
91689
91694
91720
91724
91732
91737
91746
91749
91764
91764
91800
91802
91813
91839
91845
91852
91856
91857
91865
91867
91868
91870
91871
91879
91879
91889
91893
91906
91908
91913
91919
91923
91925
91931
91942
91957
91965
91966
91967
91969
91970
91973
91981
91989
91989
91997
92004
92008
92011
92017
92018
92019
92035
92038
92044
92047
92061
92062
92067
92070
92089
92092
92099
92099
92109
92129
92158
92163
92174
92177
92182
92184
92184
92189
92197
92200
92201
92206
92208
92215
92216
92266
92271
92276
92294
92320
92331
92342
92345
92350
92369
92376
92397
92421
92438
92467
92472
92484
92501
92515
92520
92521
92521
92524
92535
92536
92538
92544
92546
92559
92559
92567
92578
92589
92591
92597
92601
92611
92614
92620
92636
92652
92653
92668
92676
92696
92718
92736
92747
92750
92755
92780
92781
92791
92804
92816
92821
92832
92835
92840
92841
92851
92854
92855
92859
92874
92874
92876
92940
92960
92963
92986
92996
93023
93032
93058
93087
93088
93088
93097
93105
93107
93112
93114
93126
93127
93129
93130
93138
93156
93159
93196
93198
93214
93219
93227
93234
93239
93241
93245
93249
93251
93253
93258
93265
93266
93279
93288
93289
93291
93305
93326
93349
93392
93398
93405
93415
93426
93432
93448
93467
93469
93480
93489
93546
93549
93568
93592
93603
93605
93606
93611
93614
93635
93664
93667
93669
93669
93670
93676
93678
93681
93682
93695
93709
93711
93713
93728
93729
93731
93746
93759
93765
93766
93769
93775
93787
93803
93804
93807
93818
93860
93872
93876
93880
93882
93884
93886
93897
93925
93935
93943
93974
93989
93996
94018
94020
94030
94036
94049
94052
94058
94066
94074
94079
94098
94116
94128
94132
94142
94160
94163
94165
94181
94186
94186
94199
94200
94212
94221
94222
94224
94269
94270
94271
94294
94306
94317
94329
94330
94343
94355
94364
94377
94381
94389
94392
94399
94403
94419
94422
94432
94435
94439
94440
94461
94464
94467
94496
94528
94534
94543
94546
94562
94574
94575
94577
94579
94593
94601
94604
94615
94615
94628
94637
94642
94645
94647
94656
94657
94658
94681
94693
94702
94722
94738
94746
94752
94753
94758
94773
94794
94800
94807
94822
94830
94832
94857
94897
94908
94925
94937
94937
94947
94950
94953
94957
94970
94984
94992
94994
95002
95007
95012
95043
95045
95050
95082
95089
95124
95132
95180
95186
95198
95204
95210
95266
95267
95272
95277
95280
95285
95291
95294
95305
95306
95313
95323
95325
95345
95357
95367
95375
95380
95402
95408
95411
95414
95434
95453
95466
95467
95491
95491
95497
95506
95508
95518
95539
95556
95559
95565
95567
95574
95582
95585
95595
95600
95608
95622
95635
95642
95656
95679
95699
95704
95718
95720
95732
95796
95797
95802
95804
95810
95822
95830
95831
95834
95843
95867
95869
95877
95894
95908
95909
95921
95926
95944
95951
95960
95966
95973
95973
95981
95982
95990
95992
96023
96042
96045
96068
96069
96084
96085
96100
96103
96110
96111
96119
96137
96139
96142
96150
96159
96165
96182
96182
96189
96195
96197
96199
96237
96250
96259
96271
96293
96295
96312
96316
96330
96342
96362
96364
96366
96373
96380
96382
96385
96385
96395
96398
96409
96416
96426
96454
96467
96481
96487
96488
96489
96501
96502
96505
96512
96514
96515
96542
96564
96572
96586
96588
96594
96599
96607
96656
96660
96662
96672
96692
96713
96717
96737
96739
96754
96761
96807
96807
96810
96820
96832
96844
96852
96893
96897
96914
96914
96933
96940
96945
96957
96961
96962
96968
96972
96973
96985
96986
96995
97009
97040
97067
97070
97072
97076
97077
97080
97081
97084
97085
97098
97099
97109
97115
97121
97144
97148
97149
97157
97165
97220
97231
97250
97260
97262
97307
97308
97324
97328
97329
97348
97359
97361
97370
97380
97380
97388
97388
97400
97424
97426
97429
97434
97435
97438
97441
97457
97461
97471
97477
97478
97487
97488
97497
97498
97504
97511
97518
97518
97527
97529
97529
97532
97532
97541
97552
97559
97585
97604
97606
97631
97641
97645
97646
97648
97657
97660
97662
97667
97678
97684
97690
97692
97715
97749
97755
97759
97779
97781
97795
97830
97841
97844
97863
97866
97889
97917
97918
97919
97923
97924
97935
97941
97950
97960
97960
97964
97965
97967
97977
98004
98008
98009
98021
98023
98024
98040
98045
98048
98049
98069
98074
98077
98082
98116
98121
98123
98133
98135
98136
98137
98152
98160
98163
98164
98171
98171
98181
98183
98193
98194
98204
98217
98227
98242
98245
98247
98269
98296
98298
98301
98314
98328
98335
98347
98375
98380
98394
98401
98402
98428
98429
98437
98438
98442
98461
98484
98511
98521
98530
98531
98536
98538
98551
98555
98559
98570
98576
98583
98588
98600
98605
98622
98631
98634
98640
98645
98663
98666
98673
98677
98690
98692
98694
98697
98708
98732
98738
98742
98791
98792
98799
98803
98820
98839
98840
98855
98856
98870
98876
98878
98891
98891
98925
98928
98941
98942
98951
98960
