4
13
21
25
26
39
51
54
60
76
83
106
124
127
146
149
159
213
242
249
250
254
258
279
287
299
300
305
330
345
351
360
370
386
415
416
419
420
452
453
453
460
464
470
473
479
515
533
534
536
547
550
560
577
596
613
614
627
643
645
664
678
679
684
687
688
691
701
706
720
722
727
738
739
741
745
750
784
795
813
819
827
836
841
841
846
850
854
863
867
883
895
935
977
977
979
1043
1064
1072
1073
1080
1090
1090
1095
1103
1127
1139
1162
1163
1183
1189
1202
1203
1229
1270
1270
1278
1287
1314
1324
1356
1366
1369
1406
1422
1428
1432
1440
1443
1459
1465
1466
1483
1486
1491
1498
1513
1534
1539
1546
1594
1611
1613
1618
1638
1665
1673
1686
1687
1704
1704
1712
1718
1723
1727
1733
1752
1754
1768
1772
1783
1812
1817
1828
1838
1860
1862
1907
1913
1914
1914
1953
1957
1970
1970
1977
1982
1988
1993
2033
2049
2072
2083
2090
2090
2095
2099
2129
2144
2162
2183
2224
2254
2255
2262
2270
2290
2293
2294
2303
2316
2354
2363
2367
2370
2382
2406
2473
2475
2484
2494
2520
2520
2527
2528
2550
2558
2570
2598
2615
2617
2633
2635
2638
2658
2658
2684
2690
2694
2715
2720
2725
2739
2742
2755
2760
2762
2768
2772
2777
2795
2814
2815
2849
2883
2896
2915
2939
2940
2944
2958
2975
2977
2990
3005
3015
3048
3050
3063
3071
3075
3077
3110
3140
3205
3214
3228
3248
3266
3271
3293
3294
3294
3300
3321
3377
3411
3424
3438
3465
3478
3510
3512
3523
3525
3539
3561
3563
3563
3573
3581
3625
3625
3629
3630
3637
3639
3643
3660
3673
3708
3708
3718
3733
3748
3766
3793
3802
3805
3850
3857
3864
3866
3871
3885
3889
3896
3931
3937
3952
3954
3968
3968
3968
3971
4008
4017
4032
4054
4060
4072
4094
4095
4099
4107
4108
4112
4117
4125
4139
4145
4148
4149
4151
4159
4159
4166
4207
4210
4210
4220
4242
4251
4252
4252
4257
4262
4271
4283
4292
4297
4310
4317
4338
4353
4358
4369
4382
4392
4397
4405
4407
4407
4455
4460
4465
4479
4483
4490
4492
4498
4504
4507
4509
4514
4520
4521
4528
4531
4533
4541
4591
4593
4600
4610
4614
4621
4628
4642
4648
4657
4673
4687
4691
4699
4703
4730
4736
4754
4770
4788
4808
4812
4813
4825
4856
4857
4859
4876
4888
4891
4892
4896
4922
4929
4937
4940
4944
4947
4947
4954
4962
4962
4975
4977
4978
4981
4991
4999
5016
5026
5044
5050
5065
5075
5077
5082
5094
5098
5114
5118
5122
5145
5149
5149
5152
5175
5177
5185
5222
5225
5234
5244
5249
5275
5279
5280
5301
5307
5341
5344
5363
5366
5385
5389
5401
5409
5447
5452
5486
5486
5491
5509
5512
5513
5514
5526
5539
5547
5547
5549
5549
5557
5558
5590
5608
5615
5617
5625
5632
5638
5643
5646
5651
5651
5656
5658
5659
5678
5686
5691
5694
5711
5718
5722
5723
5732
5747
5758
5770
5790
5792
5792
5806
5809
5841
5859
5894
5903
5916
5925
5929
5934
5960
5961
5978
6000
6004
6019
6028
6034
6036
6039
6054
6067
6074
6084
6091
6108
6110
6112
6116
6139
6148
6150
6160
6166
6175
6185
6187
6191
6198
6228
6263
6266
6270
6276
6291
6307
6319
6335
6362
6387
6388
6391
6397
6412
6424
6431
6447
6457
6458
6459
6461
6478
6480
6510
6514
6531
6538
6563
6590
6598
6603
6603
6604
6618
6645
6661
6678
6695
6701
6705
6707
6725
6741
6754
6764
6778
6782
6783
6792
6793
6797
6802
6807
6808
6809
6818
6824
6827
6832
6839
6880
6885
6912
6917
6929
6930
6944
6961
6979
6981
7005
7006
7011
7024
7025
7027
7028
7031
7043
7064
7083
7093
7122
7123
7148
7152
7153
7158
7161
7162
7183
7183
7201
7211
7217
7221
7221
7221
7224
7230
7258
7268
7279
7290
7305
7317
7322
7324
7330
7338
7349
7355
7362
7374
7386
7389
7399
7401
7410
7418
7423
7432
7434
7436
7437
7439
7443
7445
7457
7477
7495
7496
7505
7522
7534
7580
7595
7602
7607
7625
7632
7640
7657
7679
7687
7690
7701
7707
7716
7739
7746
7766
7774
7784
7787
7794
7805
7805
7826
7827
7840
7844
7847
7859
7864
7887
7895
7902
7903
7912
7919
7924
7928
7930
7962
7963
7966
7968
7976
7977
7982
7997
7999
8001
8006
8007
8009
8026
8027
8053
8056
8064
8071
8103
8125
8146
8150
8160
8165
8167
8170
8177
8178
8180
8189
8196
8201
8203
8209
8226
8246
8254
8256
8258
8271
8279
8304
8307
8314
8370
8385
8398
8412
8420
8427
8433
8437
8455
8456
8472
8485
8493
8503
8511
8520
8523
8528
8540
8541
8544
8549
8588
8600
8612
8631
8643
8645
8681
8689
8704
8706
8715
8718
8724
8754
8758
8767
8770
8779
8793
8796
8799
8823
8837
8847
8859
8861
8869
8880
8882
8888
8888
8889
8898
8907
8909
8931
8942
8945
8952
8963
8964
8965
8973
8982
8982
8987
8989
9000
9015
9031
9034
9037
9047
9059
9060
9062
9066
9067
9074
9076
9078
9083
9109
9114
9121
9133
9136
9137
9138
9149
9152
9159
9168
9172
9176
9182
9213
9218
9221
9266
9270
9277
9291
9292
9298
9306
9313
9331
9332
9342
9346
9368
9374
9378
9393
9395
9402
9421
9424
9435
9454
9456
9466
9467
9474
9495
9505
9506
9506
9508
9509
9525
9528
9537
9538
9540
9549
9556
9574
9593
9603
9608
9610
9616
9623
9634
9637
9646
9666
9667
9685
9690
9708
9718
9722
9732
9733
9737
9746
9751
9778
9779
9780
9783
9792
9807
9815
9816
9816
9830
9835
9860
9860
9864
9865
9869
9872
9872
9873
9874
9876
9877
9933
9937
9940
9964
9966
9969
9983
9986
9995
10022
10027
10043
10044
10046
10048
10049
10063
10075
10089
10091
10091
10105
10126
10127
10131
10149
10149
10159
10160
10172
10182
10193
10205
10229
10230
10233
10248
10256
10262
10272
10281
10285
10287
10311
10322
10324
10332
10336
10349
10354
10375
10390
10393
10398
10402
10422
10424
10424
10432
10444
10459
10461
10462
10467
10471
10472
10478
10481
10500
10526
10533
10535
10542
10563
10568
10568
10575
10586
10588
10598
10603
10605
10614
10637
10658
10661
10670
10671
10673
10674
10676
10688
10695
10696
10709
10710
10728
10731
10733
10743
10744
10745
10746
10748
10752
10754
10769
10772
10783
10795
10800
10809
10821
10821
10826
10827
10833
10839
10846
10861
10863
10868
10898
10905
10911
10912
10920
10976
10985
11003
11012
11048
11076
11079
11091
11100
11115
11133
11138
11148
11149
11151
11155
11171
11181
11181
11185
11225
11227
11227
11242
11248
11257
11264
11274
11275
11278
11279
11287
11288
11290
11292
11293
11299
11299
11309
11322
11342
11342
11347
11349
11372
11398
11404
11417
11418
11441
11441
11442
11454
11456
11474
11481
11489
11504
11519
11533
11544
11553
11592
11608
11623
11629
11638
11645
11656
11665
11666
11671
11672
11683
11700
11727
11729
11731
11745
11757
11761
11767
11776
11787
11803
11805
11814
11820
11824
11830
11833
11842
11847
11851
11857
11858
11860
11863
11875
11876
11895
11900
11903
11933
11960
11961
11976
11978
11979
11980
12018
12040
12052
12059
12096
12103
12108
12111
12112
12128
12136
12148
12154
12162
12199
12210
12213
12219
12236
12250
12261
12262
12284
12285
12286
12287
12305
12310
12319
12333
12333
12336
12349
12356
12370
12392
12400
12406
12408
12468
12481
12507
12528
12536
12558
12569
12574
12590
12601
12610
12630
12642
12642
12643
12646
12694
12705
12711
12712
12738
12764
12773
12786
12789
12790
12798
12800
12805
12808
12830
12844
12846
12854
12858
12859
12870
12891
12917
12925
12933
12970
12994
12995
13000
13004
13011
13022
13025
13029
13035
13039
13041
13075
13089
13103
13110
13116
13123
13126
13175
13182
13186
13194
13204
13212
13217
13217
13219
13221
13221
13224
13248
13267
13304
13307
13314
13317
13322
13323
13330
13335
13352
13354
13360
13360
13365
13368
13383
13384
13400
13418
13425
13427
13428
13431
13437
13441
13444
13448
13454
13456
13466
13473
13483
13494
13505
13508
13527
13527
13532
13536
13541
13548
13558
13572
13578
13581
13587
13595
13612
13615
13615
13631
13632
13639
13641
13651
13660
13662
13667
13691
13704
13706
13709
13712
13732
13748
13749
13776
13789
13801
13807
13816
13826
13831
13838
13852
13852
13857
13883
13896
13897
13921
13933
13935
13936
13941
13971
13976
13978
13987
13987
13992
13993
13996
14019
14020
14022
14055
14065
14070
14073
14082
14091
14104
14108
14131
14141
14180
14181
14185
14192
14218
14223
14237
14247
14263
14267
14275
14278
14285
14288
14295
14310
14322
14331
14345
14345
14346
14370
14379
14382
14393
14405
14409
14416
14418
14418
14424
14430
14431
14442
14445
14454
14472
14496
14516
14517
14534
14545
14558
14583
14590
14594
14594
14597
14604
14608
14613
14630
14631
14653
14672
14678
14682
14691
14699
14712
14712
14713
14720
14728
14735
14737
14771
14788
14805
14830
14834
14843
14846
14848
14848
14857
14870
14874
14880
14892
14894
14898
14900
14920
14927
14933
14940
14946
14952
14982
14983
14986
15003
15004
15021
15021
15023
15030
15052
15066
15069
15071
15099
15103
15104
15108
15125
15130
15134
15148
15154
15159
15160
15164
15167
15185
15188
15193
15194
15209
15236
15238
15240
15248
15259
15260
15260
15261
15265
15287
15291
15298
15304
15305
15310
15314
15324
15362
15371
15377
15406
15409
15410
15423
15429
15454
15459
15466
15473
15482
15484
15488
15489
15491
15509
15525
15538
15544
15545
15557
15562
15586
15588
15610
15611
15624
15632
15640
15661
15684
15705
15713
15722
15723
15728
15728
15729
15735
15738
15741
15744
15747
15754
15762
15771
15776
15780
15796
15799
15801
15805
15818
15822
15832
15840
15840
15843
15844
15845
15851
15858
15858
15867
15868
15870
15885
15890
15891
15892
15900
15903
15905
15908
15927
15931
15942
15943
15948
15963
15965
15974
15981
15984
15995
16002
16005
16006
16007
16019
16023
16032
16035
16039
16051
16053
16055
16061
16065
16072
16079
16080
16092
16096
16104
16136
16138
16144
16184
16191
16212
16215
16227
16231
16232
16242
16265
16277
16293
16304
16307
16309
16311
16316
16316
16318
16335
16338
16348
16368
16369
16379
16380
16391
16392
16394
16398
16418
16420
16425
16426
16434
16444
16452
16458
16459
16460
16466
16469
16471
16483
16488
16497
16504
16504
16511
16514
16527
16529
16535
16552
16557
16577
16577
16586
16588
16588
16610
16618
16628
16632
16645
16650
16655
16659
16659
16681
16684
16688
16700
16703
16704
16709
16711
16721
16736
16737
16740
16747
16751
16755
16761
16761
16763
16776
16778
16779
16792
16804
16809
16821
16831
16852
16909
16921
16921
16922
16925
16941
16947
16948
16950
16952
16968
16990
16997
17006
17026
17029
17037
17043
17045
17050
17051
17073
17081
17087
17096
17104
17108
17109
17109
17110
17123
17131
17132
17133
17141
17167
17169
17173
17174
17176
17187
17189
17192
17195
17230
17234
17247
17259
17268
17271
17284
17284
17285
17302
17310
17330
17335
17339
17368
17377
17394
17398
17434
17435
17440
17448
17456
17461
17462
17471
17478
17493
17506
17507
17509
17528
17539
17542
17558
17584
17585
17594
17607
17615
17622
17625
17635
17668
17672
17678
17689
17694
17696
17702
17710
17715
17718
17729
17740
17747
17750
17751
17772
17772
17799
17799
17813
17817
17840
17861
17869
17869
17879
17882
17884
17889
17907
17951
18006
18009
18014
18027
18043
18049
18064
18065
18075
18081
18113
18122
18128
18150
18173
18181
18203
18204
18217
18232
18235
18257
18260
18260
18268
18276
18282
18308
18311
18316
18318
18326
18333
18338
18340
18345
18347
18362
18366
18370
18375
18375
18405
18420
18435
18439
18445
18450
18452
18462
18474
18488
18489
18503
18521
18527
18531
18537
18538
18555
18564
18570
18583
18592
18595
18604
18609
18615
18616
18618
18643
18659
18665
18671
18687
18692
18696
18699
18703
18716
18720
18720
18752
18761
18762
18778
18782
18782
18786
18791
18796
18804
18808
18809
18811
18811
18812
18831
18845
18863
18866
18879
18902
18905
18916
18926
18927
18933
18936
18943
18944
18956
18963
18978
18989
18997
19002
19017
19041
19047
19051
19075
19079
19081
19089
19092
19093
19099
19120
19121
19121
19152
19169
19169
19171
19191
19195
19199
19203
19247
19250
19286
19292
19302
19303
19306
19307
19313
19320
19324
19349
19359
19362
19379
19380
19387
19407
19408
19412
19419
19468
19472
19480
19483
19489
19500
19522
19530
19532
19588
19589
19592
19601
19603
19609
19609
19620
19621
19622
19628
19631
19633
19636
19638
19639
19640
19671
19687
19717
19721
19727
19744
19751
19779
19783
19789
19811
19812
19834
19845
19853
19855
19875
19877
19877
19903
19906
19906
19909
19920
19923
19929
19945
19949
19955
19976
19977
19981
19982
19987
19991
20001
20001
20004
20006
20008
20010
20013
20020
20026
20028
20030
20036
20044
20054
20054
20063
20069
20082
20084
20106
20106
20108
20124
20125
20130
20157
20163
20163
20189
20205
20211
20222
20228
20230
20249
20249
20264
20273
20275
20276
20281
20285
20297
20308
20313
20319
20320
20320
20332
20334
20336
20336
20336
20356
20371
20373
20373
20395
20402
20405
20411
20421
20424
20424
20431
20439
20444
20451
20455
20465
20472
20485
20495
20498
20503
20524
20540
20540
20544
20545
20552
20582
20585
20595
20596
20609
20613
20625
20637
20640
20646
20648
20649
20657
20659
20661
20679
20681
20686
20686
20700
20701
20702
20720
20731
20744
20757
20762
20766
20767
20791
20795
20800
20816
20819
20819
20835
20851
20854
20857
20864
20871
20875
20881
20881
20894
20898
20901
20904
20907
20962
20964
20968
20980
20982
21004
21026
21036
21040
21048
21051
21082
21107
21110
21111
21137
21138
21140
21149
21162
21177
21181
21183
21185
21197
21205
21210
21210
21212
21219
21238
21241
21247
21251
21252
21255
21255
21266
21267
21274
21278
21288
21294
21295
21298
21305
21330
21342
21350
21357
21378
21380
21398
21402
21418
21426
21447
21448
21453
21479
21490
21504
21506
21513
21515
21520
21520
21521
21524
21525
21532
21539
21540
21541
21548
21552
21562
21570
21573
21582
21583
21606
21618
21629
21632
21634
21653
21657
21663
21720
21732
21747
21760
21797
21804
21807
21822
21826
21837
21850
21850
21850
21870
21895
21897
21914
21917
21930
21930
21934
21936
21954
21957
21961
21965
21969
21969
21975
21981
22001
22025
22026
22058
22062
22066
22073
22073
22084
22090
22094
22101
22113
22117
22126
22128
22133
22137
22143
22145
22153
22170
22175
22179
22187
22188
22208
22212
22219
22221
22228
22235
22267
22269
22279
22284
22295
22301
22313
22318
22318
22335
22337
22340
22346
22351
22356
22365
22367
22372
22376
22380
22383
22383
22384
22389
22393
22393
22396
22398
22407
22422
22434
22435
22437
22437
22460
22477
22477
22481
22487
22493
22496
22507
22509
22517
22518
22521
22522
22523
22536
22536
22543
22543
22544
22550
22554
22566
22572
22591
22595
22600
22613
22615
22620
22621
22624
22630
22634
22638
22654
22658
22676
22695
22697
22699
22705
22717
22723
22747
22752
22763
22792
22800
22802
22821
22829
22829
22829
22843
22866
22880
22880
22888
22889
22904
22928
22940
22959
22961
22974
22982
22992
23003
23004
23024
23031
23035
23041
23041
23047
23072
23075
23082
23090
23100
23101
23103
23122
23126
23129
23137
23138
23151
23152
23156
23156
23158
23162
23163
23164
23176
23184
23194
23204
23210
23212
23224
23224
23226
23229
23234
23246
23252
23254
23259
23279
23294
23335
23338
23360
23363
23375
23377
23386
23399
23412
23412
23413
23424
23446
23449
23453
23477
23486
23494
23514
23536
23539
23544
23552
23560
23574
23576
23577
23579
23580
23584
23603
23606
23616
23633
23637
23638
23640
23653
23655
23658
23688
23703
23710
23713
23714
23718
23747
23752
23759
23770
23790
23797
23803
23809
23820
23824
23825
23840
23864
23871
23879
23884
23886
23894
23895
23909
23909
23909
23922
23944
23960
23972
23975
23977
23978
23979
23992
24003
24010
24023
24026
24026
24030
24035
24035
24043
24046
24049
24054
24058
24060
24091
24095
24097
24099
24108
24153
24155
24163
24184
24190
24196
24207
24217
24238
24242
24246
24273
24275
24285
24286
24291
24292
24312
24312
24316
24318
24319
24342
24376
24389
24396
24402
24412
24416
24423
24431
24445
24452
24455
24463
24466
24468
24469
24469
24479
24486
24489
24497
24503
24539
24546
24550
24557
24562
24568
24572
24587
24589
24594
24602
24613
24618
24620
24659
24693
24701
24714
24714
24728
24728
24731
24735
24742
24742
24743
24753
24757
24768
24776
24777
24779
24801
24814
24821
24822
24831
24852
24860
24877
24881
24882
24897
24925
24977
24986
24989
25004
25008
25015
25021
25026
25042
25043
25057
25079
25084
25087
25109
25131
25150
25198
25209
25210
25212
25218
25221
25226
25230
25236
25251
25274
25284
25288
25295
25303
25313
25315
25316
25324
25328
25362
25377
25392
25408
25429
25469
25477
25495
25497
25500
25506
25513
25515
25527
25529
25530
25532
25534
25544
25572
25574
25578
25589
25593
25594
25609
25619
25621
25630
25632
25640
25641
25702
25704
25717
25718
25729
25740
25741
25756
25776
25781
25787
25803
25805
25810
25824
25825
25832
25833
25837
25847
25851
25854
25862
25865
25876
25889
25904
25904
25906
25916
25943
25952
25953
25981
25994
26019
26037
26043
26049
26051
26066
26069
26070
26077
26083
26089
26091
26101
26107
26110
26124
26140
26149
26157
26174
26180
26188
26191
26193
26193
26203
26206
26210
26213
26222
26239
26241
26244
26246
26252
26256
26260
26268
26273
26279
26279
26286
26296
26304
26326
26330
26331
26335
26337
26339
26340
26347
26353
26370
26379
26389
26396
26400
26409
26420
26422
26423
26426
26434
26436
26449
26460
26462
26467
26477
26482
26495
26507
26508
26508
26509
26527
26531
26550
26560
26570
26584
26586
26588
26597
26598
26613
26616
26620
26630
26652
26655
26657
26666
26677
26700
26712
26723
26725
26727
26735
26735
26750
26753
26776
26795
26824
26838
26845
26855
26866
26867
26867
26880
26902
26906
26907
26912
26930
26932
26943
26944
26951
26958
26964
26972
26979
26988
26988
26991
27002
27008
27028
27031
27033
27045
27047
27059
27063
27078
27112
27112
27118
27155
27175
27195
27200
27207
27208
27239
27248
27254
27265
27266
27274
27288
27317
27322
27326
27328
27347
27351
27355
27363
27374
27383
27393
27400
27404
27419
27425
27434
27444
27458
27462
27475
27489
27498
27505
27506
27533
27537
27552
27556
27556
27568
27588
27599
27617
27623
27630
27652
27661
27665
27682
27710
27722
27738
27744
27763
27778
27792
27804
27808
27828
27870
27894
27898
27899
27907
27916
27932
27941
27954
27960
27968
27969
27973
27985
27987
27997
28000
28008
28037
28037
28039
28061
28063
28067
28097
28099
28123
28131
28170
28175
28185
28204
28212
28217
28229
28233
28233
28262
28272
28279
28285
28337
28339
28339
28344
28352
28361
28368
28390
28401
28424
28429
28444
28455
28474
28475
28482
28493
28496
28516
28530
28537
28544
28568
28568
28569
28579
28589
28602
28633
28633
28646
28649
28664
28666
28678
28680
28686
28687
28691
28701
28706
28710
28727
28729
28730
28731
28736
28745
28748
28752
28752
28752
28766
28770
28774
28782
28797
28813
28827
28835
28837
28855
28880
28882
28891
28901
28915
28921
28921
28926
28928
28930
28936
28939
28954
28961
28962
28968
28970
28971
28973
28980
29019
29041
29065
29069
29072
29079
29083
29088
29096
29114
29118
29122
29126
29133
29134
29146
29150
29154
29156
29167
29174
29184
29185
29186
29193
29223
29232
29240
29247
29253
29256
29258
29268
29271
29274
29275
29276
29281
29284
29307
29313
29314
29316
29324
29325
29337
29352
29352
29371
29375
29381
29384
29395
29396
29400
29404
29414
29415
29427
29440
29447
29449
29453
29454
29464
29466
29473
29482
29488
29500
29502
29511
29512
29528
29543
29543
29544
29551
29560
29570
29582
29598
29601
29602
29604
29614
29620
29621
29622
29630
29659
29668
29669
29670
29680
29686
29691
29704
29718
29719
29723
29750
29755
29765
29767
29767
29767
29792
29805
29805
29809
29818
29820
29837
29840
29845
29852
29854
29858
29873
29875
29908
29913
29913
29914
29914
29954
29957
29964
29966
29966
29975
30003
30007
30018
30023
30037
30048
30054
30062
30068
30087
30087
30087
30094
30095
30109
30110
30111
30115
30135
30139
30146
30150
30150
30166
30171
30172
30172
30181
30183
30203
30207
30210
30212
30231
30254
30254
30272
30273
30276
30281
30301
30351
30356
30370
30393
30403
30405
30413
30416
30425
30437
30437
30439
30443
30478
30479
30479
30480
30485
30488
30492
30504
30519
30528
30533
30539
30539
30549
30549
30557
30562
30564
30575
30575
30576
30595
30597
30602
30609
30633
30644
30675
30683
30692
30709
30711
30712
30712
30718
30730
30752
30759
30759
30767
30768
30782
30782
30788
30790
30801
30808
30817
30851
30870
30870
30872
30880
30881
30887
30891
30896
30911
30920
30922
30931
30946
30957
30959
30973
30975
31005
31025
31025
31028
31028
31041
31062
31099
31102
31109
31115
31116
31128
31133
31136
31166
31193
31199
31207
31210
31214
31228
31233
31258
31263
31267
31270
31289
31289
31315
31322
31323
31339
31344
31356
31358
31362
31372
31387
31398
31400
31409
31434
31438
31456
31458
31459
31459
31470
31476
31491
31493
31502
31506
31526
31539
31540
31541
31542
31544
31544
31550
31556
31576
31577
31592
31607
31608
31613
31625
31636
31660
31676
31678
31688
31692
31694
31696
31711
31734
31748
31751
31753
31761
31809
31815
31833
31835
31835
31842
31844
31847
31882
31886
31909
31919
31951
31980
31990
31992
31993
32018
32032
32037
32039
32051
32064
32078
32110
32117
32135
32154
32173
32184
32185
32186
32207
32226
32240
32252
32254
32256
32264
32277
32284
32290
32291
32299
32304
32312
32327
32341
32344
32348
32365
32382
32384
32390
32396
32434
32456
32470
32471
32473
32480
32482
32500
32510
32511
32542
32554
32554
32565
32571
32583
32585
32618
32622
32640
32643
32647
32651
32658
32676
32677
32686
32694
32699
32705
32729
32730
32737
32762
32766
32774
32792
32795
32805
32807
32813
32821
32826
32847
32857
32864
32867
32869
32887
32892
32899
32905
32923
32942
32949
32959
32962
32964
32978
32986
32988
32990
32994
32995
33000
33000
33003
33003
33008
33020
33027
33027
33028
33031
33037
33038
33049
33051
33054
33054
33062
33068
33073
33075
33081
33095
33099
33106
33113
33125
33132
33150
33155
33159
33159
33171
33172
33175
33186
33186
33206
33213
33228
33230
33242
33245
33255
33255
33258
33269
33271
33273
33274
33275
33295
33305
33319
33330
33344
33344
33349
33357
33363
33369
33388
33401
33406
33408
33410
33416
33440
33450
33461
33468
33468
33470
33475
33479
33479
33503
33526
33527
33530
33532
33571
33572
33583
33585
33589
33617
33641
33646
33648
33650
33653
33653
33654
33659
33660
33671
33673
33676
33697
33709
33710
33726
33730
33742
33749
33753
33756
33767
33778
33782
33784
33786
33787
33805
33817
33818
33824
33833
33835
33837
33845
33846
33848
33853
33864
33879
33881
33893
33899
33904
33941
33952
33952
33953
33957
33975
33978
33983
33994
33999
34017
34024
34026
34035
34045
34060
34061
34088
34113
34113
34118
34128
34131
34150
34158
34171
34178
34185
34199
34217
34221
34222
34235
34236
34239
34240
34245
34246
34257
34269
34272
34272
34274
34285
34290
34297
34306
34309
34322
34343
34369
34376
34383
34388
34391
34401
34403
34412
34417
34431
34435
34439
34461
34463
34467
34479
34493
34501
34503
34505
34538
34548
34550
34563
34571
34599
34600
34604
34606
34612
34616
34632
34641
34642
34646
34661
34692
34712
34713
34716
34719
34724
34727
34733
34734
34737
34745
34749
34778
34786
34788
34794
34797
34804
34806
34820
34820
34833
34850
34851
34852
34854
34867
34892
34899
34906
34911
34914
34973
34986
34989
35008
35015
35022
35027
35033
35041
35046
35050
35053
35059
35072
35093
35097
35105
35109
35112
35114
35116
35116
35127
35133
35140
35142
35151
35158
35159
35168
35183
35196
35201
35204
35225
35232
35240
35255
35258
35261
35264
35279
35283
35309
35316
35323
35323
35323
35325
35346
35350
35351
35352
35357
35358
35402
35409
35418
35420
35427
35433
35445
35446
35447
35457
35457
35461
35474
35491
35506
35511
35514
35516
35517
35530
35532
35533
35537
35538
35540
35541
35544
35551
35570
35583
35593
35610
35629
35632
35646
35654
35665
35670
35679
35701
35701
35718
35733
35737
35762
35770
35773
35788
35792
35832
35861
35870
35879
35893
35895
35899
35906
35906
35915
35920
35930
35967
35968
35997
36003
36013
36015
36018
36031
36042
36047
36048
36062
36066
36072
36079
36079
36084
36085
36086
36092
36097
36099
36117
36162
36167
36170
36185
36223
36228
36233
36245
36257
36262
36262
36290
36305
36399
36403
36445
36453
36458
36468
36480
36487
36490
36493
36495
36503
36510
36517
36523
36524
36534
36539
36540
36541
36548
36554
36561
36576
36577
36582
36584
36588
36594
36612
36622
36622
36624
36626
36627
36651
36655
36666
36674
36678
36697
36698
36719
36745
36755
36757
36758
36759
36786
36793
36793
36796
36799
36807
36817
36822
36824
36837
36841
36863
36864
36877
36880
36892
36894
36895
36903
36905
36926
36941
36948
36960
36961
36962
36962
36977
36978
36981
37025
37039
37039
37044
37057
37063
37073
37076
37077
37079
37081
37082
37089
37097
37100
37100
37104
37135
37173
37177
37205
37208
37218
37221
37225
37235
37246
37265
37295
37303
37307
37317
37322
37329
37331
37342
37345
37355
37356
37357
37371
37375
37377
37377
37397
37400
37404
37419
37421
37430
37435
37451
37451
37458
37466
37499
37507
37534
37535
37535
37542
37547
37549
37560
37561
37564
37599
37615
37626
37637
37654
37662
37668
37668
37669
37674
37680
37691
37706
37707
37723
37735
37739
37763
37785
37793
37809
37834
37841
37849
37858
37859
37863
37866
37867
37870
37886
37902
37908
37922
37928
37937
37949
37953
37954
37967
38016
38018
38021
38032
38036
38042
38045
38047
38047
38053
38055
38066
38073
38081
38088
38138
38152
38173
38195
38207
38212
38215
38223
38233
38248
38249
38253
38253
38260
38260
38293
38296
38321
38326
38332
38335
38348
38357
38360
38373
38375
38389
38393
38429
38433
38446
38467
38477
38483
38565
38568
38603
38609
38612
38613
38616
38632
38634
38650
38652
38659
38665
38666
38679
38687
38695
38720
38724
38731
38741
38743
38749
38752
38756
38759
38764
38793
38798
38809
38842
38844
38845
38865
38884
38891
38907
38923
38932
38934
38950
38952
38970
39008
39024
39026
39054
39062
39068
39074
39077
39087
39095
39119
39126
39128
39133
39138
39148
39167
39182
39183
39186
39203
39211
39241
39245
39246
39261
39264
39299
39307
39308
39320
39327
39349
39372
39376
39380
39384
39385
39394
39394
39395
39401
39403
39406
39414
39419
39448
39454
39459
39469
39475
39483
39501
39502
39516
39529
39535
39537
39538
39554
39558
39576
39579
39582
39589
39594
39605
39616
39633
39650
39660
39664
39670
39670
39677
39689
39701
39712
39716
39731
39745
39753
39759
39760
39762
39771
39779
39780
39798
39801
39803
39809
39818
39827
39829
39838
39838
39850
39862
39884
39903
39916
39930
39936
39952
39958
39964
39974
39995
40003
40015
40029
40030
40032
40046
40051
40055
40056
40062
40063
40064
40065
40066
40067
40078
40078
40083
40088
40091
40092
40094
40101
40111
40119
40122
40125
40131
40144
40152
40185
40186
40189
40204
40207
40228
40242
40244
40247
40250
40272
40277
40320
40323
40328
40343
40359
40362
40365
40382
40390
40405
40405
40438
40444
40459
40460
40493
40503
40518
40544
40545
40555
40576
40583
40587
40596
40598
40600
40604
40614
40619
40619
40636
40646
40655
40658
40679
40686
40699
40701
40703
40711
40715
40722
40727
40730
40735
40741
40748
40750
40784
40791
40803
40804
40808
40810
40812
40812
40821
40824
40825
40829
40832
40838
40843
40874
40876
40887
40906
40906
40909
40926
40942
40945
40983
41009
41013
41015
41016
41017
41018
41021
41021
41029
41029
41035
41056
41066
41067
41080
41083
41093
41094
41097
41104
41106
41115
41118
41141
41141
41149
41153
41167
41173
41201
41201
41213
41241
41259
41271
41297
41302
41307
41309
41309
41338
41354
41355
41361
41368
41373
41376
41391
41411
41440
41455
41489
41493
41503
41539
41552
41565
41569
41584
41584
41603
41620
41627
41627
41634
41640
41655
41659
41664
41670
41687
41696
41697
41700
41707
41722
41724
41725
41725
41731
41750
41755
41755
41757
41763
41765
41772
41773
41785
41786
41796
41813
41823
41830
41841
41842
41857
41858
41893
41901
41902
41904
41912
41942
41954
41975
41983
41990
41991
41998
42009
42023
42026
42027
42069
42075
42077
42087
42096
42108
42114
42123
42124
42129
42132
42138
42139
42143
42157
42159
42162
42165
42165
42176
42180
42206
42209
42218
42231
42232
42257
42265
42274
42292
42300
42309
42319
42332
42353
42382
42389
42405
42445
42452
42468
42472
42479
42493
42507
42531
42535
42538
42538
42553
42560
42564
42566
42566
42578
42580
42588
42590
42594
42597
42609
42623
42642
42644
42666
42682
42685
42690
42694
42699
42706
42708
42710
42717
42727
42743
42755
42768
42799
42805
42810
42828
42829
42841
42843
42845
42849
42854
42861
42862
42866
42867
42871
42877
42880
42890
42891
42923
42931
42934
42945
42957
42958
42962
42966
42969
42972
42972
42985
42996
43000
43015
43032
43036
43048
43051
43051
43065
43069
43075
43079
43080
43086
43088
43098
43124
43129
43144
43146
43170
43188
43192
43197
43199
43206
43207
43218
43226
43230
43249
43270
43275
43284
43294
43297
43302
43306
43315
43318
43327
43333
43341
43346
43360
43364
43372
43379
43379
43388
43402
43404
43408
43419
43427
43442
43450
43451
43457
43463
43464
43466
43471
43481
43483
43516
43546
43557
43566
43567
43568
43570
43572
43601
43610
43621
43637
43656
43665
43673
43681
43687
43691
43696
43698
43713
43721
43745
43754
43764
43772
43794
43800
43808
43826
43837
43840
43851
43854
43856
43870
43871
43885
43890
43898
43910
43915
43918
43921
43927
43933
43940
43942
43951
43969
43970
43975
43996
44000
44013
44019
44029
44033
44037
44062
44066
44084
44110
44118
44141
44142
44143
44160
44166
44184
44186
44194
44200
44201
44202
44209
44211
44218
44220
44225
44234
44240
44240
44246
44252
44269
44273
44287
44289
44302
44319
44322
44342
44344
44354
44369
44403
44404
44406
44417
44421
44423
44450
44452
44463
44470
44487
44488
44489
44490
44500
44505
44509
44531
44532
44534
44542
44555
44584
44589
44594
44604
44626
44646
44647
44650
44667
44671
44706
44707
44709
44726
44741
44745
44758
44768
44773
44782
44787
44824
44829
44839
44856
44867
44884
44888
44890
44894
44907
44918
44919
44925
44951
44960
44969
45010
45021
45022
45027
45039
45039
45041
45047
45048
45050
45053
45088
45119
45121
45121
45133
45133
45160
45162
45183
45205
45225
45237
45259
45259
45263
45266
45270
45308
45317
45322
45324
45331
45343
45343
45344
45350
45351
45352
45364
45365
45368
45376
45387
45392
45396
45404
45421
45421
45422
45435
45445
45461
45464
45469
45481
45499
45501
45534
45534
45536
45538
45572
45576
45576
45584
45585
45593
45601
45601
45618
45630
45637
45638
45639
45648
45664
45677
45681
45687
45736
45765
45767
45775
45778
45782
45783
45784
45787
45788
45791
45793
45802
45849
45858
45864
45870
45877
45880
45893
45912
45913
45918
45924
45927
45948
45953
45959
45969
46004
46008
46019
46028
46033
46033
46038
46052
46057
46060
46077
46077
46079
46094
46105
46111
46120
46124
46133
46146
46148
46150
46151
46160
46168
46181
46186
46195
46202
46209
46212
46237
46254
46259
46276
46279
46290
46296
46304
46340
46342
46347
46349
46366
46366
46377
46383
46385
46388
46396
46400
46413
46435
46435
46435
46437
46447
46447
46452
46455
46468
46476
46497
46498
46523
46523
46528
46536
46542
46543
46550
46552
46556
46562
46564
46593
46598
46625
46631
46631
46648
46653
46671
46677
46680
46685
46689
46689
46690
46691
46696
46713
46720
46738
46748
46749
46753
46759
46771
46774
46788
46791
46802
46808
46811
46840
46843
46867
46869
46876
46879
46894
46894
46902
46909
46916
46932
46937
46945
46949
46962
46968
46968
46981
46986
46993
46998
47004
47008
47013
47014
47014
47016
47023
47031
47065
47074
47078
47099
47105
47120
47123
47138
47148
47148
47154
47171
47172
47174
47178
47201
47204
47223
47223
47226
47269
47278
47286
47287
47310
47312
47312
47313
47337
47340
47354
47362
47364
47365
47390
47392
47400
47401
47403
47410
47418
47423
47430
47471
47473
47476
47478
47503
47510
47513
47515
47520
47525
47528
47534
47539
47543
47548
47556
47567
47590
47600
47607
47616
47622
47626
47630
47639
47642
47651
47654
47675
47675
47682
47707
47748
47767
47783
47786
47823
47826
47830
47867
47887
47891
47904
47909
47910
47916
47925
47926
47926
47936
47941
47942
47947
47951
47954
47980
47985
47985
47988
48050
48050
48066
48069
48076
48078
48083
48086
48095
48104
48107
48126
48138
48138
48146
48147
48160
48162
48167
48174
48178
48182
48185
48212
48229
48233
48243
48246
48257
48258
48301
48303
48304
48309
48314
48325
48330
48349
48353
48358
48364
48372
48413
48422
48432
48458
48475
48477
48478
48488
48492
48501
48501
48512
48520
48523
48533
48550
48550
48571
48580
48582
48600
48604
48621
48633
48635
48664
48668
48689
48695
48697
48698
48705
48726
48734
48742
48757
48771
48777
48780
48786
48791
48802
48803
48816
48822
48837
48841
48875
48880
48890
48893
48910
48923
48947
48955
48965
48994
49004
49006
49029
49029
49031
49040
49041
49044
49068
49077
49120
49139
49151
49158
49162
49176
49179
49181
49183
49191
49197
49202
49208
49210
49217
49221
49222
49232
49233
49237
49244
49246
49248
49258
49259
49271
49274
49277
49294
49323
49382
49385
49406
49418
49433
49446
49462
49476
49488
49491
49492
49498
49510
49513
49536
49551
49570
49580
49584
49597
49609
49616
49624
49625
49627
49647
49651
49652
49659
49664
49673
49688
49689
49702
49734
49738
49752
49757
49767
49776
49780
49781
49784
49786
49801
49807
49815
49816
49830
49833
49864
49869
49873
49888
49889
49899
49905
49906
49918
49933
49934
49944
49946
49950
49956
49960
49965
49990
50009
50014
50038
50045
50049
50053
50067
50069
50094
50094
50119
50122
50125
50128
50130
50147
50158
50160
50165
50179
50183
50186
50187
50191
50193
50206
50208
50212
50214
50215
50232
50236
50251
50265
50286
50288
50292
50317
50320
50322
50330
50336
50340
50343
50346
50348
50359
50361
50372
50378
50378
50380
50395
50409
50414
50419
50421
50433
50437
50450
50450
50451
50469
50471
50473
50475
50475
50476
50478
50479
50479
50511
50519
50523
50530
50530
50533
50534
50548
50561
50567
50570
50577
50578
50586
50586
50588
50597
50600
50609
50632
50634
50635
50640
50652
50652
50666
50668
50682
50688
50699
50712
50713
50721
50722
50723
50762
50778
50778
50780
50791
50827
50831
50834
50872
50875
50878
50886
50890
50896
50903
50912
50915
50927
50940
50944
50946
50951
50963
50974
51011
51020
51021
51040
51044
51069
51085
51086
51095
51099
51120
51165
51168
51172
51176
51187
51194
51267
51278
51281
51288
51289
51290
51300
51311
51325
51331
51332
51337
51344
51350
51377
51382
51393
51394
51402
51405
51414
51422
51425
51434
51438
51444
51452
51456
51461
51469
51470
51472
51481
51495
51510
51514
51523
51525
51531
51533
51536
51545
51550
51554
51554
51555
51590
51600
51606
51626
51627
51647
51651
51674
51690
51694
51695
51700
51707
51712
51714
51747
51749
51767
51782
51787
51797
51799
51809
51812
51815
51818
51825
51835
51838
51838
51843
51846
51869
51873
51876
51876
51879
51881
51888
51890
51893
51913
51931
51931
51933
51934
51938
51950
51957
51958
51958
51977
52000
52003
52004
52018
52028
52029
52042
52046
52053
52053
52058
52065
52082
52084
52089
52093
52093
52095
52097
52130
52136
52138
52145
52151
52153
52174
52175
52195
52224
52231
52232
52258
52266
52266
52267
52269
52277
52315
52319
52320
52336
52375
52398
52400
52408
52426
52430
52437
52458
52462
52476
52481
52486
52490
52492
52499
52520
52524
52526
52528
52531
52568
52579
52592
52596
52633
52648
52658
52682
52691
52703
52722
52741
52742
52749
52775
52790
52795
52801
52802
52803
52818
52825
52827
52827
52828
52844
52860
52879
52889
52891
52900
52908
52931
52940
52946
52946
52967
52969
52971
52971
52983
52986
52989
52990
52992
53075
53084
53097
53098
53100
53112
53121
53122
53131
53140
53144
53153
53155
53161
53182
53197
53214
53225
53241
53263
53265
53266
53284
53295
53314
53318
53342
53348
53354
53373
53374
53384
53395
53397
53401
53402
53411
53412
53412
53418
53452
53455
53465
53472
53480
53491
53492
53502
53540
53566
53599
53617
53637
53651
53652
53655
53655
53690
53707
53736
53746
53757
53761
53770
53771
53787
53793
53795
53804
53821
53832
53834
53839
53856
53889
53893
53898
53901
53928
53950
53971
53989
54017
54020
54023
54037
54038
54040
54053
54069
54078
54086
54089
54094
54111
54126
54158
54163
54168
54180
54227
54230
54233
54247
54273
54281
54282
54309
54313
54322
54334
54374
54383
54389
54393
54406
54407
54425
54443
54444
54453
54462
54477
54480
54480
54483
54494
54504
54507
54520
54554
54559
54561
54562
54563
54574
54575
54575
54578
54580
54584
54590
54592
54602
54606
54607
54607
54618
54626
54631
54636
54638
54645
54650
54653
54655
54660
54661
54682
54683
54698
54703
54704
54705
54706
54707
54720
54725
54725
54728
54744
54746
54747
54748
54750
54752
54758
54758
54759
54763
54767
54797
54810
54814
54829
54830
54842
54857
54857
54862
54886
54890
54895
54898
54913
54915
54916
54946
54951
54968
54983
54988
54998
55005
55023
55023
55023
55025
55062
55062
55067
55090
55091
55091
55111
55113
55124
55128
55133
55144
55160
55162
55169
55187
55189
55203
55204
55212
55214
55216
55221
55229
55232
55237
55240
55241
55245
55251
55280
55291
55291
55293
55295
55318
55318
55319
55322
55325
55325
55331
55353
55360
55364
55368
55369
55374
55380
55389
55395
55406
55442
55443
55446
55453
55478
55493
55501
55520
55530
55540
55587
55593
55598
55602
55605
55606
55609
55628
55635
55635
55643
55656
55675
55686
55694
55708
55714
55733
55741
55746
55747
55752
55781
55804
55813
55814
55825
55827
55831
55833
55834
55869
55889
55904
55905
55909
55915
55917
55924
55931
55937
55947
55949
55952
55953
55964
55971
55976
55993
55996
55997
56038
56047
56052
56062
56078
56090
56094
56113
56119
56148
56150
56161
56169
56179
56182
56187
56189
56224
56228
56230
56233
56234
56234
56238
56250
56256
56277
56284
56285
56288
56290
56290
56291
56298
56314
56321
56331
56332
56336
56337
56337
56340
56353
56356
56368
56371
56381
56413
56429
56441
56443
56446
56447
56450
56456
56466
56488
56493
56495
56495
56511
56514
56519
56532
56534
56548
56559
56563
56570
56579
56581
56582
56588
56590
56594
56609
56623
56630
56631
56634
56643
56644
56649
56650
56660
56662
56673
56692
56694
56700
56715
56721
56736
56738
56743
56754
56774
56779
56779
56783
56787
56787
56791
56805
56828
56850
56864
56872
56877
56880
56882
56885
56911
56922
56942
56952
56956
56965
56969
56970
56970
56975
56978
56984
56997
57005
57008
57011
57013
57043
57049
57057
57059
57066
57084
57088
57089
57096
57102
57124
57128
57128
57129
57144
57159
57167
57176
57177
57181
57189
57192
57192
57224
57238
57238
57269
57278
57286
57287
57292
57294
57295
57303
57308
57321
57326
57329
57343
57353
57365
57371
57381
57381
57383
57393
57422
57426
57434
57445
57447
57458
57465
57491
57500
57502
57527
57535
57557
57575
57577
57578
57580
57586
57599
57602
57609
57637
57647
57653
57655
57665
57669
57676
57686
57686
57698
57725
57726
57732
57739
57746
57752
57753
57756
57765
57778
57778
57788
57795
57815
57820
57820
57831
57833
57837
57839
57846
57865
57870
57878
57884
57910
57913
57914
57916
57924
57936
57939
57952
57961
57970
57978
57979
57982
57983
57987
57994
57999
58010
58033
58038
58041
58050
58078
58081
58101
58129
58131
58141
58142
58144
58157
58185
58185
58195
58196
58228
58261
58271
58271
58272
58274
58274
58276
58294
58295
58326
58331
58342
58346
58347
58347
58362
58368
58377
58384
58390
58398
58398
58415
58421
58423
58427
58430
58431
58437
58468
58470
58484
58493
58503
58517
58545
58550
58562
58562
58563
58574
58579
58582
58600
58605
58617
58619
58619
58627
58679
58701
58707
58724
58732
58738
58753
58776
58782
58786
58809
58814
58818
58831
58836
58837
58841
58858
58882
58883
58884
58890
58895
58895
58912
58928
58945
58946
58956
58963
58973
58978
58981
58987
58992
58999
59008
59041
59043
59047
59055
59057
59073
59079
59085
59104
59108
59112
59122
59128
59134
59135
59152
59155
59156
59166
59189
59191
59195
59206
59225
59232
59258
59266
59273
59275
59289
59322
59323
59329
59339
59343
59345
59347
59349
59361
59371
59371
59394
59407
59408
59410
59411
59426
59429
59430
59437
59447
59450
59474
59480
59490
59495
59506
59517
59533
59542
59545
59556
59580
59581
59586
59587
59605
59612
59617
59617
59618
59627
59638
59640
59641
59658
59659
59670
59672
59673
59678
59679
59682
59688
59699
59700
59728
59733
59760
59766
59776
59796
59803
59824
59825
59840
59841
59862
59863
59867
59872
59881
59907
59921
59929
59939
59954
59964
59976
59988
59990
60010
60012
60017
60026
60027
60029
60030
60030
60043
60043
60045
60046
60051
60059
60063
60069
60078
60091
60094
60110
60120
60139
60146
60152
60157
60160
60169
60172
60187
60188
60189
60193
60195
60205
60216
60223
60225
60235
60238
60246
60247
60268
60280
60292
60294
60296
60299
60308
60309
60318
60324
60341
60360
60375
60388
60393
60397
60403
60407
60429
60430
60432
60439
60450
60454
60456
60458
60477
60480
60493
60496
60517
60523
60531
60535
60541
60553
60557
60607
60607
60611
60622
60640
60655
60658
60667
60680
60681
60681
60689
60693
60719
60747
60750
60757
60759
60786
60789
60789
60791
60798
60812
60826
60833
60833
60837
60849
60859
60863
60868
60870
60877
60888
60889
60894
60930
60933
60935
60937
60971
60975
60981
60994
60998
61024
61024
61030
61041
61043
61043
61072
61073
61077
61084
61085
61085
61091
61091
61104
61105
61123
61127
61131
61136
61145
61146
61160
61160
61178
61181
61184
61192
61201
61231
61244
61250
61252
61255
61267
61270
61292
61298
61301
61303
61319
61322
61338
61349
61353
61369
61374
61395
61396
61404
61406
61410
61413
61429
61437
61458
61476
61478
61489
61502
61512
61512
61514
61516
61518
61520
61527
61535
61552
61573
61586
61605
61607
61626
61628
61632
61648
61659
61672
61676
61678
61689
61691
61703
61729
61734
61737
61740
61740
61744
61746
61747
61752
61768
61782
61794
61808
61820
61839
61847
61850
61854
61855
61858
61866
61866
61874
61886
61896
61897
61906
61910
61915
61930
61934
61941
61946
61946
61947
61960
61964
61966
61966
61972
61974
61975
61981
61994
62019
62050
62061
62064
62068
62075
62075
62077
62089
62096
62111
62112
62113
62117
62118
62126
62134
62134
62140
62164
62165
62166
62166
62168
62186
62193
62196
62196
62197
62201
62203
62227
62228
62234
62235
62242
62246
62250
62254
62254
62263
62268
62275
62276
62278
62280
62281
62285
62299
62314
62314
62321
62331
62354
62383
62383
62393
62394
62398
62408
62416
62430
62444
62456
62458
62458
62461
62470
62470
62473
62474
62479
62482
62489
62492
62496
62501
62512
62521
62542
62580
62590
62595
62599
62605
62613
62615
62617
62623
62626
62628
62641
62669
62680
62712
62739
62750
62773
62781
62787
62793
62796
62803
62812
62813
62814
62817
62823
62839
62844
62867
62869
62870
62872
62877
62882
62882
62889
62943
62954
62977
62990
62998
63000
63001
63005
63014
63016
63018
63027
63031
63031
63039
63046
63051
63076
63084
63097
63103
63106
63108
63109
63115
63125
63129
63138
63153
63170
63187
63187
63199
63207
63215
63218
63233
63239
63243
63245
63259
63263
63308
63325
63333
63363
63369
63375
63382
63402
63433
63434
63465
63484
63487
63499
63501
63502
63502
63513
63515
63538
63542
63554
63557
63573
63575
63575
63577
63588
63588
63590
63598
63611
63613
63615
63625
63634
63693
63700
63717
63721
63749
63773
63784
63786
63806
63814
63819
63826
63848
63855
63871
63871
63880
63894
63901
63905
63906
63918
63919
63934
63965
63966
63973
63981
63983
63984
63984
63987
63989
64001
64001
64039
64050
64061
64085
64086
64096
64103
64108
64116
64119
64122
64124
64128
64160
64176
64177
64178
64192
64193
64194
64209
64228
64231
64238
64239
64239
64246
64250
64276
64290
64308
64322
64323
64327
64336
64357
64362
64363
64370
64372
64372
64373
64381
64388
64430
64435
64454
64454
64465
64466
64487
64494
64499
64510
64513
64515
64522
64527
64542
64551
64553
64555
64569
64588
64617
64626
64638
64646
64656
64661
64663
64678
64689
64697
64697
64702
64714
64719
64734
64752
64756
64757
64759
64762
64772
64780
64781
64799
64807
64810
64818
64845
64860
64869
64881
64882
64892
64906
64912
64913
64918
64945
64953
64966
64985
64990
64994
64999
65026
65045
65050
65061
65077
65089
65092
65098
65107
65110
65124
65130
65135
65167
65170
65181
65184
65187
65226
65227
65237
65238
65240
65252
65257
65287
65293
65299
65316
65320
65321
65322
65345
65346
65373
65385
65405
65410
65441
65461
65462
65486
65499
65502
65507
65514
65515
65515
65531
65544
65559
65561
65564
65564
65565
65572
65606
65609
65640
65649
65651
65654
65654
65656
65657
65659
65669
65672
65688
65695
65698
65700
65702
65728
65732
65748
65772
65779
65784
65792
65794
65797
65797
65798
65800
65811
65815
65818
65819
65827
65828
65831
65843
65845
65848
65866
65871
65882
65883
65901
65904
65906
65934
65961
65963
65963
65979
65990
65993
65999
66001
66004
66005
66014
66027
66034
66050
66050
66058
66072
66076
66082
66130
66142
66142
66152
66160
66170
66172
66176
66178
66179
66186
66186
66190
66196
66196
66207
66213
66217
66217
66240
66244
66244
66250
66254
66255
66257
66258
66258
66259
66262
66270
66271
66309
66329
66330
66342
66363
66371
66382
66386
66399
66409
66419
66425
66425
66442
66442
66465
66467
66470
66483
66486
66488
66502
66502
66524
66525
66531
66548
66550
66553
66569
66569
66571
66588
66588
66591
66596
66618
66628
66638
66650
66667
66697
66708
66728
66729
66742
66747
66754
66790
66807
66809
66818
66838
66842
66851
66853
66857
66860
66870
66871
66871
66874
66879
66896
66898
66900
66905
66909
66919
66929
66932
66937
66946
66948
66948
66956
66992
66992
66994
67008
67022
67036
67039
67050
67058
67058
67063
67091
67094
67095
67107
67111
67120
67142
67142
67142
67146
67149
67156
67158
67160
67164
67164
67172
67200
67250
67255
67260
67260
67261
67272
67277
67281
67297
67309
67312
67316
67339
67340
67342
67351
67366
67368
67388
67394
67394
67404
67417
67419
67421
67423
67425
67440
67445
67451
67460
67469
67484
67484
67494
67496
67499
67502
67506
67520
67533
67541
67542
67574
67581
67587
67589
67591
67608
67647
67647
67655
67667
67670
67689
67702
67718
67730
67735
67735
67739
67756
67769
67788
67791
67793
67795
67796
67797
67797
67801
67824
67832
67847
67862
67869
67870
67875
67877
67883
67887
67898
67903
67913
67914
67921
67929
67930
67934
67961
67970
67980
68001
68014
68022
68040
68043
68052
68054
68055
68055
68056
68063
68066
68081
68100
68100
68103
68108
68124
68126
68133
68134
68136
68139
68142
68147
68157
68158
68161
68177
68178
68185
68194
68203
68215
68222
68255
68283
68283
68300
68308
68345
68352
68355
68365
68379
68380
68382
68389
68396
68408
68420
68433
68440
68453
68454
68461
68472
68490
68490
68497
68507
68521
68526
68536
68559
68569
68576
68606
68646
68654
68658
68666
68669
68675
68679
68720
68725
68730
68761
68770
68777
68779
68783
68784
68793
68798
68822
68836
68845
68858
68878
68879
68888
68899
68923
68926
68968
68976
68984
68987
69012
69046
69049
69064
69089
69127
69134
69156
69160
69176
69177
69185
69216
69220
69236
69253
69257
69262
69277
69282
69299
69304
69308
69334
69348
69360
69363
69385
69386
69399
69401
69401
69415
69416
69424
69428
69441
69445
69454
69458
69459
69468
69479
69489
69498
69509
69520
69524
69526
69526
69542
69553
69593
69598
69600
69615
69666
69670
69674
69692
69695
69708
69714
69717
69718
69723
69725
69728
69729
69731
69749
69782
69784
69785
69793
69802
69805
69816
69823
69824
69826
69827
69847
69852
69860
69863
69867
69876
69878
69884
69898
69919
69942
69946
69966
69976
69977
69995
70007
70042
70046
70052
70053
70055
70059
70060
70078
70078
70083
70132
70137
70160
70177
70227
70240
70241
70264
70277
70293
70296
70296
70300
70304
70308
70340
70343
70348
70366
70378
70383
70385
70394
70397
70397
70403
70413
70426
70429
70449
70454
70479
70493
70495
70502
70515
70522
70522
70543
70544
70555
70564
70576
70577
70578
70579
70581
70581
70586
70593
70602
70603
70604
70613
70614
70635
70645
70646
70672
70675
70688
70696
70699
70705
70707
70725
70730
70730
70732
70738
70740
70755
70756
70765
70773
70776
70790
70796
70798
70802
70803
70803
70818
70845
70848
70852
70871
70872
70886
70896
70910
70916
70934
70940
70949
70960
70963
70965
70972
70974
70994
71007
71013
71013
71020
71025
71029
71056
71065
71071
71080
71081
71082
71084
71087
71100
71104
71108
71119
71136
71143
71144
71145
71146
71150
71155
71176
71183
71186
71193
71194
71196
71207
71208
71209
71220
71223
71228
71238
71244
71248
71251
71272
71283
71294
71318
71318
71321
71326
71327
71328
71336
71343
71361
71363
71367
71369
71376
71378
71395
71400
71402
71404
71404
71408
71412
71419
71427
71439
71449
71452
71452
71461
71462
71470
71493
71540
71541
71548
71557
71558
71563
71563
71584
71595
71598
71607
71617
71627
71627
71634
71642
71648
71653
71660
71673
71686
71695
71711
71717
71740
71756
71757
71757
71764
71765
71785
71811
71820
71835
71860
71867
71869
71894
71908
71909
71919
71920
71955
71955
71964
71967
71974
71975
71984
71986
71986
71990
71996
72005
72007
72009
72014
72021
72027
72032
72043
72060
72071
72078
72089
72092
72106
72110
72111
72112
72123
72144
72145
72164
72167
72167
72172
72179
72188
72202
72228
72233
72239
72242
72253
72255
72271
72282
72292
72297
72299
72301
72307
72311
72351
72354
72362
72365
72369
72374
72382
72394
72404
72420
72423
72428
72429
72466
72471
72477
72478
72479
72496
72498
72510
72512
72516
72519
72527
72538
72539
72541
72541
72552
72553
72568
72568
72570
72570
72596
72613
72617
72627
72631
72638
72642
72657
72658
72661
72665
72675
72676
72680
72683
72684
72686
72690
72716
72732
72743
72746
72747
72752
72777
72784
72798
72806
72807
72849
72852
72860
72870
72889
72897
72898
72899
72900
72901
72913
72931
72938
72945
72986
72992
72993
72995
73008
73009
73031
73031
73053
73061
73066
73070
73107
73112
73112
73123
73141
73145
73154
73156
73163
73167
73206
73227
73232
73235
73237
73265
73268
73269
73278
73292
73293
73294
73297
73322
73330
73339
73341
73344
73345
73360
73401
73402
73406
73413
73414
73417
73427
73433
73438
73458
73458
73462
73477
73491
73493
73494
73505
73527
73531
73536
73540
73542
73544
73557
73566
73578
73585
73595
73599
73602
73604
73605
73613
73617
73618
73635
73646
73646
73654
73658
73661
73664
73666
73696
73698
73709
73710
73717
73725
73731
73743
73745
73776
73776
73776
73812
73827
73836
73838
73843
73845
73846
73852
73873
73884
73885
73888
73893
73907
73915
73920
73921
73927
73930
73934
73963
73967
73984
73992
73997
74004
74014
74019
74026
74027
74038
74041
74056
74061
74071
74077
74078
74085
74104
74114
74116
74127
74134
74137
74156
74156
74160
74165
74178
74189
74192
74209
74216
74229
74232
74233
74241
74247
74252
74284
74290
74293
74304
74305
74320
74330
74339
74347
74350
74365
74369
74373
74394
74395
74402
74406
74407
74415
74417
74419
74432
74442
74443
74450
74451
74452
74461
74468
74474
74484
74486
74491
74495
74500
74507
74517
74525
74533
74547
74551
74568
74576
74586
74587
74588
74597
74621
74629
74630
74634
74649
74664
74672
74681
74709
74709
74727
74733
74736
74749
74751
74751
74755
74779
74789
74798
74803
74819
74821
74827
74840
74861
74864
74873
74890
74901
74915
74927
74947
74949
74955
74963
74966
74967
74968
74969
74971
74982
74989
75000
75007
75017
75023
75033
75036
75038
75061
75063
75066
75074
75084
75085
75086
75114
75114
75119
75128
75141
75154
75169
75192
75215
75216
75222
75238
75243
75258
75283
75301
75326
75328
75334
75338
75338
75340
75376
75379
75387
75393
75394
75399
75402
75416
75436
75439
75460
75466
75466
75476
75484
75491
75498
75500
75504
75533
75548
75551
75565
75584
75587
75595
75599
75606
75612
75612
75622
75640
75655
75666
75677
75694
75730
75731
75737
75757
75758
75761
75769
75771
75774
75821
75824
75827
75829
75836
75855
75864
75876
75886
75905
75921
75923
75925
75967
75974
75976
75978
75978
75996
75999
76006
76012
76039
76054
76058
76065
76075
76076
76078
76079
76091
76095
76097
76100
76106
76108
76120
76137
76141
76147
76153
76161
76163
76166
76184
76185
76196
76207
76214
76215
76220
76224
76229
76231
76231
76235
76236
76260
76261
76265
76277
76277
76290
76295
76299
76306
76313
76339
76347
76368
76380
76390
76410
76428
76462
76477
76492
76505
76539
76539
76551
76559
76568
76573
76575
76585
76585
76595
76616
76622
76626
76627
76633
76639
76644
76652
76654
76661
76663
76664
76665
76668
76672
76677
76679
76688
76701
76704
76716
76731
76736
76737
76737
76752
76771
76774
76777
76780
76783
76789
76790
76790
76794
76795
76817
76848
76851
76859
76867
76885
76888
76892
76893
76898
76912
76927
76937
76944
76944
76950
76952
76963
76965
76967
76973
76980
76982
77001
77001
77001
77028
77035
77043
77045
77046
77060
77071
77077
77089
77096
77102
77118
77119
77120
77139
77151
77154
77161
77194
77198
77207
77222
77232
77236
77248
77248
77248
77263
77271
77295
77295
77315
77321
77325
77329
77341
77347
77363
77382
77389
77393
77396
77397
77415
77427
77429
77430
77432
77445
77450
77482
77488
77489
77510
77519
77531
77565
77575
77576
77586
77593
77599
77603
77607
77612
77613
77618
77621
77626
77633
77636
77651
77657
77660
77687
77693
77720
77720
77729
77732
77733
77736
77760
77768
77818
77833
77833
77836
77837
77840
77845
77846
77857
77861
77865
77873
77875
77903
77907
77910
77943
77946
77960
77967
77970
77972
77995
78002
78005
78013
78021
78025
78026
78036
78036
78040
78054
78054
78059
78064
78095
78099
78104
78119
78125
78130
78131
78135
78147
78148
78150
78185
78195
78215
78217
78229
78232
78285
78292
78298
78300
78320
78326
78332
78345
78361
78364
78371
78380
78381
78381
78382
78382
78388
78427
78452
78459
78463
78467
78472
78482
78484
78485
78485
78486
78488
78497
78501
78507
78516
78517
78518
78550
78553
78564
78571
78576
78578
78581
78586
78589
78593
78597
78599
78605
78606
78612
78640
78642
78653
78661
78664
78677
78697
78702
78710
78710
78725
78728
78746
78747
78752
78755
78760
78761
78761
78763
78764
78765
78775
78777
78785
78796
78803
78805
78823
78825
78826
78850
78856
78858
78865
78869
78869
78870
78897
78917
78919
78924
78928
78939
78940
78950
78955
78960
78992
78999
79011
79051
79052
79058
79092
79096
79099
79102
79111
79115
79118
79144
79146
79150
79153
79180
79184
79199
79208
79230
79245
79262
79266
79268
79318
79323
79326
79335
79335
79337
79339
79344
79346
79348
79362
79380
79382
79398
79428
79456
79460
79479
79479
79486
79491
79499
79512
79527
79528
79543
79544
79549
79550
79574
79583
79590
79598
79609
79615
79618
79633
79641
79647
79648
79649
79665
79665
79670
79682
79687
79688
79698
79699
79710
79715
79724
79757
79768
79802
79805
79809
79829
79832
79835
79835
79836
79837
79850
79852
79861
79866
79869
79870
79888
79889
79899
79901
79902
79921
79927
79928
79931
79938
79940
79940
79965
79966
79966
79978
79985
79999
79999
80011
80028
80029
80034
80041
80042
80064
80081
80083
80083
80086
80104
80123
80129
80130
80135
80147
80149
80170
80199
80210
80217
80219
80234
80242
80246
80252
80260
80263
80286
80286
80289
80306
80324
80325
80331
80334
80342
80347
80354
80354
80355
80363
80369
80379
80390
80390
80390
80402
80406
80412
80417
80438
80444
80457
80458
80460
80463
80468
80475
80482
80486
80495
80496
80525
80542
80543
80553
80571
80571
80586
80598
80605
80610
80612
80620
80623
80626
80627
80629
80630
80632
80638
80667
80695
80710
80711
80719
80723
80731
80737
80739
80768
80773
80782
80783
80798
80805
80806
80809
80810
80823
80825
80835
80844
80845
80848
80852
80868
80879
80880
80894
80902
80919
80925
80929
80947
80961
80963
80963
80964
80965
80973
81006
81012
81022
81023
81027
81028
81031
81037
81037
81066
81067
81071
81087
81087
81094
81103
81110
81112
81116
81117
81119
81120
81122
81124
81126
81132
81142
81160
81164
81166
81180
81180
81182
81206
81218
81218
81224
81235
81251
81260
81270
81272
81282
81286
81288
81324
81353
81396
81411
81418
81420
81430
81445
81450
81457
81463
81481
81493
81513
81548
81587
81591
81592
81598
81611
81615
81623
81629
81672
81675
81693
81699
81704
81711
81715
81723
81734
81746
81777
81782
81790
81792
81795
81805
81823
81857
81857
81857
81881
81890
81897
81905
81911
81912
81920
81922
81952
81961
81965
81976
81984
81984
82002
82011
82011
82013
82015
82023
82039
82046
82050
82067
82069
82072
82089
82092
82094
82098
82099
82108
82108
82113
82116
82140
82143
82148
82160
82169
82178
82183
82185
82199
82199
82204
82212
82240
82242
82243
82249
82257
82271
82288
82296
82305
82309
82320
82326
82330
82332
82335
82379
82381
82383
82386
82386
82390
82396
82418
82427
82429
82432
82455
82456
82479
82485
82485
82528
82530
82530
82532
82565
82575
82576
82578
82579
82581
82584
82588
82591
82599
82601
82607
82623
82633
82638
82653
82656
82659
82666
82677
82694
82698
82702
82703
82705
82707
82717
82724
82739
82758
82759
82761
82770
82775
82782
82785
82790
82792
82795
82818
82826
82828
82828
82835
82887
82889
82896
82913
82918
82923
82927
82937
82937
82962
82965
82975
82980
82981
82984
82985
82988
82995
82999
83004
83025
83056
83069
83072
83074
83075
83075
83080
83082
83088
83091
83091
83094
83097
83121
83124
83135
83142
83146
83150
83159
83171
83177
83177
83192
83196
83200
83202
83209
83213
83215
83254
83257
83269
83278
83326
83328
83332
83334
83338
83339
83340
83353
83360
83362
83363
83369
83396
83405
83406
83408
83418
83436
83459
83461
83473
83484
83493
83502
83508
83560
83567
83583
83599
83607
83608
83614
83619
83621
83643
83644
83662
83664
83677
83677
83685
83687
83695
83707
83713
83715
83723
83726
83747
83748
83749
83752
83757
83760
83779
83795
83799
83817
83821
83838
83839
83842
83858
83861
83868
83870
83884
83905
83927
83928
83931
83940
83943
83954
83959
83967
83976
84006
84040
84049
84055
84065
84077
84081
84094
84097
84104
84124
84125
84126
84126
84129
84166
84180
84185
84186
84200
84202
84216
84230
84234
84236
84257
84262
84280
84280
84282
84300
84300
84304
84318
84321
84337
84340
84348
84364
84364
84369
84370
84376
84383
84386
84392
84395
84401
84401
84424
84439
84445
84463
84488
84489
84494
84543
84550
84550
84563
84576
84587
84590
84606
84618
84621
84636
84640
84640
84662
84666
84668
84679
84704
84709
84714
84717
84721
84723
84737
84738
84755
84788
84789
84799
84800
84805
84815
84826
84832
84843
84848
84851
84855
84862
84873
84893
84905
84915
84931
84948
84957
84964
84966
84970
84983
85012
85021
85030
85031
85035
85038
85056
85058
85059
85067
85074
85074
85077
85080
85093
85102
85112
85136
85141
85142
85146
85147
85152
85157
85165
85168
85170
85173
85192
85198
85205
85230
85234
85235
85236
85239
85241
85243
85247
85252
85254
85262
85265
85268
85284
85288
85296
85308
85309
85312
85317
85321
85323
85342
85348
85361
85395
85396
85399
85406
85426
85441
85446
85451
85474
85488
85495
85504
85506
85509
85536
85537
85553
85567
85570
85570
85572
85583
85585
85588
85625
85660
85686
85695
85708
85708
85721
85743
85750
85774
85777
85778
85785
85787
85799
85805
85810
85812
85816
85821
85821
85827
85835
85850
85853
85863
85867
85880
85881
85896
85908
85927
85932
85943
85967
85968
85968
85973
85976
85981
85989
85991
86002
86026
86028
86045
86057
86059
86071
86079
86088
86088
86095
86096
86103
86112
86124
86131
86150
86154
86158
86169
86174
86176
86186
86189
86189
86207
86218
86225
86243
86265
86270
86280
86293
86299
86300
86303
86314
86319
86327
86333
86340
86364
86381
86390
86394
86409
86412
86415
86436
86439
86442
86443
86448
86452
86454
86459
86460
86493
86528
86532
86540
86550
86585
86595
86600
86609
86614
86615
86623
86624
86632
86636
86654
86656
86679
86686
86687
86689
86691
86696
86699
86713
86721
86724
86734
86752
86753
86767
86772
86776
86789
86801
86822
86829
86835
86836
86849
86849
86859
86867
86874
86908
86914
86928
86934
86940
86960
86961
86963
86967
86969
86971
86979
86980
86990
86999
86999
87003
87005
87010
87024
87026
87051
87059
87064
87065
87067
87068
87069
87074
87075
87078
87078
87107
87122
87126
87157
87159
87175
87182
87213
87214
87223
87232
87254
87257
87264
87290
87291
87293
87301
87306
87314
87326
87334
87335
87335
87348
87363
87379
87381
87396
87397
87401
87404
87414
87430
87458
87466
87475
87480
87487
87495
87509
87512
87525
87530
87551
87557
87569
87569
87573
87589
87628
87632
87642
87645
87647
87660
87661
87664
87665
87677
87683
87683
87691
87712
87721
87733
87778
87785
87795
87832
87835
87847
87851
87854
87854
87855
87861
87862
87881
87886
87890
87891
87892
87896
87908
87919
87943
87952
87957
87964
87970
87973
87995
88001
88002
88008
88019
88021
88023
88032
88037
88054
88054
88071
88086
88089
88092
88097
88106
88110
88118
88119
88120
88121
88126
88126
88127
88129
88136
88143
88147
88154
88156
88160
88173
88193
88209
88211
88212
88220
88228
88237
88289
88296
88326
88338
88345
88351
88363
88364
88365
88365
88371
88384
88387
88391
88401
88406
88414
88425
88430
88431
88431
88438
88449
88507
88565
88577
88578
88579
88584
88590
88616
88617
88619
88620
88638
88650
88660
88662
88674
88679
88680
88688
88692
88695
88695
88709
88721
88724
88733
88738
88740
88744
88757
88759
88778
88780
88785
88798
88817
88818
88851
88852
88860
88861
88880
88884
88920
88929
88929
88945
88959
88966
88973
88979
89013
89017
89018
89020
89022
89050
89054
89063
89063
89068
89080
89095
89104
89108
89114
89119
89130
89134
89140
89150
89152
89158
89158
89163
89173
89177
89178
89182
89185
89190
89192
89195
89199
89202
89203
89213
89217
89223
89250
89254
89268
89277
89303
89328
89338
89342
89345
89356
89356
89369
89385
89391
89394
89394
89395
89397
89403
89425
89429
89441
89445
89449
89459
89472
89475
89487
89490
89492
89515
89520
89521
89532
89534
89536
89552
89559
89559
89567
89571
89579
89593
89593
89601
89609
89612
89622
89628
89633
89666
89669
89674
89681
89682
89686
89693
89701
89703
89704
89704
89706
89711
89739
89740
89760
89765
89777
89777
89791
89836
89839
89844
89845
89845
89855
89857
89863
89866
89871
89875
89878
89884
89889
89892
89894
89900
89906
89916
89916
89917
89937
89944
89945
89956
89964
89981
89990
90017
90030
90038
90039
90045
90045
90048
90054
90074
90079
90080
90087
90097
90111
90113
90117
90120
90121
90137
90139
90143
90156
90174
90176
90176
90181
90184
90184
90185
90198
90219
90229
90229
90242
90244
90247
90252
90256
90267
90272
90280
90290
90291
90296
90297
90301
90349
90356
90358
90361
90386
90399
90408
90408
90417
90419
90437
90439
90441
90454
90465
90475
90482
90494
90497
90497
90499
90541
90543
90548
90554
90573
90575
90576
90609
90615
90615
90637
90642
90643
90643
90652
90659
90669
90674
90681
90682
90686
90693
90696
90713
90720
90741
90746
90753
90754
90756
90757
90758
90760
90761
90766
90778
90782
90782
90791
90794
90824
90827
90830
90838
90838
90844
90850
90867
90887
90890
90898
90905
90905
90905
90912
90921
90963
90989
91013
91016
91027
91047
91050
91056
91059
91078
91082
91083
91111
91112
91120
91129
91131
91149
91151
91153
91162
91164
91167
91172
91182
91195
91195
91195
91214
91224
91239
91274
91302
91302
91312
91318
91328
91356
91360
91364
91365
91374
91386
91392
91399
91400
91423
91432
91448
91449
91458
91462
91485
91489
91497
91513
91517
91519
91520
91534
91536
91546
91554
91584
91589
91592
91602
91603
91610
91620
91625
91627
91647
91651
91662
91668
91670
91671
91674
91674
91677
91684
91688
91688
91700
91700
91701
91702
91714
91718
91725
91733
91741
91745
91748
91748
91750
91764
91764
91782
91808
91816
91820
91825
91827
91842
91851
91852
91853
91854
91866
91890
91908
91911
91921
91921
91936
91941
91957
91964
91966
91986
92014
92021
92025
92026
92027
92041
92047
92050
92056
92059
92061
92080
92131
92132
92143
92188
92209
92228
92232
92249
92249
92252
92272
92279
92289
92305
92308
92315
92338
92349
92354
92364
92388
92389
92393
92394
92403
92421
92431
92433
92437
92457
92463
92464
92470
92472
92473
92484
92490
92491
92504
92520
92523
92527
92531
92556
92564
92584
92591
92603
92603
92606
92607
92613
92624
92626
92630
92631
92639
92647
92649
92651
92669
92688
92713
92728
92753
92758
92758
92762
92766
92773
92796
92797
92803
92828
92830
92836
92847
92849
92849
92850
92854
92866
92882
92882
92919
92919
92923
92953
92961
92971
92974
92975
92983
92985
93007
93009
93011
93013
93022
93029
93040
93043
93046
93047
93063
93069
93086
93090
93112
93114
93116
93122
93125
93135
93136
93146
93168
93175
93181
93182
93192
93193
93193
93222
93239
93254
93255
93266
93279
93280
93283
93285
93306
93306
93314
93315
93333
93346
93346
93351
93353
93355
93360
93378
93402
93410
93412
93430
93433
93436
93478
93480
93485
93486
93493
93504
93506
93526
93527
93542
93579
93593
93594
93598
93605
93609
93611
93612
93619
93621
93622
93650
93679
93680
93690
93705
93713
93721
93741
93742
93745
93747
93761
93768
93772
93783
93789
93799
93823
93840
93863
93865
93865
93883
93908
93913
93936
93947
93951
93952
93952
93962
93966
93973
93980
93980
93992
93994
94004
94009
94015
94020
94022
94044
94062
94062
94064
94065
94069
94077
94078
94084
94086
94091
94105
94111
94111
94125
94130
94135
94151
94173
94177
94182
94192
94201
94208
94230
94230
94265
94268
94271
94272
94282
94294
94300
94309
94317
94319
94335
94366
94367
94373
94391
94398
94424
94435
94452
94476
94486
94499
94541
94542
94556
94570
94580
94591
94617
94644
94647
94648
94660
94665
94665
94671
94681
94709
94709
94713
94730
94737
94766
94767
94769
94772
94783
94800
94805
94813
94829
94840
94842
94846
94872
94875
94889
94898
94923
94927
94933
94970
94972
94989
94993
94997
95003
95011
95015
95022
95025
95027
95037
95064
95066
95074
95074
95082
95087
95097
95100
95118
95121
95122
95125
95128
95135
95143
95143
95145
95164
95185
95210
95219
95223
95256
95260
95261
95288
95292
95297
95302
95303
95305
95306
95310
95336
95338
95343
95354
95375
95376
95378
95385
95388
95401
95407
95410
95432
95432
95472
95495
95495
95498
95522
95522
95526
95528
95529
95530
95542
95553
95554
95560
95578
95581
95596
95613
95614
95620
95623
95629
95646
95654
95677
95680
95682
95697
95706
95711
95726
95728
95729
95739
95740
95748
95754
95759
95775
95788
95790
95810
95824
95824
95834
95837
95837
95847
95858
95862
95862
95885
95906
95906
95908
95913
95916
95919
95923
95925
95927
95949
95954
95955
95969
95974
95976
95985
96010
96012
96018
96020
96023
96027
96035
96043
96044
96054
96059
96067
96077
96078
96084
96088
96096
96098
96111
96120
96127
96149
96168
96191
96192
96195
96195
96208
96235
96236
96244
96249
96255
96264
96268
96274
96283
96302
96308
96352
96357
96359
96382
96385
96388
96389
96394
96400
96401
96404
96404
96423
96432
96438
96446
96448
96455
96472
96473
96481
96487
96492
96515
96516
96530
96547
96571
96577
96581
96594
96614
96615
96638
96638
96645
96681
96682
96685
96699
96700
96702
96707
96716
96722
96730
96730
96755
96770
96774
96787
96791
96792
96797
96801
96805
96822
96844
96848
96862
96889
96912
96916
96918
96934
96947
96953
96961
97001
97037
97048
97048
97050
97057
97062
97069
97071
97082
97095
97100
97103
97109
97118
97127
97128
97134
97138
97151
97153
97159
97160
97164
97171
97175
97183
97190
97211
97217
97217
97224
97224
97231
97236
97243
97244
97246
97247
97250
97285
97288
97294
97297
97308
97308
97312
97324
97332
97347
97348
97350
97354
97371
97373
97375
97384
97385
97414
97417
97428
97429
97431
97446
97450
97454
97461
97466
97467
97475
97479
97481
97482
97486
97497
97507
97517
97550
97552
97561
97567
97568
97570
97584
97591
97599
97605
97616
97616
97635
97652
97659
97660
97664
97673
97673
97675
97701
97714
97715
97736
97745
97752
97752
97757
97769
97789
97796
97801
97805
97818
97827
97841
97848
97850
97857
97860
97865
97871
97888
97897
97918
97924
97926
97928
97935
97941
97950
97954
97956
97957
97964
97964
97968
97989
98011
98016
98030
98032
98055
98059
98060
98064
98072
98073
98085
98088
98095
98104
98114
98140
98148
98149
98169
98179
98192
98201
98209
98210
98223
98224
98233
98260
98267
98272
98282
98289
98295
98305
98321
98324
98340
98343
98350
98351
98355
98359
98363
98363
98375
98383
98397
98439
98472
98475
98488
98504
98517
98522
98525
98531
98532
98540
98540
98540
98541
98542
98547
98563
98565
98577
98584
98586
98595
98601
98614
98616
98625
98627
98630
98636
98640
98642
98653
98654
98659
98660
98671
98677
98679
98685
98701
98710
98724
98753
98764
98765
98772
98779
98783
98784
98791
98792
98793
98799
98816
98858
98873
98882
98884
98885
98896
98899
98904
98906
98907
98911
98915
98915
98921
98925
98935
