16
17
18
25
29
37
39
54
77
106
114
119
134
138
161
185
189
198
204
206
208
218
218
233
235
239
240
243
243
266
270
270
278
285
290
315
321
331
335
341
341
342
367
368
369
376
392
392
398
404
409
409
426
428
433
436
456
459
465
488
489
496
519
522
528
532
554
555
568
573
615
625
641
643
654
667
668
674
677
687
699
705
720
742
753
756
770
772
792
797
809
811
818
852
876
884
890
903
904
914
917
919
938
954
958
962
969
992
995
996
998
1000
1014
1028
1029
1031
1040
1042
1053
1053
1054
1054
1077
1091
1098
1101
1107
1115
1141
1160
1163
1164
1186
1189
1202
1210
1211
1232
1240
1248
1249
1270
1277
1280
1282
1289
1293
1319
1327
1329
1339
1339
1341
1361
1378
1379
1380
1387
1389
1396
1397
1399
1400
1402
1407
1410
1412
1419
1433
1433
1440
1440
1466
1477
1477
1479
1486
1490
1518
1526
1533
1534
1540
1557
1567
1568
1569
1582
1585
1590
1596
1610
1662
1670
1692
1707
1715
1725
1726
1727
1738
1756
1758
1763
1770
1772
1778
1794
1805
1821
1823
1830
1842
1843
1846
1846
1849
1870
1870
1871
1877
1891
1892
1907
1908
1909
1912
1912
1918
1918
1932
1932
1945
1959
1961
1971
1973
1986
2006
2041
2048
2066
2109
2120
2140
2147
2159
2165
2182
2210
2230
2240
2244
2246
2257
2258
2288
2316
2320
2347
2363
2363
2364
2377
2400
2413
2415
2429
2433
2471
2502
2502
2506
2520
2521
2541
2571
2585
2592
2593
2614
2621
2645
2652
2654
2666
2669
2689
2731
2733
2740
2744
2747
2748
2751
2754
2763
2773
2780
2785
2787
2802
2804
2812
2820
2824
2862
2868
2878
2887
2896
2927
2930
2934
2937
2943
2949
2956
2957
2964
2974
2984
2998
2999
3009
3012
3024
3028
3033
3036
3036
3042
3048
3078
3084
3098
3099
3100
3101
3113
3130
3143
3148
3150
3176
3179
3209
3214
3234
3242
3251
3257
3259
3274
3281
3282
3283
3286
3288
3295
3296
3313
3319
3328
3333
3335
3336
3347
3356
3370
3401
3412
3424
3436
3440
3444
3449
3459
3483
3489
3493
3495
3502
3503
3506
3530
3546
3548
3559
3564
3566
3570
3571
3580
3585
3594
3611
3630
3635
3636
3639
3656
3681
3691
3700
3702
3706
3708
3711
3750
3754
3763
3773
3781
3782
3786
3801
3805
3806
3810
3837
3845
3846
3856
3863
3871
3873
3873
3874
3876
3880
3906
3924
3940
3943
3945
3947
3947
3953
3968
3972
3974
3983
3986
3999
4004
4006
4006
4008
4023
4027
4033
4035
4040
4044
4050
4066
4066
4067
4077
4078
4081
4097
4106
4110
4124
4136
4152
4152
4160
4178
4184
4187
4206
4213
4219
4234
4244
4250
4261
4268
4273
4284
4293
4297
4311
4325
4350
4359
4366
4385
4403
4413
4415
4416
4432
4438
4447
4448
4455
4456
4462
4464
4475
4494
4506
4511
4524
4526
4534
4549
4556
4566
4592
4592
4598
4601
4614
4638
4654
4656
4667
4667
4674
4679
4694
4695
4717
4750
4753
4766
4778
4781
4782
4789
4808
4810
4814
4821
4830
4844
4867
4878
4902
4909
4910
4928
4953
4959
4966
4971
4971
4974
4978
4983
4989
4989
4990
4990
4994
5005
5016
5023
5029
5033
5046
5049
5061
5066
5078
5078
5079
5088
5107
5110
5110
5113
5126
5128
5132
5144
5148
5155
5158
5158
5171
5181
5190
5191
5204
5212
5233
5238
5243
5252
5253
5268
5274
5281
5301
5315
5329
5352
5361
5362
5366
5375
5381
5389
5407
5412
5413
5421
5426
5438
5463
5465
5469
5488
5491
5520
5524
5533
5536
5536
5537
5539
5540
5547
5552
5554
5554
5565
5568
5568
5595
5597
5597
5598
5616
5620
5621
5623
5626
5627
5633
5663
5671
5671
5689
5689
5696
5704
5708
5708
5720
5726
5729
5742
5749
5757
5759
5760
5785
5794
5812
5819
5834
5840
5860
5866
5869
5875
5890
5896
5898
5909
5913
5921
5950
5962
5966
5968
5979
5985
5997
6004
6009
6012
6018
6049
6052
6059
6064
6069
6075
6082
6104
6107
6110
6111
6129
6134
6134
6144
6146
6148
6151
6174
6181
6183
6196
6214
6216
6218
6218
6218
6256
6258
6259
6265
6276
6276
6281
6284
6287
6288
6290
6312
6313
6317
6326
6328
6357
6365
6368
6372
6407
6409
6414
6419
6442
6457
6466
6505
6513
6532
6561
6573
6583
6594
6614
6622
6623
6626
6632
6634
6643
6645
6650
6652
6656
6669
6672
6673
6675
6675
6729
6745
6747
6751
6763
6775
6808
6831
6848
6890
6891
6896
6898
6904
6909
6910
6913
6917
6921
6921
6928
6930
6945
6950
6962
6966
6972
6975
6980
6983
7000
7010
7026
7034
7054
7058
7059
7071
7076
7088
7099
7099
7103
7116
7128
7128
7144
7148
7178
7180
7180
7182
7183
7187
7188
7189
7190
7195
7204
7223
7225
7228
7237
7241
7246
7263
7274
7292
7295
7305
7322
7337
7353
7354
7357
7363
7367
7373
7373
7386
7389
7395
7402
7409
7424
7426
7427
7434
7438
7443
7458
7460
7463
7470
7470
7486
7498
7506
7506
7511
7516
7533
7538
7561
7570
7575
7581
7584
7585
7587
7596
7605
7606
7613
7628
7634
7634
7634
7639
7640
7641
7642
7643
7662
7675
7679
7697
7717
7717
7718
7719
7775
7779
7781
7787
7798
7810
7817
7823
7823
7825
7826
7838
7842
7852
7858
7871
7879
7887
7901
7918
7921
7926
7932
7952
7955
7987
7990
8009
8018
8025
8044
8059
8059
8069
8091
8105
8111
8113
8116
8134
8136
8151
8154
8159
8176
8194
8198
8218
8233
8250
8255
8259
8274
8287
8310
8317
8345
8347
8349
8350
8359
8371
8376
8385
8391
8394
8408
8411
8414
8418
8452
8487
8494
8504
8505
8515
8545
8570
8574
8592
8596
8599
8613
8621
8652
8666
8671
8672
8679
8698
8698
8703
8704
8748
8757
8762
8762
8764
8764
8768
8777
8777
8780
8782
8787
8789
8796
8801
8802
8815
8819
8823
8834
8835
8840
8841
8848
8854
8873
8882
8884
8889
8899
8900
8904
8911
8914
8921
8934
8940
8945
8961
8972
8978
8983
8994
8998
9004
9006
9008
9018
9031
9049
9053
9054
9066
9078
9081
9083
9084
9089
9100
9100
9102
9103
9105
9112
9114
9116
9123
9131
9131
9133
9146
9147
9155
9178
9179
9194
9211
9220
9223
9230
9240
9246
9246
9247
9257
9266
9268
9273
9274
9276
9277
9285
9301
9312
9315
9315
9323
9331
9336
9342
9347
9353
9359
9364
9366
9375
9396
9417
9425
9427
9441
9460
9461
9481
9491
9509
9514
9520
9524
9539
9542
9542
9545
9550
9552
9559
9561
9568
9574
9593
9596
9638
9641
9643
9649
9649
9650
9668
9681
9688
9704
9708
9710
9715
9719
9745
9765
9768
9782
9787
9788
9790
9805
9846
9854
9863
9878
9891
9899
9920
9931
9938
9963
9966
9983
9991
9992
9993
9995
10011
10057
10070
10072
10120
10128
10135
10152
10163
10171
10173
10184
10195
10199
10205
10233
10238
10246
10268
10306
10307
10324
10331
10390
10399
10409
10412
10413
10418
10422
10443
10453
10490
10516
10541
10550
10582
10591
10593
10597
10605
10612
10638
10638
10668
10674
10677
10731
10749
10757
10763
10821
10846
10870
10873
10897
10911
10912
10917
10921
10924
10926
10933
10938
10943
10952
10956
10958
10967
10972
11002
11003
11009
11021
11023
11030
11032
11038
11044
11049
11063
11071
11071
11104
11105
11106
11108
11115
11117
11117
11134
11141
11146
11152
11154
11155
11157
11158
11164
11172
11182
11194
11199
11211
11229
11241
11242
11253
11255
11258
11273
11274
11276
11280
11282
11286
11296
11305
11309
11310
11311
11314
11322
11325
11332
11338
11340
11341
11346
11347
11351
11365
11374
11386
11395
11400
11415
11417
11419
11419
11420
11424
11441
11454
11457
11473
11482
11483
11500
11503
11505
11505
11510
11549
11551
11557
11572
11572
11575
11576
11580
11590
11594
11603
11605
11608
11609
11615
11618
11621
11622
11642
11684
11689
11692
11695
11695
11702
11703
11705
11705
11711
11714
11717
11720
11720
11729
11732
11734
11741
11741
11743
11745
11770
11770
11772
11776
11777
11782
11792
11796
11823
11832
11851
11856
11864
11876
11878
11912
11915
11940
11949
11995
12003
12029
12040
12050
12051
12079
12088
12111
12121
12132
12132
12138
12139
12172
12183
12197
12197
12211
12222
12233
12234
12236
12245
12246
12265
12268
12277
12283
12290
12294
12295
12302
12438
12523
12556
12568
12571
12594
12626
12664
12670
12674
12707
12710
12720
12778
12779
12809
12829
12853
12860
12860
12867
12887
12889
12894
12905
12905
12911
12915
12921
12926
12926
12927
12937
12940
12956
12957
12960
12970
12976
12983
12991
13021
13028
13028
13028
13035
13036
13043
13053
13061
13064
13072
13073
13077
13089
13102
13106
13116
13118
13121
13123
13124
13128
13141
13145
13156
13162
13165
13166
13194
13200
13214
13220
13233
13238
13241
13243
13249
13250
13259
13274
13276
13280
13286
13301
13312
13322
13333
13354
13359
13372
13373
13380
13381
13394
13403
13417
13421
13436
13440
13441
13442
13456
13460
13460
13462
13476
13489
13501
13502
13518
13524
13528
13535
13535
13537
13539
13540
13541
13548
13554
13573
13576
13589
13590
13603
13603
13617
13620
13626
13632
13643
13665
13665
13670
13672
13684
13693
13694
13701
13713
13714
13718
13719
13720
13722
13742
13746
13749
13750
13751
13754
13761
13772
13779
13779
13789
13809
13830
13832
13840
13846
13868
13876
13882
13998
14003
14016
14080
14164
14175
14234
14260
14291
14299
14327
14330
14353
14440
14445
14446
14466
14504
14647
14735
14744
14789
14790
14827
14828
14834
14840
14842
14842
14854
14875
14887
14891
14892
14897
14899
14901
14905
14914
14924
14924
14927
14932
14935
14938
14953
14961
14986
14990
14996
15003
15012
15016
15018
15024
15033
15045
15050
15054
15062
15066
15083
15107
15109
15110
15110
15117
15122
15125
15127
15128
15129
15134
15140
15149
15159
15164
15166
15176
15176
15181
15181
15184
15214
15215
15245
15251
15267
15270
15271
15272
15274
15282
15282
15287
15312
15319
15320
15330
15332
15346
15357
15361
15365
15366
15367
15374
15376
15386
15390
15394
15404
15420
15433
15434
15443
15448
15459
15461
15465
15469
15469
15475
15481
15483
15484
15485
15493
15493
15512
15520
15523
15548
15553
15553
15561
15566
15573
15577
15590
15604
15611
15632
15634
15634
15642
15646
15647
15650
15672
15677
15681
15689
15702
15704
15714
15720
15729
15733
15736
15740
15742
15766
15769
15769
15796
15798
15813
15823
15826
15858
15866
15874
15890
15974
15997
16020
16036
16041
16065
16084
16098
16160
16171
16176
16192
16259
16262
16269
16274
16277
16278
16283
16284
16316
16317
16331
16339
16349
16377
16385
16465
16474
16536
16587
16662
16733
16734
16753
16757
16757
16759
16761
16764
16765
16767
16771
16775
16776
16778
16780
16793
16796
16796
16797
16808
16809
16811
16814
16819
16821
16824
16837
16846
16850
16853
16868
16877
16906
16909
16930
16934
16937
16938
16941
16943
16946
16950
16952
16957
16960
16970
16971
16978
16984
16988
16991
16991
17000
17002
17002
17005
17007
17012
17012
17016
17022
17025
17035
17039
17040
17042
17049
17057
17062
17077
17086
17106
17110
17114
17118
17126
17129
17139
17140
17154
17163
17165
17168
17177
17181
17186
17193
17193
17198
17200
17202
17204
17210
17213
17220
17224
17229
17234
17242
17246
17249
17273
17280
17286
17290
17291
17298
17301
17302
17305
17312
17315
17324
17329
17346
17367
17378
17379
17379
17396
17416
17419
17425
17428
17432
17444
17450
17452
17453
17464
17468
17470
17471
17473
17486
17494
17502
17506
17512
17537
17552
17565
17571
17572
17579
17597
17598
17605
17615
17640
17645
17648
17668
17677
17681
17684
17692
17700
17702
17721
17733
17734
17738
17743
17804
17807
17862
17865
17881
17895
17913
17916
17928
17946
17992
18018
18030
18069
18103
18105
18118
18124
18125
18126
18145
18149
18185
18203
18230
18251
18255
18260
18294
18297
18316
18321
18344
18352
18356
18377
18383
18397
18398
18401
18402
18405
18413
18436
18459
18466
18476
18488
18519
18562
18631
18635
18664
18668
18727
18745
18745
18748
18751
18760
18763
18763
18764
18770
18772
18772
18772
18793
18797
18812
18819
18826
18828
18830
18837
18842
18857
18861
18868
18879
18884
18886
18891
18893
18895
18898
18900
18908
18919
18921
18923
18928
18932
18941
18941
18944
18957
18961
18962
18966
18980
18990
18991
18996
19001
19003
19011
19013
19018
19024
19035
19061
19070
19075
19076
19083
19088
19090
19100
19107
19112
19115
19145
19157
19160
19162
19166
19169
19172
19175
19179
19180
19187
19189
19199
19206
19221
19223
19230
19232
19233
19252
19256
19259
19261
19262
19267
19274
19277
19282
19285
19289
19294
19295
19298
19301
19304
19304
19306
19320
19324
19330
19331
19345
19346
19357
19357
19364
19365
19365
19373
19384
19396
19405
19413
19421
19422
19434
19435
19440
19442
19455
19467
19477
19484
19493
19497
19500
19509
19519
19519
19523
19541
19541
19541
19544
19568
19575
19576
19585
19590
19591
19613
19624
19634
19634
19647
19651
19652
19658
19660
19660
19661
19662
19664
19674
19676
19697
19697
19717
19721
19722
19749
19774
19787
19790
19817
19820
19831
19833
19835
19842
19844
19870
19879
19880
19893
19894
19903
19907
19918
19952
19966
19987
20032
20058
20059
20087
20116
20125
20156
20182
20188
20197
20200
20204
20210
20223
20258
20307
20318
20332
20345
20355
20356
20359
20381
20385
20397
20414
20426
20440
20459
20488
20517
20519
20537
20539
20555
20595
20598
20600
20601
20605
20614
20620
20667
20693
20700
20701
20713
20722
20726
20735
20788
20793
20801
20823
20823
20831
20844
20849
20872
20881
20887
20906
20907
20909
20913
20915
20920
20922
20930
20941
20948
20949
20955
20963
20964
20972
20984
20994
20999
21000
21007
21027
21028
21033
21038
21038
21052
21055
21060
21076
21086
21112
21119
21124
21131
21138
21139
21142
21144
21145
21145
21173
21180
21183
21183
21185
21187
21190
21191
21209
21218
21221
21227
21228
21230
21237
21241
21253
21261
21265
21267
21277
21282
21283
21298
21308
21322
21325
21326
21326
21351
21360
21362
21368
21378
21382
21382
21384
21387
21388
21398
21401
21403
21419
21423
21431
21445
21448
21451
21452
21458
21462
21465
21467
21468
21479
21482
21496
21502
21504
21511
21516
21522
21525
21561
21566
21569
21583
21583
21595
21598
21598
21600
21607
21610
21621
21626
21642
21643
21665
21667
21688
21739
21779
21792
21827
21848
21860
21862
21865
21882
21896
21906
21934
21934
21969
22002
22003
22014
22015
22021
22077
22077
22107
22139
22153
22177
22181
22185
22202
22214
22225
22229
22243
22262
22292
22292
22292
22372
22373
22384
22407
22414
22438
22454
22458
22483
22484
22487
22502
22512
22517
22521
22547
22587
22606
22614
22638
22651
22656
22657
22669
22678
22678
22685
22685
22698
22703
22706
22709
22719
22720
22734
22748
22753
22766
22780
22781
22784
22803
22806
22813
22814
22814
22816
22835
22836
22837
22838
22839
22842
22842
22846
22848
22854
22855
22855
22860
22872
22891
22898
22906
22907
22911
22912
22916
22917
22920
22945
22953
22967
22973
22975
22976
22982
22988
22993
22998
23003
23004
23019
23021
23023
23032
23037
23047
23074
23091
23094
23095
23104
23109
23130
23136
23137
23149
23158
23163
23165
23167
23168
23173
23179
23182
23186
23188
23188
23193
23194
23197
23211
23212
23213
23222
23231
23239
23241
23243
23243
23258
23272
23286
23308
23327
23340
23350
23354
23359
23360
23363
23375
23380
23387
23391
23395
23402
23403
23405
23408
23417
23421
23422
23423
23428
23433
23446
23464
23478
23479
23479
23485
23494
23494
23496
23499
23513
23521
23538
23590
23604
23615
23625
23626
23632
23635
23645
23652
23670
23679
23680
23683
23704
23714
23737
23741
23742
23753
23761
23771
23831
23842
23866
23875
23879
23905
23905
23910
23911
23920
23927
23930
23946
23948
23959
23967
24022
24092
24129
24138
24147
24162
24191
24194
24217
24231
24237
24316
24334
24346
24364
24381
24394
24396
24412
24428
24439
24499
24508
24509
24525
24527
24527
24534
24537
24551
24554
24587
24602
24608
24633
24636
24642
24649
24649
24650
24652
24678
24680
24680
24689
24695
24699
24711
24717
24724
24732
24751
24754
24759
24761
24770
24777
24780
24793
24811
24814
24830
24835
24843
24850
24867
24882
24890
24898
24901
24916
24917
24920
24921
24923
24926
24931
24932
24956
24966
24976
24983
24984
24995
25008
25008
25009
25017
25029
25037
25054
25055
25061
25074
25082
25084
25087
25096
25098
25109
25118
25119
25126
25131
25138
25143
25144
25151
25153
25157
25162
25165
25186
25191
25192
25192
25198
25199
25208
25217
25217
25218
25223
25228
25242
25265
25271
25274
25275
25284
25294
25295
25296
25303
25304
25306
25312
25319
25321
25328
25347
25357
25363
25369
25381
25383
25387
25395
25407
25441
25461
25463
25467
25485
25487
25488
25493
25503
25504
25512
25523
25531
25543
25545
25545
25548
25553
25559
25562
25577
25578
25616
25621
25625
25628
25629
25633
25634
25643
25651
25651
25652
25654
25666
25671
25678
25680
25685
25700
25718
25728
25730
25736
25755
25759
25770
25772
25779
25779
25784
25788
25789
25789
25803
25812
25820
25854
25855
25858
25862
25868
25892
25909
25922
25930
25931
25955
25967
25972
25979
25981
26003
26014
26025
26052
26063
26081
26090
26095
26102
26127
26131
26132
26138
26182
26184
26189
26218
26225
26225
26226
26244
26255
26278
26283
26283
26284
26292
26300
26328
26331
26346
26346
26353
26355
26360
26369
26377
26379
26396
26400
26400
26407
26410
26423
26433
26445
26452
26453
26460
26492
26493
26496
26497
26498
26502
26511
26512
26550
26552
26564
26565
26572
26572
26575
26576
26611
26617
26626
26640
26647
26654
26655
26664
26670
26676
26676
26695
26699
26703
26711
26735
26738
26748
26756
26757
26764
26775
26776
26802
26805
26810
26821
26823
26825
26828
26836
26847
26864
26866
26868
26918
26922
26927
26928
26931
26932
26942
26957
26958
26961
26967
26985
26988
26988
26992
26999
27004
27036
27044
27046
27052
27059
27072
27088
27104
27134
27134
27157
27162
27164
27182
27187
27211
27217
27235
27240
27242
27245
27248
27249
27252
27253
27257
27259
27261
27262
27263
27264
27266
27279
27289
27297
27302
27303
27312
27314
27314
27324
27325
27339
27340
27344
27345
27356
27358
27361
27365
27372
27383
27385
27385
27403
27408
27415
27426
27428
27429
27431
27435
27443
27453
27459
27460
27469
27472
27483
27487
27494
27500
27501
27521
27527
27535
27546
27550
27551
27575
27585
27586
27594
27600
27603
27607
27617
27620
27645
27653
27657
27665
27668
27672
27681
27685
27699
27715
27719
27731
27735
27738
27746
27752
27754
27761
27761
27767
27770
27785
27787
27806
27815
27854
27865
27888
27891
27896
27911
27949
27962
27968
27971
27985
28002
28039
28040
28043
28048
28067
28077
28079
28084
28095
28109
28110
28121
28131
28132
28134
28151
28158
28180
28186
28190
28190
28192
28192
28193
28202
28214
28217
28219
28220
28268
28272
28275
28282
28288
28289
28294
28304
28335
28336
28342
28356
28366
28378
28378
28378
28390
28391
28391
28391
28392
28394
28395
28449
28468
28486
28487
28502
28510
28511
28522
28536
28538
28546
28549
28575
28575
28586
28595
28618
28629
28633
28643
28648
28659
28660
28681
28698
28722
28733
28747
28747
28751
28760
28762
28776
28793
28811
28818
28831
28832
28841
28846
28847
28855
28875
28885
28906
28917
28926
28934
28938
28942
28944
28952
28963
28972
28981
28984
28994
29001
29018
29026
29056
29058
29059
29060
29061
29072
29078
29079
29088
29102
29112
29116
29122
29127
29133
29142
29143
29149
29167
29168
29185
29189
29195
29198
29209
29222
29237
29248
29253
29257
29264
29278
29283
29284
29285
29295
29300
29307
29332
29342
29343
29344
29352
29353
29369
29377
29383
29383
29390
29412
29442
29450
29451
29472
29480
29492
29542
29545
29548
29552
29559
29561
29565
29569
29571
29590
29598
29610
29611
29643
29652
29660
29680
29693
29701
29706
29714
29721
29730
29736
29740
29752
29757
29762
29770
29771
29777
29793
29793
29806
29812
29839
29863
29870
29890
29897
29899
29916
29919
29933
29933
29947
29962
29978
29979
29991
29998
30014
30014
30033
30042
30054
30063
30072
30073
30085
30092
30112
30129
30132
30151
30161
30165
30165
30177
30184
30187
30227
30251
30252
30269
30286
30296
30302
30305
30305
30312
30316
30331
30332
30348
30358
30364
30365
30376
30380
30387
30396
30424
30451
30457
30459
30462
30469
30474
30490
30499
30535
30539
30551
30551
30557
30559
30568
30579
30581
30590
30595
30605
30608
30621
30622
30625
30635
30635
30645
30651
30652
30668
30674
30685
30685
30698
30721
30721
30727
30746
30748
30754
30755
30759
30768
30769
30770
30774
30788
30803
30810
30812
30813
30816
30834
30845
30866
30874
30882
30890
30894
30895
30909
30937
30940
30943
30947
30951
30955
30957
30970
30973
31007
31020
31030
31036
31041
31042
31044
31051
31055
31059
31061
31061
31061
31066
31083
31089
31096
31103
31108
31111
31118
31120
31168
31173
31188
31189
31200
31202
31210
31217
31224
31236
31245
31247
31249
31268
31274
31288
31290
31291
31297
31301
31308
31322
31344
31360
31361
31366
31378
31399
31401
31416
31416
31440
31457
31474
31491
31492
31499
31502
31505
31509
31517
31517
31522
31523
31542
31570
31583
31611
31612
31647
31655
31664
31675
31709
31731
31739
31766
31769
31770
31773
31781
31789
31803
31829
31845
31864
31878
31880
31880
31883
31885
31887
31923
31930
31930
31933
31942
31944
31951
31956
31983
31996
32004
32007
32038
32040
32053
32084
32112
32115
32149
32159
32195
32211
32213
32229
32232
32247
32256
32256
32260
32274
32294
32304
32315
32328
32347
32352
32354
32357
32372
32381
32381
32385
32386
32431
32445
32471
32483
32494
32554
32555
32565
32568
32571
32580
32581
32596
32598
32600
32600
32601
32604
32604
32634
32666
32669
32669
32673
32676
32683
32686
32686
32692
32696
32712
32721
32731
32736
32747
32758
32759
32760
32763
32768
32770
32773
32782
32782
32787
32788
32793
32794
32796
32805
32826
32833
32848
32856
32866
32881
32887
32891
32906
32911
32922
32932
32977
32977
32977
32977
32988
32993
33005
33011
33013
33017
33054
33056
33070
33075
33075
33075
33082
33083
33088
33105
33105
33105
33117
33122
33123
33126
33129
33139
33140
33140
33142
33150
33151
33162
33164
33165
33168
33184
33188
33192
33193
33193
33205
33211
33213
33213
33224
33226
33229
33229
33241
33246
33248
33249
33251
33254
33279
33291
33291
33291
33300
33317
33320
33323
33326
33333
33334
33337
33342
33348
33348
33351
33359
33368
33368
33378
33382
33383
33385
33394
33418
33425
33427
33428
33429
33433
33437
33440
33462
33465
33469
33481
33484
33485
33491
33504
33504
33512
33515
33525
33547
33548
33556
33581
33605
33606
33611
33614
33615
33637
33642
33651
33653
33655
33659
33663
33695
33700
33704
33741
33758
33763
33764
33776
33786
33811
33813
33837
33862
33866
33869
33880
33896
33921
33921
33930
33942
33943
33947
33953
33962
33971
33972
33982
33982
33983
33990
33990
33996
34001
34003
34029
34031
34036
34053
34058
34072
34075
34080
34083
34084
34104
34126
34135
34136
34162
34168
34177
34179
34198
34227
34232
34243
34259
34276
34290
34295
34301
34302
34329
34337
34366
34408
34429
34439
34465
34469
34476
34479
34501
34514
34515
34540
34541
34545
34548
34560
34565
34571
34588
34591
34597
34597
34619
34626
34637
34645
34651
34653
34656
34671
34690
34706
34709
34716
34718
34753
34760
34762
34768
34769
34775
34778
34813
34814
34831
34836
34849
34901
34901
34908
34921
34929
34932
34936
34938
34940
34944
34949
34953
34965
34986
34992
35006
35006
35013
35017
35019
35029
35034
35039
35041
35045
35050
35052
35053
35062
35072
35073
35077
35111
35116
35118
35118
35121
35126
35128
35139
35142
35146
35149
35172
35177
35197
35203
35208
35259
35269
35273
35285
35286
35289
35300
35304
35326
35331
35345
35347
35365
35366
35369
35377
35388
35400
35412
35417
35426
35432
35442
35458
35465
35471
35472
35474
35486
35494
35499
35512
35512
35519
35533
35542
35557
35583
35584
35587
35612
35612
35614
35629
35644
35652
35657
35659
35672
35675
35675
35680
35694
35700
35714
35723
35731
35734
35747
35760
35762
35769
35776
35787
35792
35796
35806
35819
35827
35830
35855
35864
35896
35905
35934
35945
35952
35952
35953
35955
35961
35961
35961
35966
35969
35980
35993
36001
36004
36011
36014
36016
36033
36056
36065
36080
36089
36092
36099
36101
36103
36103
36129
36154
36166
36189
36191
36211
36212
36215
36231
36257
36288
36292
36295
36299
36306
36308
36310
36324
36328
36343
36351
36362
36363
36372
36383
36405
36407
36414
36418
36433
36436
36445
36455
36456
36457
36462
36464
36467
36470
36471
36471
36478
36511
36524
36525
36525
36533
36536
36548
36553
36559
36566
36570
36573
36585
36586
36593
36597
36602
36602
36602
36604
36607
36617
36620
36628
36629
36637
36644
36646
36650
36679
36703
36709
36714
36726
36728
36729
36738
36739
36748
36748
36760
36763
36771
36776
36783
36786
36796
36811
36816
36827
36828
36840
36841
36845
36849
36852
36867
36867
36887
36908
36914
36915
36930
36931
36932
36941
36946
36957
36958
36966
36971
36974
36977
36979
36989
37002
37006
37015
37015
37018
37056
37065
37083
37086
37087
37097
37099
37105
37105
37115
37121
37128
37139
37141
37146
37156
37160
37160
37167
37184
37195
37200
37213
37226
37229
37229
37232
37244
37245
37261
37265
37278
37279
37285
37286
37288
37291
37291
37306
37307
37311
37313
37314
37316
37322
37349
37356
37356
37374
37377
37380
37383
37392
37392
37402
37416
37420
37439
37448
37454
37457
37462
37469
37476
37478
37479
37484
37488
37500
37505
37513
37515
37515
37519
37522
37523
37525
37532
37533
37534
37554
37563
37565
37570
37574
37597
37603
37633
37637
37639
37655
37658
37665
37667
37674
37674
37689
37692
37694
37698
37698
37729
37730
37740
37749
37751
37754
37779
37788
37813
37817
37826
37839
37847
37848
37857
37858
37875
37909
37926
37932
37935
37940
37944
37951
37953
37958
37980
37992
37996
37997
38001
38005
38006
38040
38054
38072
38074
38083
38096
38116
38123
38136
38146
38154
38156
38170
38176
38187
38213
38214
38216
38225
38236
38263
38267
38272
38289
38294
38299
38299
38305
38307
38313
38322
38336
38336
38345
38350
38352
38356
38366
38366
38367
38370
38376
38393
38405
38437
38450
38454
38481
38489
38515
38517
38523
38528
38532
38554
38557
38573
38577
38584
38587
38603
38622
38626
38632
38634
38636
38639
38647
38683
38686
38692
38693
38698
38711
38717
38727
38731
38734
38737
38754
38756
38766
38771
38773
38778
38788
38805
38824
38828
38839
38840
38844
38847
38853
38865
38877
38881
38910
38910
38915
38926
38937
38942
38947
38964
38978
38987
39002
39017
39041
39045
39048
39053
39054
39054
39055
39058
39064
39094
39097
39109
39110
39111
39134
39138
39138
39148
39151
39153
39188
39191
39197
39221
39222
39234
39241
39248
39259
39265
39278
39291
39292
39307
39310
39310
39315
39320
39321
39324
39331
39334
39358
39362
39366
39369
39373
39373
39394
39395
39402
39403
39409
39423
39426
39426
39427
39441
39445
39451
39469
39469
39477
39478
39482
39483
39489
39494
39508
39509
39537
39542
39542
39545
39549
39554
39556
39569
39579
39590
39596
39610
39619
39621
39632
39636
39648
39657
39659
39661
39671
39681
39686
39693
39703
39706
39709
39715
39733
39747
39755
39759
39778
39782
39793
39804
39812
39824
39824
39835
39840
39850
39853
39901
39930
39931
39946
39958
39960
39962
39967
39971
39978
39980
39990
39998
39998
39999
39999
40001
40011
40012
40014
40022
40025
40028
40036
40038
40040
40044
40049
40055
40060
40063
40065
40070
40078
40092
40096
40103
40103
40120
40122
40132
40139
40148
40149
40153
40162
40165
40172
40175
40175
40178
40180
40181
40183
40193
40204
40229
40245
40247
40253
40253
40258
40264
40282
40302
40303
40310
40311
40312
40327
40336
40340
40344
40346
40349
40364
40365
40377
40383
40386
40391
40397
40400
40415
40417
40424
40436
40441
40447
40459
40474
40492
40497
40505
40506
40506
40513
40513
40520
40521
40537
40539
40565
40573
40578
40582
40590
40611
40615
40641
40643
40648
40659
40669
40674
40682
40701
40703
40714
40727
40731
40739
40744
40744
40759
40762
40766
40771
40774
40782
40790
40793
40798
40799
40808
40810
40816
40819
40820
40840
40842
40852
40853
40880
40884
40884
40929
40948
40950
40965
40970
40971
40976
40978
40992
40995
41017
41019
41024
41025
41034
41038
41040
41057
41062
41070
41079
41082
41095
41098
41111
41116
41135
41137
41138
41143
41152
41170
41171
41174
41178
41186
41188
41188
41217
41222
41231
41233
41239
41245
41246
41254
41265
41268
41274
41277
41277
41278
41300
41300
41304
41305
41307
41317
41328
41361
41363
41368
41378
41381
41383
41386
41386
41386
41390
41391
41397
41402
41417
41424
41424
41428
41446
41446
41447
41453
41455
41462
41466
41485
41491
41495
41509
41512
41513
41535
41538
41543
41544
41552
41567
41573
41591
41602
41612
41626
41630
41631
41633
41645
41656
41657
41658
41666
41671
41672
41677
41677
41687
41690
41703
41711
41727
41733
41738
41750
41751
41757
41758
41759
41761
41767
41776
41785
41794
41807
41811
41823
41833
41836
41838
41843
41853
41865
41866
41889
41889
41897
41908
41909
41917
41917
41919
41924
41926
41934
41936
41939
41951
41955
41960
41970
41971
41974
41976
41992
42000
42004
42013
42025
42028
42028
42030
42042
42050
42054
42055
42090
42100
42102
42103
42106
42109
42117
42127
42162
42176
42192
42216
42221
42229
42237
42240
42263
42266
42275
42276
42302
42307
42312
42332
42334
42336
42340
42353
42358
42366
42378
42385
42394
42411
42417
42421
42435
42436
42443
42448
42452
42453
42453
42464
42465
42474
42485
42486
42493
42496
42523
42539
42557
42561
42565
42579
42581
42588
42592
42592
42625
42626
42629
42629
42665
42676
42682
42683
42687
42691
42693
42697
42705
42705
42709
42712
42714
42724
42728
42743
42749
42750
42763
42764
42769
42781
42796
42799
42823
42828
42835
42845
42856
42865
42876
42882
42885
42916
42920
42921
42922
42924
42928
42941
42942
42945
42948
42955
42962
42966
42982
42984
42989
42989
42996
43006
43009
43013
43015
43024
43029
43042
43043
43046
43052
43060
43064
43071
43080
43083
43129
43133
43144
43150
43155
43164
43172
43174
43182
43197
43214
43221
43222
43226
43237
43242
43253
43253
43261
43273
43276
43281
43291
43295
43305
43310
43311
43317
43319
43323
43335
43337
43352
43366
43369
43371
43374
43380
43383
43394
43432
43433
43437
43451
43453
43467
43476
43482
43484
43487
43495
43497
43500
43504
43504
43513
43520
43531
43541
43545
43556
43574
43579
43588
43607
43614
43624
43639
43654
43661
43663
43673
43683
43697
43702
43704
43704
43725
43727
43731
43741
43760
43778
43780
43800
43806
43818
43818
43821
43831
43842
43846
43847
43848
43849
43860
43867
43870
43887
43909
43918
43933
43948
43952
43964
43972
43972
43983
43984
43988
43988
43994
44008
44010
44011
44029
44030
44035
44042
44047
44047
44050
44052
44052
44064
44077
44078
44100
44107
44131
44132
44135
44137
44138
44139
44143
44143
44146
44147
44155
44158
44163
44178
44183
44184
44196
44221
44221
44227
44230
44238
44238
44242
44251
44256
44257
44269
44270
44273
44276
44278
44286
44288
44294
44319
44321
44324
44331
44338
44347
44350
44355
44356
44365
44374
44380
44385
44385
44398
44400
44406
44407
44413
44425
44428
44438
44438
44447
44449
44461
44478
44490
44497
44514
44545
44563
44563
44582
44594
44602
44603
44619
44634
44655
44659
44664
44699
44732
44732
44746
44754
44763
44764
44765
44769
44772
44786
44791
44818
44835
44838
44841
44846
44871
44885
44895
44896
44901
44902
44922
44942
44948
44954
44961
44961
44967
44988
45011
45014
45029
45031
45047
45058
45082
45086
45087
45088
45101
45110
45113
45114
45121
45123
45140
45147
45151
45161
45171
45185
45185
45190
45211
45225
45232
45235
45261
45277
45283
45286
45292
45293
45297
45313
45321
45324
45337
45368
45369
45370
45391
45392
45400
45404
45410
45418
45419
45434
45437
45459
45462
45467
45473
45488
45488
45496
45510
45516
45526
45535
45535
45544
45546
45550
45570
45572
45573
45585
45588
45591
45598
45605
45606
45620
45621
45624
45624
45631
45659
45679
45686
45690
45694
45694
45694
45700
45704
45706
45712
45713
45719
45724
45730
45733
45744
45753
45756
45767
45768
45770
45771
45771
45775
45778
45789
45801
45813
45814
45824
45829
45830
45830
45846
45850
45859
45860
45871
45895
45895
45897
45898
45902
45902
45903
45907
45908
45911
45924
45935
45957
45971
45972
45975
45986
45994
46043
46054
46064
46083
46095
46114
46115
46116
46119
46124
46130
46132
46137
46138
46138
46147
46148
46150
46153
46153
46164
46170
46199
46208
46210
46228
46229
46232
46239
46241
46242
46261
46269
46273
46288
46296
46300
46304
46375
46390
46390
46399
46400
46403
46409
46420
46422
46435
46439
46440
46446
46450
46455
46456
46465
46475
46489
46504
46513
46524
46530
46530
46533
46545
46546
46553
46553
46555
46563
46572
46577
46590
46609
46626
46630
46650
46651
46663
46692
46692
46703
46708
46709
46718
46738
46742
46745
46747
46757
46770
46774
46776
46798
46819
46820
46821
46831
46838
46838
46844
46859
46864
46871
46877
46883
46888
46889
46897
46905
46913
46944
46945
46947
46955
46960
47003
47011
47018
47026
47030
47046
47047
47055
47056
47062
47081
47108
47108
47110
47129
47129
47131
47136
47142
47145
47162
47166
47185
47189
47195
47203
47215
47218
47228
47235
47239
47240
47261
47266
47276
47277
47279
47298
47312
47321
47329
47334
47341
47346
47352
47358
47360
47367
47370
47374
47376
47383
47385
47391
47396
47400
47403
47405
47416
47423
47424
47427
47428
47432
47439
47454
47459
47465
47470
47470
47478
47485
47490
47492
47493
47493
47509
47522
47538
47553
47558
47575
47584
47587
47588
47597
47597
47599
47623
47624
47635
47641
47643
47653
47661
47676
47685
47686
47687
47691
47704
47705
47708
47731
47731
47733
47760
47767
47769
47777
47811
47812
47818
47821
47827
47837
47839
47853
47856
47883
47884
47888
47894
47933
47939
47947
47947
47955
47962
47970
47975
47980
47987
47990
47990
47995
47997
47999
48013
48036
48041
48045
48048
48050
48051
48061
48075
48078
48080
48091
48094
48101
48122
48130
48132
48135
48143
48144
48154
48157
48160
48170
48175
48180
48180
48207
48208
48211
48212
48213
48225
48235
48268
48272
48281
48291
48307
48311
48329
48338
48345
48352
48354
48357
48361
48382
48396
48409
48417
48426
48436
48456
48460
48466
48474
48478
48505
48517
48521
48534
48552
48560
48562
48568
48574
48605
48607
48622
48623
48647
48657
48663
48670
48678
48707
48712
48713
48714
48727
48734
48746
48748
48751
48771
48797
48816
48822
48826
48827
48843
48852
48859
48876
48876
48879
48879
48881
48886
48890
48896
48908
48927
48936
48938
48941
48950
48953
48953
48959
48963
48972
48975
48984
48986
48989
48990
48996
49007
49008
49012
49018
49044
49056
49072
49078
49081
49090
49091
49108
49132
49148
49149
49157
49162
49164
49170
49172
49174
49175
49176
49184
49200
49203
49207
49209
49215
49223
49232
49244
49245
49255
49264
49266
49274
49290
49300
49305
49306
49313
49317
49321
49322
49329
49346
49353
49356
49361
49373
49380
49380
49381
49385
49406
49412
49440
49462
49467
49483
49486
49496
49508
49533
49533
49552
49555
49569
49581
49582
49613
49613
49616
49620
49622
49628
49633
49636
49640
49645
49646
49653
49655
49660
49660
49666
49673
49696
49705
49705
49705
49716
49718
49719
49720
49726
49729
49732
49736
49742
49748
49752
49763
49779
49783
49788
49788
49795
49817
49820
49824
49825
49834
49844
49848
49849
49850
49863
49866
49867
49868
49872
49873
49875
49878
49892
49895
49896
49909
49929
49934
49946
49954
49962
49981
49987
49988
49991
50008
50010
50018
50024
50041
50046
50048
50050
50060
50084
50110
50121
50131
50135
50136
50158
50166
50177
50179
50180
50181
50181
50185
50187
50192
50198
50209
50229
50243
50253
50257
50262
50262
50266
50273
50276
50287
50289
50299
50300
50302
50303
50325
50328
50332
50336
50337
50341
50347
50348
50350
50356
50384
50390
50392
50410
50412
50458
50468
50471
50484
50503
50511
50512
50516
50516
50523
50527
50541
50550
50558
50563
50577
50583
50588
50592
50592
50598
50603
50608
50614
50621
50624
50626
50627
50629
50646
50648
50662
50662
50663
50669
50671
50672
50674
50674
50678
50689
50691
50692
50696
50700
50702
50706
50711
50713
50720
50721
50723
50754
50766
50766
50767
50769
50776
50783
50793
50808
50845
50859
50868
50882
50896
50901
50906
50907
50917
50933
50943
50945
50961
50966
50989
50990
51007
51009
51011
51019
51021
51029
51032
51033
51049
51066
51077
51090
51092
51096
51102
51119
51125
51130
51159
51181
51191
51197
51202
51209
51214
51221
51222
51226
51229
51249
51266
51282
51297
51300
51303
51314
51317
51319
51322
51327
51332
51344
51347
51355
51359
51361
51384
51384
51402
51402
51411
51422
51445
51456
51457
51458
51460
51469
51472
51476
51488
51489
51499
51500
51504
51507
51513
51527
51549
51550
51589
51589
51620
51623
51624
51625
51629
51652
51660
51673
51686
51693
51693
51702
51705
51721
51739
51758
51771
51775
51780
51787
51795
51796
51810
51823
51823
51829
51845
51845
51846
51851
51866
51873
51884
51889
51899
51905
51940
51969
51983
52012
52048
52049
52061
52075
52076
52078
52106
52112
52114
52117
52119
52123
52134
52135
52144
52149
52161
52167
52181
52184
52186
52201
52222
52228
52228
52230
52230
52236
52247
52250
52252
52263
52273
52274
52301
52338
52344
52347
52347
52373
52375
52377
52380
52385
52395
52396
52409
52411
52411
52421
52438
52450
52476
52527
52533
52536
52544
52547
52571
52571
52578
52585
52586
52595
52606
52613
52617
52622
52624
52634
52639
52642
52645
52648
52666
52680
52688
52700
52705
52710
52726
52735
52739
52742
52746
52750
52754
52755
52757
52772
52796
52811
52813
52817
52821
52823
52825
52829
52836
52839
52852
52855
52857
52858
52865
52868
52876
52877
52881
52882
52889
52890
52902
52902
52908
52920
52936
52952
52953
52958
52962
52978
52986
52987
52989
52998
52998
53002
53004
53011
53021
53041
53043
53048
53056
53062
53068
53078
53078
53086
53092
53094
53096
53100
53121
53123
53126
53128
53129
53129
53137
53139
53145
53149
53151
53152
53166
53169
53172
53186
53186
53194
53200
53204
53211
53243
53261
53264
53268
53272
53274
53278
53278
53284
53294
53299
53306
53307
53311
53315
53317
53320
53321
53329
53336
53350
53352
53364
53364
53368
53380
53382
53384
53396
53397
53398
53403
53417
53424
53428
53438
53459
53463
53465
53472
53477
53499
53523
53531
53535
53544
53545
53565
53577
53582
53582
53592
53593
53600
53613
53637
53643
53658
53658
53660
53661
53665
53681
53699
53705
53708
53719
53721
53739
53743
53749
53759
53760
53765
53766
53770
53786
53789
53799
53805
53808
53821
53827
53828
53851
53854
53856
53858
53861
53866
53874
53935
53936
53938
53941
53942
53942
53947
53979
53982
53986
53991
53993
53995
54001
54037
54045
54051
54054
54055
54056
54071
54077
54077
54088
54114
54134
54136
54141
54143
54147
54150
54152
54156
54168
54174
54181
54196
54214
54218
54225
54225
54226
54226
54228
54232
54241
54243
54244
54245
54273
54275
54286
54292
54302
54303
54308
54346
54349
54358
54365
54365
54386
54401
54402
54403
54408
54427
54463
54464
54471
54471
54489
54508
54511
54532
54534
54541
54545
54546
54549
54561
54563
54567
54595
54595
54598
54613
54625
54639
54655
54709
54710
54713
54721
54741
54745
54762
54766
54766
54777
54792
54802
54805
54811
54815
54822
54823
54828
54830
54834
54838
54839
54844
54858
54862
54864
54868
54871
54882
54891
54893
54894
54895
54897
54897
54897
54939
54940
54945
54954
54956
54958
54970
54982
54998
55000
55022
55022
55030
55035
55054
55055
55058
55059
55065
55068
55069
55071
55071
55073
55082
55085
55094
55107
55109
55114
55131
55137
55154
55158
55160
55163
55172
55175
55181
55182
55195
55200
55205
55211
55213
55231
55247
55261
55267
55272
55289
55293
55306
55328
55329
55333
55335
55358
55359
55369
55370
55370
55377
55384
55388
55411
55414
55415
55435
55441
55449
55451
55464
55469
55473
55484
55486
55512
55520
55538
55546
55576
55587
55588
55621
55634
55636
55660
55699
55709
55715
55736
55741
55754
55759
55794
55808
55812
55845
55845
55847
55854
55867
55875
55879
55886
55892
55928
55952
55964
55965
55968
55978
55995
55999
56014
56016
56017
56020
56024
56027
56034
56038
56050
56058
56094
56104
56110
56118
56120
56123
56130
56144
56155
56156
56170
56173
56190
56191
56206
56208
56215
56230
56231
56243
56248
56264
56273
56273
56293
56302
56313
56315
56317
56322
56327
56336
56337
56352
56355
56355
56357
56365
56366
56368
56372
56392
56393
56410
56428
56448
56455
56469
56471
56478
56485
56493
56494
56497
56500
56516
56524
56526
56535
56539
56542
56565
56566
56568
56577
56581
56596
56600
56602
56610
56621
56628
56639
56639
56669
56673
56674
56678
56683
56686
56694
56698
56702
56705
56707
56713
56726
56729
56731
56732
56740
56756
56765
56767
56773
56792
56792
56803
56813
56841
56842
56853
56859
56872
56892
56906
56923
56925
56927
56934
56936
56940
56983
56991
56996
57006
57016
57023
57029
57047
57050
57056
57073
57120
57136
57139
57144
57144
57164
57167
57170
57190
57192
57193
57195
57218
57222
57222
57224
57246
57276
57281
57284
57323
57335
57336
57336
57352
57356
57365
57372
57377
57380
57394
57397
57405
57425
57482
57485
57504
57504
57513
57513
57522
57524
57530
57545
57560
57609
57612
57619
57644
57657
57662
57662
57671
57679
57684
57684
57703
57722
57734
57746
57773
57775
57781
57786
57795
57801
57828
57835
57841
57841
57845
57850
57855
57865
57866
57887
57891
57894
57917
57925
57932
57933
57942
57951
57962
57962
57978
58015
58030
58032
58042
58044
58045
58047
58050
58055
58071
58075
58086
58102
58135
58135
58141
58148
58151
58157
58180
58180
58190
58194
58198
58198
58200
58201
58210
58212
58220
58224
58247
58264
58280
58296
58297
58304
58316
58322
58340
58340
58344
58354
58356
58370
58376
58376
58392
58396
58406
58409
58421
58424
58424
58424
58424
58432
58440
58440
58441
58444
58449
58463
58465
58472
58492
58493
58497
58502
58502
58506
58507
58509
58533
58536
58539
58541
58543
58543
58564
58569
58571
58571
58574
58576
58579
58580
58583
58583
58585
58589
58590
58602
58605
58609
58611
58612
58621
58624
58624
58624
58650
58674
58677
58682
58693
58695
58698
58698
58707
58711
58714
58716
58716
58725
58728
58731
58735
58737
58747
58749
58752
58761
58761
58762
58766
58768
58772
58775
58790
58793
58799
58799
58805
58816
58816
58817
58821
58825
58828
58829
58833
58855
58861
58869
58876
58876
58876
58878
58884
58902
58915
58916
58935
58937
58945
58945
58959
58991
59009
59011
59015
59018
59030
59035
59036
59044
59055
59062
59063
59072
59081
59081
59083
59084
59108
59126
59126
59131
59131
59132
59142
59148
59162
59163
59173
59173
59177
59193
59194
59196
59209
59216
59230
59230
59230
59244
59265
59274
59275
59292
59300
59307
59316
59324
59338
59362
59388
59400
59416
59426
59427
59446
59454
59463
59468
59508
59512
59512
59519
59520
59522
59528
59530
59553
59575
59577
59585
59594
59621
59626
59655
59655
59663
59669
59674
59678
59687
59692
59723
59726
59727
59730
59732
59732
59737
59762
59765
59769
59801
59803
59814
59845
59846
59849
59875
59879
59890
59903
59911
59948
59956
59966
60001
60007
60042
60055
60059
60066
60069
60070
60073
60074
60082
60090
60095
60117
60125
60127
60130
60133
60141
60156
60163
60171
60174
60179
60180
60193
60209
60213
60219
60239
60240
60241
60242
60260
60264
60270
60271
60281
60283
60283
60299
60303
60316
60318
60324
60336
60344
60346
60367
60368
60375
60375
60379
60391
60411
60414
60418
60428
60440
60443
60451
60454
60468
60471
60487
60490
60499
60501
60503
60507
60510
60552
60556
60572
60581
60590
60592
60594
60604
60610
60617
60619
60624
60626
60636
60640
60644
60652
60673
60675
60685
60693
60693
60703
60711
60745
60759
60763
60770
60778
60786
60789
60803
60805
60805
60834
60844
60845
60852
60857
60866
60867
60871
60872
60881
60889
60913
60921
60926
60935
60938
60940
60948
60959
60967
60995
61013
61014
61032
61050
61064
61066
61128
61133
61143
61146
61147
61166
61170
61172
61193
61213
61219
61223
61227
61237
61247
61251
61268
61271
61277
61281
61287
61292
61295
61318
61327
61328
61329
61340
61344
61355
61362
61372
61376
61378
61378
61415
61425
61432
61443
61444
61466
61481
61491
61498
61500
61511
61524
61529
61548
61552
61568
61580
61599
61624
61627
61631
61633
61660
61662
61666
61671
61683
61692
61700
61702
61713
61720
61732
61758
61763
61782
61784
61797
61812
61813
61822
61825
61825
61861
61876
61876
61877
61919
61941
61942
61949
61953
61973
61994
62001
62004
62007
62012
62030
62032
62037
62038
62056
62057
62070
62080
62083
62111
62116
62140
62148
62151
62157
62162
62175
62183
62192
62197
62198
62225
62243
62252
62265
62269
62269
62288
62314
62318
62323
62325
62326
62331
62341
62342
62353
62381
62387
62394
62400
62401
62411
62414
62416
62419
62426
62427
62432
62463
62476
62483
62485
62500
62508
62510
62510
62513
62513
62525
62560
62560
62570
62580
62583
62590
62604
62608
62633
62639
62658
62659
62660
62660
62661
62664
62672
62678
62679
62681
62704
62726
62736
62775
62779
62782
62788
62789
62809
62823
62841
62847
62851
62853
62857
62858
62864
62868
62873
62881
62885
62891
62895
62914
62917
62918
62928
62933
62941
62955
62959
62960
62962
62972
62976
63002
63005
63008
63011
63022
63035
63039
63045
63054
63068
63069
63071
63082
63099
63099
63108
63109
63118
63135
63142
63155
63160
63166
63173
63180
63206
63210
63217
63220
63220
63222
63230
63231
63243
63251
63253
63277
63284
63289
63300
63301
63307
63321
63323
63334
63359
63366
63370
63374
63408
63432
63450
63465
63479
63483
63484
63492
63499
63506
63506
63523
63525
63535
63556
63565
63607
63618
63624
63637
63640
63660
63686
63700
63707
63708
63723
63725
63727
63728
63739
63755
63756
63756
63761
63763
63777
63792
63796
63806
63811
63815
63816
63829
63839
63845
63848
63863
63870
63872
63912
63933
63936
63941
63971
63971
63986
63993
63997
64015
64017
64048
64053
64059
64060
64081
64086
64091
64099
64100
64102
64102
64107
64131
64155
64164
64170
64172
64186
64231
64238
64258
64259
64269
64270
64281
64300
64315
64323
64333
64352
64354
64359
64359
64405
64411
64421
64424
64432
64434
64435
64436
64451
64462
64466
64471
64493
64495
64505
64525
64532
64534
64563
64565
64570
64574
64579
64582
64582
64589
64592
64606
64612
64614
64626
64626
64629
64647
64650
64654
64658
64662
64679
64682
64692
64692
64711
64722
64732
64763
64766
64786
64802
64816
64819
64844
64846
64848
64848
64849
64867
64881
64888
64890
64893
64898
64902
64915
64928
64944
64949
64969
64975
64975
64976
65012
65019
65019
65033
65049
65062
65070
65071
65077
65088
65096
65102
65102
65105
65111
65113
65113
65114
65128
65142
65173
65176
65177
65187
65205
65226
65230
65233
65251
65252
65257
65258
65279
65289
65302
65304
65311
65321
65355
65372
65402
65414
65424
65427
65429
65431
65435
65437
65484
65488
65492
65495
65505
65512
65529
65534
65581
65588
65601
65610
65613
65614
65634
65638
65640
65642
65648
65652
65658
65660
65664
65688
65689
65704
65726
65730
65749
65769
65769
65769
65770
65800
65821
65824
65859
65861
65884
65901
65904
65909
65914
65915
65922
65939
65940
65946
65961
65966
65986
65996
65999
66016
66017
66017
66027
66045
66053
66057
66067
66074
66078
66099
66109
66115
66118
66120
66123
66138
66142
66147
66151
66159
66162
66182
66195
66204
66217
66217
66219
66252
66255
66264
66265
66293
66295
66299
66318
66338
66343
66349
66352
66376
66383
66385
66405
66409
66410
66432
66439
66441
66442
66453
66454
66484
66485
66501
66506
66512
66514
66530
66540
66554
66561
66580
66580
66610
66615
66617
66623
66651
66665
66667
66670
66671
66673
66707
66714
66724
66754
66756
66769
66770
66793
66823
66835
66841
66863
66876
66912
66913
66924
66943
66952
66960
66964
66965
66968
66977
66991
67030
67031
67042
67062
67064
67065
67096
67117
67120
67128
67135
67141
67154
67156
67161
67169
67185
67192
67200
67202
67206
67208
67225
67229
67235
67237
67241
67250
67266
67267
67274
67294
67295
67298
67326
67358
67360
67385
67387
67399
67420
67423
67437
67440
67445
67447
67453
67472
67478
67485
67490
67493
67507
67509
67511
67543
67549
67551
67554
67556
67579
67595
67609
67622
67635
67642
67655
67681
67687
67726
67730
67732
67736
67736
67736
67740
67745
67769
67775
67779
67786
67788
67796
67796
67797
67810
67833
67842
67878
67895
67897
67904
67916
67922
67926
67926
67928
67929
67941
67952
67970
67975
67993
67998
68014
68015
68022
68027
68047
68074
68075
68095
68096
68130
68138
68145
68195
68204
68231
68232
68236
68239
68246
68253
68259
68268
68270
68275
68292
68292
68292
68297
68328
68329
68333
68338
68338
68357
68358
68400
68405
68414
68418
68431
68432
68446
68499
68506
68509
68520
68536
68560
68561
68572
68614
68654
68662
68668
68740
68745
68748
68751
68755
68755
68760
68763
68770
68775
68782
68785
68790
68818
68828
68866
68870
68874
68876
68896
68900
68902
68905
68905
68906
68912
68920
68928
68931
68931
68941
68979
68983
69008
69022
69045
69067
69073
69074
69091
69099
69126
69126
69127
69159
69159
69200
69215
69235
69238
69244
69245
69249
69258
69260
69262
69263
69267
69273
69274
69275
69298
69308
69315
69338
69340
69354
69363
69365
69382
69384
69386
69400
69402
69404
69413
69416
69418
69427
69429
69429
69432
69440
69442
69451
69460
69473
69475
69483
69495
69499
69502
69508
69512
69513
69515
69517
69520
69522
69524
69527
69543
69544
69548
69548
69549
69559
69565
69569
69583
69593
69596
69608
69621
69632
69635
69643
69653
69676
69677
69682
69689
69691
69693
69705
69710
69754
69760
69770
69775
69779
69782
69786
69786
69790
69803
69804
69811
69813
69830
69862
69878
69889
69891
69897
69897
69911
69914
69917
69926
69930
69933
69938
69939
69942
69954
69964
69967
69969
69973
70013
70014
70019
70023
70026
70030
70032
70068
70071
70076
70098
70102
70102
70106
70109
70123
70130
70141
70169
70178
70194
70202
70207
70208
70219
70221
70232
70239
70250
70281
70281
70285
70299
70314
70319
70332
70342
70364
70366
70367
70388
70389
70407
70427
70429
70442
70457
70488
70493
70510
70512
70519
70556
70565
70573
70574
70581
70602
70649
70654
70657
70664
70686
70702
70704
70791
70806
70808
70815
70818
70822
70822
70842
70866
70889
70902
70943
70945
70956
70971
71006
71025
71029
71035
71043
71055
71085
71086
71090
71104
71125
71147
71167
71176
71181
71211
71216
71219
71222
71233
71241
71248
71260
71276
71282
71283
71284
71313
71324
71326
71328
71349
71354
71355
71359
71367
71370
71392
71413
71421
71422
71426
71444
71445
71450
71454
71460
71462
71463
71471
71477
71484
71484
71495
71517
71523
71525
71536
71542
71544
71572
71576
71582
71584
71586
71597
71601
71606
71613
71617
71619
71632
71634
71639
71647
71648
71660
71668
71676
71686
71687
71697
71705
71733
71741
71754
71760
71773
71776
71780
71783
71791
71792
71813
71815
71815
71820
71823
71833
71835
71845
71846
71851
71867
71868
71868
71873
71877
71885
71890
71896
71907
71930
71933
71942
71945
71962
71967
71975
71979
71983
71996
72017
72024
72033
72036
72067
72069
72077
72082
72084
72084
72126
72127
72130
72130
72131
72137
72142
72143
72146
72152
72154
72173
72197
72203
72204
72212
72214
72225
72272
72281
72284
72288
72293
72323
72324
72324
72335
72341
72346
72348
72356
72399
72416
72418
72439
72441
72447
72458
72474
72475
72492
72507
72554
72556
72558
72559
72569
72583
72602
72629
72671
72689
72701
72703
72739
72779
72797
72799
72800
72820
72832
72842
72849
72854
72863
72869
72881
72881
72883
72905
72906
72907
72927
72938
72945
72955
72961
72964
72975
72978
72980
72994
73005
73031
73031
73038
73060
73082
73116
73122
73148
73149
73157
73158
73161
73176
73185
73203
73214
73242
73243
73245
73247
73264
73265
73287
73310
73324
73330
73332
73341
73354
73366
73377
73383
73388
73400
73404
73424
73432
73461
73481
73484
73500
73508
73514
73525
73528
73538
73543
73545
73546
73572
73575
73578
73601
73608
73610
73612
73615
73616
73621
73632
73634
73642
73646
73678
73678
73682
73695
73698
73703
73707
73708
73711
73726
73727
73731
73750
73751
73752
73753
73754
73765
73782
73800
73807
73812
73814
73830
73841
73845
73853
73858
73869
73883
73892
73908
73929
73930
73935
73957
73969
73974
74002
74003
74021
74031
74034
74037
74051
74060
74066
74075
74078
74080
74081
74084
74086
74100
74101
74103
74105
74117
74126
74128
74129
74130
74131
74135
74146
74148
74148
74150
74154
74163
74165
74171
74173
74198
74199
74204
74205
74209
74215
74216
74225
74239
74245
74290
74291
74295
74296
74314
74316
74320
74332
74334
74345
74373
74380
74395
74420
74438
74445
74451
74455
74476
74479
74497
74503
74505
74521
74589
74594
74644
74652
74656
74668
74668
74686
74688
74691
74701
74737
74764
74776
74795
74809
74811
74813
74818
74832
74837
74847
74849
74857
74877
74879
74885
74893
74912
74914
74924
74939
74943
74947
74948
74952
74959
74985
74986
74992
74999
75007
75016
75022
75043
75052
75086
75120
75127
75128
75131
75162
75171
75195
75207
75222
75240
75243
75244
75262
75282
75290
75296
75320
75322
75325
75328
75334
75355
75359
75360
75362
75374
75377
75398
75402
75431
75431
75441
75450
75460
75471
75488
75490
75493
75503
75515
75516
75533
75535
75536
75540
75543
75543
75559
75560
75583
75586
75601
75602
75610
75611
75633
75665
75684
75695
75706
75719
75724
75748
75755
75756
75761
75762
75768
75768
75783
75785
75795
75811
75815
75816
75819
75822
75833
75843
75847
75847
75852
75853
75889
75892
75924
75929
75958
75959
75961
75966
76004
76010
76043
76088
76132
76137
76139
76140
76156
76164
76165
76178
76183
76185
76186
76188
76189
76206
76212
76222
76228
76228
76246
76247
76252
76257
76268
76279
76288
76306
76308
76312
76321
76324
76325
76333
76337
76352
76377
76381
76386
76401
76401
76413
76415
76418
76429
76443
76457
76464
76477
76525
76542
76561
76600
76600
76618
76628
76632
76637
76638
76640
76655
76657
76665
76665
76671
76672
76673
76676
76681
76689
76693
76706
76707
76711
76720
76730
76736
76745
76746
76747
76753
76756
76759
76772
76772
76786
76788
76789
76790
76791
76807
76837
76859
76885
76907
76924
76929
76950
76968
76976
76984
76990
77017
77019
77026
77041
77048
77053
77077
77078
77083
77089
77096
77097
77104
77105
77113
77115
77116
77126
77147
77159
77163
77171
77186
77187
77195
77195
77208
77210
77213
77225
77230
77240
77248
77257
77258
77263
77266
77276
77294
77304
77310
77310
77313
77318
77319
77327
77333
77335
77341
77342
77355
77355
77361
77369
77371
77381
77388
77397
77408
77433
77455
77457
77476
77478
77517
77524
77541
77544
77557
77566
77567
77571
77571
77609
77622
77638
77641
77644
77646
77653
77654
77660
77670
77673
77739
77746
77751
77753
77755
77757
77761
77766
77770
77774
77777
77787
77788
77798
77837
77854
77871
77871
77877
77885
77890
77891
77908
77908
77931
77940
77941
77955
77963
77964
77969
77971
77984
77986
78000
78002
78003
78019
78024
78031
78034
78044
78045
78059
78077
78079
78089
78094
78109
78110
78111
78121
78122
78125
78126
78139
78153
78154
78183
78186
78188
78197
78202
78202
78221
78228
78232
78232
78233
78245
78246
78255
78268
78277
78287
78296
78298
78312
78321
78342
78345
78359
78361
78368
78375
78379
78379
78381
78395
78413
78415
78417
78437
78438
78443
78451
78452
78474
78490
78491
78496
78496
78506
78532
78537
78539
78542
78544
78550
78553
78554
78565
78582
78589
78617
78618
78637
78647
78650
78651
78658
78674
78683
78697
78706
78706
78729
78740
78753
78754
78755
78760
78761
78762
78768
78776
78778
78794
78801
78812
78818
78850
78861
78865
78880
78882
78884
78897
78905
78912
78914
78922
78926
78928
78934
78937
78938
78948
78949
78961
78966
78968
78972
78990
78990
78991
78993
78996
79001
79017
79029
79030
79030
79031
79032
79045
79053
79053
79062
79074
79081
79082
79111
79126
79141
79168
79169
79173
79175
79184
79185
79185
79191
79194
79196
79199
79210
79211
79220
79224
79228
79233
79236
79237
79242
79246
79252
79261
79276
79292
79293
79296
79300
79307
79335
79336
79343
79353
79355
79374
79391
79399
79404
79421
79428
79438
79450
79463
79491
79493
79495
79498
79499
79507
79516
79521
79523
79540
79550
79563
79568
79572
79575
79580
79587
79600
79616
79624
79624
79638
79647
79648
79655
79656
79659
79665
79667
79674
79694
79724
79731
79732
79748
79765
79766
79768
79788
79795
79809
79814
79816
79839
79855
79868
79875
79901
79901
79906
79915
79918
79920
79925
79928
79947
79953
79956
79957
79972
79983
80007
80008
80044
80049
80055
80061
80079
80080
80088
80091
80111
80116
80120
80131
80156
80162
80175
80185
80207
80211
80224
80233
80252
80265
80283
80293
80300
80302
80312
80320
80328
80363
80363
80372
80374
80378
80383
80386
80411
80416
80420
80438
80454
80463
80466
80466
80471
80536
80542
80564
80575
80587
80626
80641
80655
80659
80663
80668
80734
80747
80749
80767
80767
80778
80795
80796
80819
80842
80845
80861
80866
80873
80881
80894
80904
80913
80931
80943
80950
80951
80987
80988
80993
81001
81054
81063
81065
81070
81109
81113
81160
81163
81173
81183
81190
81193
81195
81197
81198
81202
81205
81217
81219
81230
81240
81244
81261
81264
81264
81266
81267
81276
81286
81309
81343
81344
81359
81363
81366
81389
81406
81409
81422
81424
81428
81449
81467
81484
81488
81509
81516
81518
81523
81529
81529
81531
81538
81539
81540
81566
81575
81600
81620
81628
81630
81633
81634
81647
81648
81654
81656
81659
81660
81666
81710
81714
81722
81726
81730
81734
81740
81763
81770
81785
81790
81798
81799
81804
81810
81812
81820
81836
81861
81864
81867
81869
81877
81899
81905
81906
81910
81912
81933
81942
81947
81952
81956
81963
81968
81972
81976
81987
81998
82000
82016
82040
82073
82079
82098
82101
82108
82112
82116
82133
82155
82158
82164
82171
82179
82179
82194
82250
82274
82352
82357
82360
82392
82441
82480
82486
82525
82571
82575
82615
82616
82620
82634
82654
82715
82721
82734
82758
82773
82784
82791
82796
82809
82815
82830
82838
82850
82856
82873
82881
82910
82967
82991
82992
82993
82996
83003
83062
83071
83082
83094
83100
83108
83110
83117
83126
83136
83165
83173
83186
83190
83191
83193
83200
83202
83211
83212
83219
83234
83237
83238
83244
83247
83270
83273
83276
83282
83285
83287
83292
83292
83294
83308
83312
83322
83325
83347
83350
83363
83368
83372
83405
83408
83422
83430
83464
83464
83471
83472
83473
83479
83485
83489
83495
83499
83511
83529
83538
83541
83550
83563
83568
83569
83570
83576
83588
83591
83593
83598
83600
83605
83608
83609
83611
83614
83632
83645
83674
83693
83696
83706
83707
83707
83715
83717
83727
83733
83737
83742
83753
83764
83775
83775
83781
83788
83792
83798
83806
83808
83810
83811
83815
83816
83819
83823
83829
83846
83848
83851
83865
83872
83876
83880
83888
83893
83895
83897
83899
83900
83901
83912
83929
83944
83947
83951
83961
83962
83979
84000
84000
84004
84009
84013
84017
84025
84033
84035
84047
84074
84076
84087
84089
84092
84102
84111
84115
84118
84122
84132
84146
84151
84195
84195
84208
84262
84284
84346
84365
84380
84416
84438
84449
84456
84490
84490
84495
84501
84512
84542
84575
84590
84612
84648
84669
84677
84689
84711
84719
84727
84734
84742
84760
84831
84865
84868
84882
84891
84942
84974
84981
85064
85085
85103
85108
85114
85116
85120
85123
85131
85132
85133
85140
85141
85142
85160
85169
85178
85189
85190
85190
85193
85194
85201
85207
85216
85230
85231
85231
85233
85234
85237
85238
85245
85272
85285
85286
85291
85294
85309
85311
85319
85319
85330
85334
85335
85338
85348
85348
85351
85352
85355
85356
85393
85399
85402
85404
85410
85424
85424
85428
85434
85444
85445
85451
85475
85486
85489
85492
85493
85514
85523
85524
85524
85525
85528
85538
85547
85557
85559
85565
85592
85593
85610
85612
85613
85614
85625
85627
85631
85635
85651
85651
85652
85653
85655
85672
85673
85678
85682
85686
85689
85697
85697
85703
85704
85719
85724
85725
85729
85738
85763
85771
85771
85774
85775
85783
85789
85795
85798
85814
85817
85826
85835
85842
85843
85855
85858
85866
85868
85897
85919
85924
85931
85931
85933
85939
85947
85948
85949
85951
85961
85962
85966
85976
85990
85995
85997
86002
86003
86017
86051
86055
86075
86096
86107
86118
86124
86138
86159
86204
86261
86264
86307
86333
86401
86405
86405
86456
86469
86497
86513
86543
86546
86610
86685
86739
86762
86770
86791
86809
86814
86829
86913
86939
86946
87002
87027
87054
87058
87078
87079
87082
87083
87089
87092
87150
87153
87164
87166
87167
87175
87176
87210
87243
87267
87269
87282
87289
87290
87292
87309
87315
87320
87321
87335
87338
87340
87360
87379
87391
87392
87413
87414
87416
87425
87427
87451
87459
87467
87469
87473
87493
87507
87511
87514
87530
87532
87541
87549
87564
87576
87578
87605
87612
87618
87629
87633
87649
87658
87671
87675
87682
87696
87703
87710
87711
87721
87728
87735
87748
87762
87764
87765
87769
87774
87778
87799
87802
87805
87814
87817
87819
87842
87843
87845
87847
87848
87852
87852
87860
87868
87873
87879
87885
87907
87913
87917
87927
87929
87930
87941
87946
87947
87951
87969
87973
87993
88004
88008
88013
88018
88026
88027
88029
88038
88048
88055
88065
88067
88082
88085
88129
88129
88140
88150
88156
88174
88202
88228
88235
88290
88342
88359
88386
88474
88509
88517
88521
88525
88537
88578
88579
88606
88617
88677
88707
88736
88739
88741
88744
88757
88773
88792
88815
88829
88830
88853
88867
88903
88906
88908
88928
88977
88987
88987
88987
89009
89019
89053
89059
89078
89094
89112
89118
89120
89123
89152
89161
89175
89211
89215
89219
89227
89244
89247
89256
89272
89276
89285
89288
89299
89308
89311
89316
89337
89342
89372
89383
89390
89396
89404
89408
89418
89424
89435
89439
89448
89451
89487
89490
89492
89499
89548
89553
89556
89565
89599
89601
89602
89604
89612
89634
89659
89667
89684
89686
89706
89712
89716
89723
89723
89741
89741
89769
89769
89782
89783
89811
89828
89835
89837
89856
89859
89868
89872
89892
89895
89916
89923
89930
89955
89964
89966
89977
89991
90017
90030
90033
90035
90044
90054
90060
90065
90067
90083
90091
90102
90117
90121
90133
90176
90181
90186
90229
90238
90250
90287
90290
90326
90333
90350
90353
90372
90401
90459
90515
90645
90677
90678
90707
90752
90816
90826
90862
90884
90888
90962
90978
91027
91039
91050
91056
91057
91059
91077
91086
91092
91111
91117
91118
91126
91132
91151
91159
91162
91164
91168
91191
91192
91195
91196
91209
91211
91223
91230
91231
91233
91245
91248
91256
91258
91258
91260
91265
91268
91283
91301
91305
91319
91353
91361
91366
91367
91377
91394
91397
91415
91430
91431
91432
91435
91447
91461
91481
91487
91487
91496
91525
91541
91545
91563
91566
91568
91581
91595
91605
91623
91638
91650
91664
91672
91677
91679
91681
91692
91705
91711
91721
91732
91736
91761
91761
91796
91801
91805
91816
91819
91829
91838
91855
91863
91870
91877
91883
91888
91902
91916
91919
91928
91930
91950
91957
91978
91989
91995
92025
92031
92053
92073
92087
92140
92182
92220
92245
92255
92276
92353
92366
92378
92402
92471
92482
92502
92505
92529
92537
92614
92653
92655
92680
92739
92743
92751
92827
92843
92892
92948
93005
93031
93034
93041
93048
93060
93076
93079
93083
93089
93103
93119
93121
93125
93126
93146
93147
93147
93204
93210
93213
93217
93226
93238
93252
93255
93257
93263
93271
93273
93277
93282
93283
93297
93303
93320
93323
93348
93379
93385
93394
93431
93437
93439
93440
93469
93472
93479
93486
93496
93506
93509
93511
93514
93518
93551
93559
93587
93596
93615
93628
93632
93634
93634
93642
93651
93658
93676
93683
93690
93700
93701
93714
93724
93727
93730
93737
93738
93754
93794
93798
93801
93801
93833
93849
93850
93853
93858
93871
93872
93909
93911
93920
93928
93928
93984
93986
93995
94004
94049
94068
94080
94087
94106
94154
94181
94192
94256
94297
94312
94330
94332
94370
94376
94406
94406
94449
94480
94517
94554
94569
94676
94749
94749
94751
94766
94787
94791
94847
94865
94897
94935
94979
94993
94993
94998
95022
95035
95040
95070
95091
95097
95097
95107
95159
95167
95179
95203
95204
95263
95267
95269
95281
95298
95310
95316
95341
95342
95346
95350
95352
95363
95378
95400
95415
95416
95418
95425
95457
95486
95487
95494
95494
95497
95512
95526
95532
95535
95545
95565
95574
95600
95604
95606
95615
95639
95659
95669
95674
95689
95699
95701
95775
95780
95781
95794
95814
95818
95826
95835
95855
95857
95859
95903
95910
95918
95944
95973
95976
96138
96198
96280
96477
96515
96518
96572
96573
96589
96613
96701
96733
96787
96939
96943
96965
96975
96982
96982
97015
97039
97046
97077
97085
97129
97135
97158
97160
97200
97217
97261
97267
97307
97353
97353
97375
97395
97439
97442
97498
97501
97535
97539
97540
97545
97556
97604
97608
97623
97626
97626
97686
97739
97749
97787
97817
97848
97851
97862
97867
97880
97919
97944
97946
97988
98000
98018
98032
98116
98142
98152
98174
98174
98218
98280
98360
98400
98435
98559
98563
98579
98585
98619
98637
98726
98825
98831
