26
47
49
62
62
88
89
103
104
156
157
216
231
236
250
265
292
320
346
363
379
382
409
458
467
478
495
496
496
497
509
517
555
564
575
583
587
601
602
608
640
652
682
722
728
748
790
808
819
827
828
837
857
894
906
928
950
952
977
991
993
1011
1013
1023
1029
1030
1030
1058
1062
1067
1077
1080
1095
1108
1120
1131
1134
1138
1141
1147
1153
1155
1158
1159
1175
1193
1207
1216
1237
1238
1247
1299
1321
1329
1376
1380
1411
1416
1422
1431
1466
1471
1472
1481
1490
1499
1508
1534
1545
1551
1554
1555
1565
1570
1570
1577
1577
1580
1596
1626
1628
1648
1675
1679
1685
1700
1709
1711
1727
1744
1751
1763
1763
1769
1775
1781
1783
1805
1809
1818
1832
1832
1841
1852
1894
1897
1914
1933
1938
1968
1973
2002
2005
2033
2035
2059
2067
2084
2094
2114
2139
2151
2166
2170
2182
2182
2185
2186
2193
2211
2241
2243
2260
2267
2274
2280
2281
2325
2332
2338
2340
2342
2344
2357
2389
2393
2441
2477
2500
2504
2530
2569
2597
2601
2604
2611
2631
2640
2649
2650
2650
2659
2660
2701
2724
2725
2758
2771
2782
2808
2830
2843
2847
2898
2900
2935
2935
2941
2968
3001
3003
3013
3017
3019
3023
3023
3033
3035
3056
3071
3142
3224
3231
3265
3271
3278
3290
3292
3296
3325
3348
3394
3398
3405
3411
3417
3434
3447
3458
3469
3495
3511
3516
3599
3605
3628
3638
3641
3644
3654
3660
3731
3752
3755
3759
3780
3842
3845
3850
3863
3866
3911
3931
3955
3962
3968
3974
3977
3982
3988
3994
4000
4004
4009
4028
4032
4041
4045
4047
4048
4061
4081
4082
4087
4123
4135
4147
4193
4242
4284
4288
4292
4304
4311
4351
4355
4369
4392
4450
4485
4488
4492
4514
4546
4551
4551
4568
4599
4601
4621
4629
4640
4655
4666
4666
4677
4679
4681
4685
4688
4693
4704
4707
4723
4734
4750
4756
4757
4761
4761
4776
4781
4786
4801
4826
4848
4870
4879
4883
4890
4904
4907
4910
4925
4955
4960
4970
4975
5035
5053
5084
5085
5098
5123
5146
5148
5152
5162
5178
5180
5218
5235
5280
5295
5306
5317
5355
5356
5379
5406
5408
5416
5418
5419
5463
5464
5475
5478
5485
5498
5506
5517
5551
5552
5555
5561
5565
5574
5576
5577
5583
5596
5604
5608
5625
5657
5659
5678
5693
5716
5720
5721
5742
5744
5752
5753
5756
5757
5759
5782
5793
5812
5817
5821
5837
5858
5877
5888
5896
5905
5934
5938
5954
5956
5958
5961
5963
5964
5979
5981
5991
6021
6039
6044
6046
6046
6051
6055
6059
6071
6084
6095
6101
6107
6130
6180
6181
6200
6201
6205
6205
6224
6243
6254
6257
6259
6265
6276
6278
6286
6295
6305
6329
6337
6342
6374
6377
6386
6392
6402
6408
6411
6411
6428
6438
6446
6473
6481
6548
6549
6555
6556
6574
6577
6579
6590
6607
6610
6614
6617
6621
6621
6638
6659
6661
6666
6670
6673
6674
6698
6702
6740
6741
6742
6749
6771
6775
6776
6791
6791
6799
6799
6811
6818
6826
6827
6847
6848
6850
6852
6894
6936
6939
6956
6959
6971
6976
7016
7055
7059
7061
7083
7095
7106
7161
7166
7198
7212
7216
7217
7229
7237
7254
7255
7266
7269
7276
7316
7317
7319
7329
7331
7341
7347
7350
7390
7390
7393
7401
7406
7422
7429
7456
7584
7601
7624
7662
7675
7703
7718
7751
7755
7756
7776
7807
7808
7839
7848
7892
7895
7904
7915
7926
7956
7964
7966
7993
8030
8037
8039
8046
8052
8055
8068
8078
8090
8099
8113
8128
8131
8135
8147
8162
8162
8164
8200
8212
8234
8246
8251
8255
8274
8277
8284
8285
8295
8344
8347
8349
8358
8387
8390
8405
8416
8439
8444
8472
8475
8484
8512
8514
8528
8539
8542
8544
8551
8563
8613
8649
8657
8664
8668
8683
8699
8706
8707
8712
8718
8729
8748
8760
8765
8765
8766
8770
8772
8777
8824
8831
8833
8837
8849
8853
8862
8889
8903
8905
8907
8915
8923
8946
8964
8972
8973
8976
8981
8999
9017
9030
9040
9088
9099
9100
9101
9121
9128
9139
9149
9152
9184
9195
9197
9205
9228
9243
9257
9284
9290
9294
9302
9314
9354
9388
9390
9399
9411
9414
9422
9440
9469
9480
9481
9494
9498
9506
9506
9512
9519
9524
9527
9555
9573
9595
9605
9617
9623
9652
9670
9671
9679
9686
9691
9692
9759
9760
9769
9772
9784
9794
9807
9807
9833
9836
9869
9886
9890
9896
9899
9965
9973
10013
10019
10021
10024
10033
10044
10047
10048
10073
10093
10097
10102
10107
10109
10152
10167
10210
10236
10237
10248
10320
10325
10342
10349
10378
10408
10412
10416
10427
10440
10447
10466
10470
10494
10503
10518
10541
10551
10552
10584
10587
10618
10620
10641
10678
10706
10708
10730
10732
10742
10768
10823
10824
10830
10860
10877
10888
10904
10909
10913
10920
10920
10932
10946
10948
10979
10981
10986
10990
11012
11012
11030
11036
11083
11093
11128
11129
11130
11136
11155
11162
11188
11198
11225
11226
11235
11236
11266
11279
11290
11301
11311
11312
11314
11322
11325
11328
11335
11368
11374
11403
11405
11406
11416
11437
11447
11457
11465
11471
11507
11525
11553
11556
11564
11572
11584
11593
11599
11652
11666
11671
11679
11686
11686
11702
11716
11724
11730
11740
11745
11753
11754
11766
11783
11803
11810
11838
11840
11856
11866
11878
11884
11891
11913
11925
11941
11969
11972
12016
12019
12024
12050
12060
12070
12077
12099
12107
12155
12160
12162
12193
12195
12199
12204
12212
12218
12240
12242
12254
12255
12255
12292
12324
12341
12347
12357
12390
12410
12417
12431
12438
12445
12462
12468
12474
12479
12487
12488
12489
12508
12511
12525
12527
12542
12576
12578
12607
12615
12679
12695
12711
12723
12728
12729
12733
12741
12746
12770
12778
12797
12802
12824
12826
12860
12864
12905
12923
12929
12936
12941
12943
12954
12960
12963
12964
12970
12977
13000
13016
13018
13033
13037
13038
13044
13044
13061
13062
13069
13070
13081
13092
13095
13113
13116
13154
13165
13167
13173
13186
13194
13197
13216
13240
13276
13279
13290
13341
13346
13360
13367
13385
13390
13408
13408
13415
13422
13427
13428
13439
13447
13447
13509
13522
13526
13533
13535
13538
13575
13578
13592
13594
13597
13601
13609
13616
13627
13636
13680
13689
13691
13701
13708
13721
13721
13740
13756
13759
13769
13784
13801
13816
13839
13843
13847
13855
13863
13866
13892
13907
13921
13967
13973
13993
14003
14021
14023
14050
14063
14071
14077
14088
14095
14098
14099
14109
14138
14138
14223
14264
14276
14287
14293
14300
14309
14311
14326
14327
14329
14330
14333
14345
14370
14374
14383
14396
14401
14415
14431
14463
14476
14484
14495
14495
14511
14525
14528
14530
14598
14622
14628
14636
14653
14670
14672
14679
14685
14705
14706
14733
14745
14752
14754
14761
14766
14768
14771
14788
14822
14823
14825
14842
14855
14857
14870
14895
14917
14940
14942
14948
14965
14976
14977
14988
14989
14995
15011
15012
15026
15074
15091
15099
15101
15115
15140
15147
15148
15148
15151
15194
15195
15198
15204
15208
15227
15231
15235
15244
15249
15288
15293
15312
15324
15326
15335
15353
15353
15365
15365
15387
15424
15428
15443
15455
15456
15478
15494
15502
15506
15529
15531
15533
15544
15548
15562
15575
15578
15587
15596
15597
15620
15622
15626
15633
15635
15641
15647
15665
15672
15684
15690
15725
15736
15760
15827
15832
15854
15875
15881
15883
15891
15898
15904
15919
15926
15930
15934
15935
15937
15954
15958
15973
15976
15987
15997
16024
16028
16054
16073
16076
16085
16125
16131
16133
16138
16150
16161
16196
16233
16234
16250
16276
16296
16299
16310
16313
16316
16320
16328
16331
16343
16344
16358
16374
16431
16432
16433
16435
16441
16456
16474
16483
16491
16494
16507
16513
16525
16526
16536
16561
16563
16566
16569
16577
16593
16594
16602
16609
16619
16626
16637
16665
16680
16684
16687
16687
16693
16698
16713
16718
16728
16741
16742
16764
16776
16786
16795
16808
16819
16819
16835
16846
16849
16852
16865
16880
16884
16890
16891
16912
16959
16993
16994
16997
16998
17005
17015
17028
17032
17034
17037
17041
17047
17053
17072
17074
17075
17099
17133
17143
17161
17167
17175
17195
17209
17275
17281
17286
17290
17324
17327
17340
17346
17351
17355
17355
17362
17384
17389
17390
17398
17400
17406
17493
17506
17512
17514
17523
17525
17525
17526
17527
17528
17533
17552
17578
17586
17596
17597
17607
17616
17624
17644
17656
17661
17685
17701
17704
17706
17708
17708
17722
17726
17742
17743
17745
17745
17748
17768
17775
17782
17788
17796
17817
17836
17838
17853
17879
17905
17924
17931
17969
17973
17974
17993
17994
18008
18013
18014
18015
18018
18036
18041
18044
18077
18077
18083
18094
18119
18134
18155
18189
18190
18193
18202
18202
18206
18207
18214
18218
18232
18247
18271
18281
18309
18327
18340
18355
18373
18405
18421
18479
18481
18517
18534
18540
18552
18556
18568
18578
18580
18588
18609
18622
18656
18660
18667
18668
18672
18683
18703
18740
18751
18754
18768
18774
18779
18785
18788
18789
18803
18805
18813
18820
18829
18840
18854
18859
18867
18872
18895
18898
18907
18911
18941
18941
18956
18976
18981
18993
18996
19006
19017
19031
19032
19035
19052
19056
19076
19102
19106
19121
19134
19144
19175
19198
19213
19218
19226
19263
19298
19314
19322
19325
19329
19332
19352
19355
19357
19364
19365
19398
19412
19425
19454
19501
19526
19534
19538
19616
19618
19619
19625
19632
19634
19639
19642
19648
19650
19671
19675
19698
19715
19718
19719
19721
19740
19741
19751
19755
19757
19760
19767
19796
19806
19807
19811
19812
19829
19846
19849
19858
19873
19887
19911
19911
19912
19925
19929
19956
19959
19977
19979
19985
20007
20009
20010
20035
20039
20043
20049
20069
20079
20080
20086
20088
20146
20179
20190
20207
20231
20239
20244
20250
20258
20259
20270
20271
20274
20276
20277
20279
20294
20308
20324
20331
20337
20339
20340
20344
20354
20362
20394
20395
20397
20429
20430
20437
20451
20452
20454
20498
20503
20506
20513
20531
20553
20558
20573
20574
20575
20595
20596
20604
20608
20619
20625
20625
20634
20638
20654
20660
20660
20665
20672
20677
20725
20729
20734
20734
20740
20747
20756
20761
20795
20797
20807
20846
20867
20890
20916
20923
20964
20964
20968
20970
20977
21001
21005
21018
21036
21036
21038
21044
21047
21049
21056
21079
21084
21090
21095
21105
21113
21120
21140
21144
21146
21168
21180
21207
21212
21218
21226
21254
21265
21272
21276
21280
21280
21293
21297
21343
21351
21373
21374
21405
21405
21406
21411
21426
21437
21437
21438
21455
21457
21477
21488
21495
21497
21500
21523
21530
21533
21543
21555
21574
21589
21612
21623
21628
21629
21635
21649
21652
21652
21657
21743
21777
21794
21805
21807
21808
21821
21825
21833
21876
21884
21908
21917
21924
21962
21979
21982
21997
22004
22009
22022
22025
22037
22094
22095
22105
22108
22114
22124
22125
22160
22204
22215
22258
22283
22338
22357
22377
22411
22415
22417
22425
22426
22427
22429
22440
22492
22524
22526
22543
22551
22566
22568
22581
22588
22595
22625
22629
22632
22636
22662
22668
22686
22686
22707
22710
22714
22724
22738
22741
22751
22766
22769
22770
22781
22784
22800
22808
22817
22822
22836
22846
22846
22852
22885
22888
22951
22958
22959
22961
22967
22969
22986
22993
23003
23015
23039
23048
23061
23066
23076
23087
23101
23106
23157
23163
23164
23181
23184
23185
23188
23194
23197
23203
23220
23233
23247
23251
23275
23283
23290
23325
23327
23330
23335
23344
23351
23370
23377
23380
23415
23418
23424
23447
23455
23459
23467
23469
23481
23517
23524
23531
23543
23552
23553
23558
23572
23578
23581
23603
23605
23608
23620
23624
23626
23628
23635
23635
23648
23649
23659
23665
23669
23699
23705
23720
23726
23733
23741
23747
23751
23763
23778
23782
23792
23793
23812
23826
23831
23842
23900
23912
23916
23919
23920
23927
23945
23948
23953
23981
23987
23988
23988
23989
24004
24011
24032
24038
24049
24055
24062
24074
24086
24096
24102
24103
24119
24122
24124
24128
24132
24144
24157
24166
24174
24174
24175
24180
24186
24192
24192
24201
24206
24212
24229
24269
24275
24277
24278
24298
24307
24320
24336
24345
24357
24367
24374
24379
24392
24392
24397
24405
24410
24413
24418
24419
24422
24432
24433
24442
24445
24453
24462
24474
24492
24509
24527
24527
24550
24567
24593
24609
24612
24618
24643
24652
24658
24660
24672
24682
24690
24702
24704
24714
24724
24729
24765
24766
24770
24774
24774
24784
24784
24785
24800
24809
24825
24826
24835
24849
24856
24858
24895
24902
24913
24916
24922
24926
24945
24946
24948
24949
24964
24964
24976
24982
24988
24992
24993
24995
25005
25014
25063
25071
25074
25076
25080
25081
25118
25122
25132
25135
25146
25152
25165
25168
25173
25190
25197
25205
25208
25216
25222
25225
25230
25242
25257
25265
25265
25265
25267
25285
25286
25289
25295
25296
25328
25338
25340
25343
25355
25382
25383
25429
25437
25454
25474
25475
25478
25503
25505
25508
25516
25516
25526
25529
25531
25533
25537
25588
25596
25597
25598
25607
25650
25652
25655
25657
25661
25682
25694
25715
25715
25730
25753
25759
25761
25768
25774
25776
25805
25813
25816
25832
25837
25843
25850
25862
25877
25896
25901
25904
25916
25930
25935
25936
25936
25960
25961
25966
25978
25984
25985
25992
25994
26014
26021
26027
26030
26034
26077
26114
26124
26124
26133
26139
26141
26144
26145
26147
26162
26164
26182
26195
26200
26200
26201
26210
26214
26219
26226
26227
26231
26231
26238
26247
26256
26279
26293
26298
26305
26310
26317
26321
26324
26351
26374
26393
26398
26399
26421
26440
26443
26444
26454
26460
26475
26480
26482
26487
26492
26502
26503
26504
26506
26516
26516
26529
26531
26532
26548
26563
26564
26566
26584
26593
26602
26606
26607
26613
26621
26624
26624
26636
26648
26663
26667
26677
26701
26723
26735
26735
26742
26745
26747
26759
26771
26774
26775
26777
26790
26793
26797
26798
26799
26804
26805
26812
26816
26821
26828
26836
26848
26879
26880
26908
26909
26914
26915
26918
26932
26934
26944
26964
26966
26968
26986
26997
26998
27007
27010
27012
27012
27013
27046
27049
27055
27058
27076
27095
27098
27102
27113
27117
27118
27129
27131
27136
27141
27158
27178
27181
27182
27184
27192
27199
27221
27234
27245
27255
27261
27270
27281
27283
27286
27298
27298
27313
27316
27319
27328
27330
27341
27354
27359
27364
27375
27381
27389
27397
27402
27414
27416
27423
27424
27428
27430
27436
27439
27439
27455
27465
27483
27488
27505
27544
27546
27555
27569
27584
27588
27617
27640
27647
27654
27655
27658
27663
27663
27668
27678
27682
27682
27695
27704
27713
27714
27716
27725
27730
27732
27758
27763
27784
27812
27819
27840
27847
27848
27850
27852
27886
27894
27895
27898
27901
27905
27917
27924
27930
27931
27931
27932
27935
27936
27941
27943
27949
27986
28009
28022
28025
28028
28034
28048
28054
28056
28069
28083
28090
28093
28112
28125
28130
28133
28138
28142
28166
28181
28186
28187
28189
28190
28204
28205
28222
28227
28285
28289
28307
28332
28337
28347
28359
28381
28397
28405
28419
28428
28435
28439
28441
28442
28469
28490
28494
28498
28511
28516
28518
28518
28525
28541
28552
28566
28571
28580
28597
28619
28631
28635
28635
28646
28668
28695
28696
28696
28716
28718
28727
28735
28736
28742
28743
28758
28760
28763
28772
28780
28789
28804
28813
28835
28843
28863
28881
28902
28913
28920
28934
28940
28951
28989
28993
29000
29002
29004
29016
29017
29023
29028
29029
29035
29039
29061
29087
29107
29130
29133
29143
29146
29147
29159
29176
29200
29207
29235
29239
29249
29250
29251
29262
29264
29269
29270
29271
29272
29284
29285
29294
29302
29336
29340
29350
29354
29368
29371
29371
29380
29391
29394
29408
29410
29410
29428
29445
29446
29449
29473
29482
29487
29488
29492
29494
29500
29500
29518
29523
29561
29570
29576
29577
29596
29616
29625
29633
29645
29647
29648
29648
29650
29659
29663
29672
29695
29695
29717
29718
29728
29729
29730
29740
29741
29741
29753
29754
29769
29779
29783
29787
29792
29801
29808
29817
29838
29839
29856
29857
29870
29878
29887
29887
29912
29918
29937
29944
29946
29952
29954
29959
29969
29970
29972
29984
29986
29993
29995
29998
30008
30019
30030
30031
30055
30058
30068
30079
30081
30095
30096
30103
30111
30117
30120
30123
30156
30166
30170
30188
30197
30208
30225
30232
30240
30241
30241
30243
30256
30259
30265
30301
30308
30312
30318
30324
30328
30347
30351
30357
30360
30363
30371
30371
30383
30395
30401
30402
30422
30448
30448
30450
30453
30454
30462
30469
30474
30475
30478
30491
30516
30536
30559
30561
30568
30579
30585
30615
30625
30629
30638
30645
30647
30660
30676
30711
30718
30719
30729
30734
30738
30746
30748
30749
30749
30764
30766
30785
30797
30797
30809
30814
30817
30819
30829
30840
30848
30850
30851
30852
30860
30886
30886
30893
30904
30915
30922
30942
30943
30946
30949
30958
30966
30979
30979
30994
31005
31006
31009
31029
31032
31032
31034
31042
31046
31060
31063
31071
31071
31072
31081
31090
31102
31108
31129
31145
31156
31159
31164
31167
31190
31193
31198
31206
31239
31271
31282
31284
31289
31296
31303
31317
31322
31335
31347
31349
31352
31355
31357
31376
31377
31394
31401
31402
31405
31418
31426
31434
31437
31452
31460
31493
31495
31508
31514
31517
31518
31522
31545
31552
31553
31554
31555
31555
31566
31567
31573
31575
31592
31615
31618
31626
31636
31640
31640
31640
31648
31651
31653
31659
31684
31688
31705
31708
31711
31715
31717
31719
31731
31731
31744
31754
31762
31764
31768
31772
31786
31790
31818
31835
31836
31837
31843
31868
31874
31879
31889
31900
31907
31907
31918
31926
31931
31941
31943
31955
31956
31959
31961
31964
31967
31976
31988
31988
31991
31999
32012
32016
32018
32019
32031
32032
32055
32066
32093
32102
32102
32108
32115
32115
32120
32120
32122
32124
32129
32152
32162
32164
32167
32172
32183
32191
32192
32202
32216
32220
32225
32227
32234
32235
32237
32252
32259
32275
32286
32299
32320
32321
32322
32327
32331
32346
32348
32358
32361
32375
32382
32389
32390
32397
32398
32399
32399
32407
32413
32428
32429
32445
32456
32467
32474
32495
32504
32515
32527
32528
32544
32552
32553
32556
32557
32567
32570
32575
32580
32582
32588
32607
32610
32611
32616
32630
32640
32652
32654
32706
32709
32716
32730
32737
32759
32759
32768
32772
32782
32786
32788
32808
32808
32808
32819
32823
32829
32836
32853
32856
32881
32913
32913
32923
32946
32977
32980
32990
32993
32996
32997
33004
33013
33019
33020
33029
33044
33046
33065
33077
33094
33095
33100
33104
33110
33111
33135
33138
33186
33196
33213
33215
33226
33239
33259
33294
33328
33328
33338
33342
33347
33347
33354
33360
33364
33372
33376
33377
33380
33381
33385
33388
33389
33398
33402
33402
33405
33417
33432
33439
33448
33454
33470
33473
33484
33494
33505
33509
33521
33523
33528
33543
33555
33557
33601
33606
33641
33679
33684
33690
33690
33702
33708
33726
33755
33767
33773
33774
33778
33796
33808
33824
33838
33859
33893
33958
33981
33982
34014
34015
34024
34025
34058
34059
34062
34068
34079
34098
34107
34124
34125
34131
34134
34150
34154
34161
34167
34171
34204
34218
34247
34254
34260
34281
34282
34298
34315
34335
34343
34346
34357
34364
34390
34404
34411
34412
34424
34445
34445
34448
34449
34470
34486
34487
34490
34507
34508
34516
34533
34542
34543
34546
34551
34555
34562
34582
34583
34585
34600
34619
34627
34634
34638
34684
34702
34702
34704
34719
34719
34738
34749
34752
34754
34837
34854
34901
34913
34916
34943
34944
34956
34977
34977
34989
34990
34991
35000
35005
35017
35026
35039
35058
35070
35072
35076
35094
35106
35113
35127
35134
35154
35160
35171
35181
35194
35205
35210
35233
35235
35246
35251
35268
35272
35291
35292
35294
35299
35327
35350
35361
35364
35410
35419
35423
35441
35444
35461
35476
35498
35498
35507
35523
35533
35533
35545
35601
35603
35615
35619
35626
35638
35658
35680
35686
35690
35696
35701
35716
35719
35719
35722
35723
35788
35794
35811
35811
35840
35865
35886
35921
35934
35938
35960
35980
35984
36006
36011
36013
36020
36031
36050
36052
36056
36058
36081
36128
36145
36162
36165
36192
36198
36208
36229
36253
36254
36289
36306
36318
36333
36347
36358
36384
36386
36418
36427
36433
36437
36438
36476
36480
36487
36490
36494
36495
36515
36528
36547
36563
36566
36572
36598
36598
36642
36644
36648
36657
36657
36663
36681
36692
36719
36747
36747
36753
36762
36762
36767
36794
36797
36801
36829
36833
36835
36870
36920
36921
36923
36927
36931
36931
36939
36943
36948
36974
36982
36983
36991
37014
37044
37044
37057
37086
37100
37103
37113
37134
37167
37169
37174
37182
37198
37201
37202
37208
37259
37274
37281
37291
37308
37313
37319
37335
37348
37360
37367
37374
37437
37445
37451
37456
37463
37488
37494
37497
37507
37520
37527
37559
37567
37581
37583
37586
37602
37603
37604
37605
37618
37619
37626
37636
37643
37645
37646
37646
37651
37653
37665
37698
37713
37716
37717
37722
37733
37766
37777
37810
37832
37846
37887
37898
37911
37912
37921
37947
37957
37971
37976
37990
38026
38037
38042
38050
38053
38079
38088
38088
38098
38106
38109
38120
38136
38155
38157
38165
38176
38180
38186
38200
38221
38242
38316
38328
38350
38357
38382
38386
38393
38401
38421
38510
38514
38522
38525
38584
38598
38613
38613
38621
38622
38630
38634
38645
38649
38651
38667
38687
38704
38704
38710
38714
38722
38727
38729
38758
38784
38786
38787
38806
38811
38822
38839
38849
38853
38858
38858
38862
38868
38888
38898
38900
38935
38938
38953
38977
38986
38998
39001
39037
39057
39070
39081
39100
39101
39120
39128
39142
39145
39146
39154
39166
39168
39176
39186
39187
39192
39200
39204
39207
39209
39238
39240
39275
39279
39286
39289
39293
39294
39295
39305
39316
39321
39338
39339
39365
39376
39380
39410
39421
39423
39433
39457
39474
39480
39512
39512
39513
39519
39522
39530
39546
39546
39554
39574
39576
39590
39623
39654
39686
39690
39693
39696
39699
39703
39711
39716
39722
39723
39727
39737
39745
39749
39750
39769
39773
39777
39787
39803
39818
39821
39842
39848
39854
39868
39895
39903
39910
39916
39922
39932
39948
39949
39954
39967
39981
39991
40000
40016
40020
40024
40032
40042
40043
40044
40048
40056
40071
40078
40085
40085
40098
40105
40146
40149
40154
40157
40165
40179
40186
40192
40199
40206
40214
40231
40258
40262
40282
40306
40338
40358
40372
40379
40384
40388
40391
40394
40406
40417
40430
40446
40450
40453
40455
40472
40476
40490
40494
40502
40508
40531
40549
40559
40563
40566
40573
40583
40585
40591
40596
40601
40604
40612
40613
40617
40620
40621
40631
40634
40643
40662
40663
40663
40667
40683
40689
40696
40697
40706
40706
40708
40723
40733
40802
40819
40830
40853
40871
40917
40960
40964
40975
40986
40991
41013
41032
41052
41069
41083
41093
41094
41103
41109
41135
41157
41171
41179
41192
41213
41216
41241
41254
41275
41285
41300
41305
41310
41321
41323
41323
41329
41335
41342
41358
41379
41381
41388
41406
41406
41408
41412
41429
41439
41465
41466
41472
41473
41486
41488
41489
41496
41531
41545
41546
41547
41566
41573
41574
41576
41578
41601
41605
41605
41611
41612
41614
41626
41633
41634
41636
41637
41665
41677
41685
41698
41716
41716
41724
41726
41745
41751
41768
41773
41773
41791
41793
41808
41811
41812
41815
41832
41836
41843
41851
41856
41858
41863
41891
41902
41911
41922
41946
41972
41983
41985
42023
42030
42036
42047
42048
42052
42055
42060
42071
42074
42089
42103
42106
42122
42141
42154
42156
42158
42161
42173
42187
42202
42205
42210
42238
42268
42270
42273
42278
42289
42294
42299
42309
42318
42325
42335
42335
42347
42381
42387
42417
42426
42435
42447
42452
42456
42464
42464
42467
42476
42494
42498
42499
42501
42513
42514
42516
42529
42538
42545
42565
42574
42588
42595
42600
42611
42611
42617
42619
42631
42645
42648
42650
42659
42667
42674
42689
42699
42700
42720
42721
42734
42735
42737
42742
42751
42753
42775
42799
42806
42809
42811
42811
42830
42833
42845
42849
42868
42869
42881
42894
42906
42910
42918
42926
42929
42930
42930
42940
42950
42956
42972
42976
42978
42987
43014
43016
43031
43040
43051
43052
43053
43056
43060
43062
43064
43080
43084
43086
43086
43093
43094
43095
43101
43105
43115
43137
43147
43151
43164
43170
43172
43186
43190
43193
43197
43199
43207
43218
43229
43241
43243
43268
43283
43292
43293
43297
43314
43315
43335
43341
43344
43352
43352
43366
43367
43375
43377
43382
43385
43390
43393
43397
43397
43437
43438
43438
43452
43461
43462
43462
43488
43492
43502
43506
43511
43514
43517
43529
43534
43542
43569
43573
43575
43576
43591
43605
43623
43631
43635
43664
43665
43667
43686
43691
43700
43713
43721
43728
43737
43743
43746
43759
43771
43776
43783
43814
43822
43826
43846
43867
43875
43880
43898
43899
43900
43902
43906
43909
43925
43935
43960
43986
43997
44017
44021
44038
44057
44063
44066
44071
44073
44081
44091
44093
44093
44097
44114
44118
44123
44133
44135
44138
44152
44156
44159
44161
44191
44196
44202
44203
44206
44218
44225
44232
44235
44237
44274
44278
44278
44309
44328
44331
44336
44394
44406
44410
44412
44412
44432
44436
44444
44454
44454
44455
44460
44464
44468
44477
44485
44491
44492
44493
44504
44543
44557
44562
44567
44567
44571
44576
44599
44606
44623
44630
44637
44645
44645
44662
44669
44676
44677
44683
44685
44686
44691
44699
44704
44705
44709
44713
44727
44730
44734
44737
44752
44784
44785
44788
44791
44795
44801
44801
44827
44829
44833
44854
44885
44886
44895
44904
44904
44911
44914
44914
44919
44927
44937
44939
44966
44981
44990
45005
45015
45015
45017
45020
45034
45035
45040
45049
45056
45058
45059
45067
45075
45081
45103
45108
45118
45120
45122
45122
45125
45144
45151
45169
45176
45181
45195
45198
45209
45237
45249
45254
45266
45279
45285
45292
45295
45296
45316
45335
45350
45380
45381
45390
45401
45406
45435
45438
45439
45450
45453
45454
45454
45461
45484
45487
45502
45503
45543
45546
45563
45584
45586
45589
45590
45597
45598
45601
45604
45616
45617
45620
45623
45645
45646
45662
45670
45685
45693
45694
45703
45703
45715
45736
45767
45769
45771
45773
45774
45779
45790
45805
45819
45822
45829
45830
45834
45845
45856
45858
45870
45895
45905
45916
45917
45922
45927
45934
45936
45946
45961
45975
45987
46011
46029
46031
46036
46053
46057
46059
46060
46072
46075
46075
46090
46091
46113
46118
46121
46129
46130
46136
46138
46154
46159
46184
46193
46214
46214
46222
46227
46235
46237
46237
46240
46243
46245
46253
46253
46255
46280
46286
46295
46299
46299
46302
46324
46325
46331
46334
46350
46364
46377
46397
46410
46410
46425
46432
46434
46439
46446
46453
46457
46458
46468
46480
46483
46492
46506
46512
46514
46517
46521
46531
46546
46547
46560
46562
46565
46579
46584
46589
46590
46595
46614
46617
46643
46650
46655
46655
46660
46664
46681
46686
46693
46702
46707
46712
46716
46716
46723
46749
46756
46757
46766
46775
46780
46800
46805
46812
46814
46820
46832
46837
46846
46868
46872
46877
46878
46886
46892
46896
46897
46901
46904
46905
46908
46919
46919
46925
46929
46932
46934
46935
46941
46942
46944
46947
46956
46967
46977
46980
46986
47003
47011
47012
47017
47025
47035
47049
47050
47052
47055
47067
47096
47099
47108
47115
47118
47123
47126
47142
47156
47159
47166
47177
47179
47190
47193
47196
47209
47217
47220
47242
47246
47248
47251
47258
47302
47304
47306
47324
47328
47331
47333
47335
47338
47352
47359
47359
47359
47371
47376
47379
47390
47392
47395
47400
47407
47410
47414
47419
47442
47443
47443
47449
47461
47463
47485
47486
47488
47503
47503
47504
47511
47512
47520
47537
47548
47554
47556
47579
47615
47615
47620
47621
47623
47638
47645
47653
47670
47674
47682
47688
47688
47697
47701
47702
47713
47718
47720
47723
47732
47744
47749
47764
47773
47773
47779
47781
47794
47797
47807
47808
47811
47815
47821
47822
47838
47854
47858
47859
47860
47865
47867
47887
47890
47904
47925
47929
47932
47941
47942
47946
47953
47959
47960
47977
47978
47993
47995
47996
48000
48017
48019
48025
48033
48039
48049
48054
48067
48074
48075
48076
48081
48084
48091
48094
48107
48128
48142
48144
48161
48164
48194
48198
48220
48232
48236
48237
48242
48243
48249
48255
48268
48268
48274
48279
48284
48295
48304
48314
48323
48323
48326
48332
48346
48347
48349
48350
48357
48359
48375
48387
48390
48396
48405
48409
48430
48444
48460
48466
48469
48483
48498
48507
48511
48514
48518
48544
48547
48548
48568
48572
48574
48577
48584
48587
48587
48594
48595
48596
48598
48601
48603
48605
48606
48607
48613
48628
48634
48659
48664
48670
48672
48672
48674
48680
48684
48689
48691
48697
48702
48707
48721
48724
48729
48734
48735
48737
48737
48782
48802
48802
48805
48805
48807
48813
48815
48816
48823
48850
48865
48869
48870
48876
48889
48899
48903
48918
48920
48937
48947
48966
48966
48967
48968
48970
48973
48999
49012
49021
49033
49041
49044
49049
49071
49071
49081
49123
49124
49129
49134
49142
49145
49147
49152
49153
49169
49170
49175
49177
49183
49185
49188
49189
49195
49207
49227
49232
49240
49246
49248
49252
49259
49267
49267
49267
49267
49268
49274
49280
49280
49284
49291
49295
49311
49325
49330
49338
49340
49351
49376
49379
49383
49389
49397
49400
49402
49406
49410
49427
49432
49437
49441
49473
49476
49497
49514
49543
49545
49550
49554
49565
49572
49585
49604
49605
49612
49612
49613
49637
49666
49672
49674
49677
49681
49688
49694
49695
49695
49696
49717
49721
49725
49728
49747
49754
49755
49762
49767
49777
49780
49781
49790
49793
49794
49794
49813
49816
49822
49822
49828
49831
49836
49841
49851
49871
49880
49882
49885
49886
49889
49899
49911
49914
49942
49947
49976
49979
49982
49994
49996
50002
50006
50007
50014
50015
50026
50029
50040
50043
50057
50080
50081
50084
50094
50098
50102
50107
50122
50130
50130
50159
50161
50170
50172
50180
50190
50203
50216
50216
50219
50232
50237
50241
50255
50257
50259
50278
50279
50286
50307
50316
50324
50334
50343
50346
50346
50349
50354
50359
50371
50374
50386
50387
50396
50402
50403
50425
50432
50440
50443
50493
50500
50514
50531
50533
50538
50571
50576
50591
50594
50602
50606
50628
50661
50663
50664
50707
50725
50738
50738
50745
50746
50760
50771
50780
50781
50783
50785
50788
50809
50819
50833
50847
50852
50865
50876
50890
50924
50933
50936
50938
50945
50952
50965
50976
50999
51004
51010
51019
51020
51030
51036
51040
51041
51048
51049
51054
51054
51055
51066
51066
51072
51076
51095
51098
51108
51117
51118
51136
51137
51147
51155
51159
51159
51161
51176
51192
51199
51202
51217
51225
51229
51238
51242
51273
51275
51304
51310
51317
51326
51334
51338
51349
51361
51364
51371
51379
51389
51392
51406
51414
51423
51432
51438
51442
51456
51467
51477
51479
51484
51490
51491
51493
51501
51516
51520
51521
51539
51546
51551
51560
51563
51564
51573
51612
51628
51630
51633
51634
51636
51638
51643
51666
51667
51675
51689
51692
51694
51695
51696
51704
51717
51722
51722
51729
51736
51742
51748
51752
51768
51769
51771
51779
51784
51790
51802
51803
51805
51812
51820
51823
51827
51835
51838
51858
51861
51872
51875
51876
51877
51880
51880
51888
51901
51901
51913
51916
51922
51931
51939
51941
51949
51950
51953
51973
51973
51974
51988
51988
51991
52004
52016
52030
52030
52048
52049
52049
52051
52053
52071
52076
52080
52083
52084
52109
52112
52115
52124
52128
52131
52145
52151
52159
52160
52161
52184
52205
52209
52218
52221
52223
52232
52247
52250
52252
52252
52259
52262
52274
52276
52283
52297
52300
52300
52306
52310
52316
52330
52330
52333
52333
52339
52363
52375
52378
52378
52389
52391
52394
52394
52412
52426
52431
52440
52440
52445
52447
52450
52450
52458
52462
52470
52471
52492
52498
52514
52533
52560
52567
52579
52599
52600
52602
52607
52638
52658
52659
52665
52667
52677
52690
52700
52710
52713
52716
52730
52731
52741
52748
52750
52779
52780
52783
52787
52795
52796
52812
52814
52819
52832
52835
52851
52866
52874
52878
52885
52896
52910
52913
52919
52923
52927
52931
52932
52934
52935
52943
52944
52945
52967
52973
52976
52976
52977
52987
52995
53004
53006
53022
53025
53025
53035
53051
53052
53052
53057
53066
53079
53081
53105
53106
53118
53136
53138
53139
53147
53147
53158
53158
53160
53182
53215
53218
53222
53227
53229
53233
53239
53240
53241
53248
53259
53270
53281
53281
53284
53295
53305
53315
53323
53323
53329
53334
53334
53338
53346
53360
53370
53371
53378
53378
53383
53385
53395
53400
53412
53418
53426
53427
53427
53444
53447
53460
53461
53475
53485
53487
53491
53492
53513
53524
53534
53539
53539
53554
53559
53559
53585
53592
53593
53598
53602
53602
53602
53614
53616
53618
53623
53623
53630
53658
53664
53665
53673
53677
53683
53683
53698
53708
53713
53724
53727
53730
53738
53746
53780
53794
53797
53801
53802
53804
53808
53810
53823
53824
53837
53848
53849
53861
53866
53887
53888
53917
53944
53946
53951
53979
53983
53990
53997
54003
54009
54011
54017
54029
54040
54041
54042
54052
54056
54058
54093
54095
54095
54104
54106
54116
54120
54137
54150
54153
54159
54159
54162
54167
54174
54184
54184
54187
54188
54188
54192
54193
54203
54203
54214
54224
54229
54239
54240
54246
54252
54258
54267
54282
54288
54305
54307
54315
54322
54334
54346
54350
54374
54379
54387
54401
54405
54407
54413
54418
54419
54430
54432
54432
54451
54455
54495
54499
54502
54506
54508
54530
54535
54537
54539
54539
54559
54561
54563
54566
54584
54590
54598
54602
54618
54630
54632
54635
54639
54641
54647
54655
54673
54678
54693
54702
54703
54706
54710
54711
54722
54726
54732
54739
54742
54747
54754
54754
54768
54775
54788
54792
54799
54806
54808
54828
54833
54835
54836
54847
54864
54871
54877
54901
54904
54915
54936
54948
54953
54984
54988
55011
55023
55026
55028
55040
55050
55051
55054
55075
55099
55108
55110
55115
55116
55123
55135
55152
55176
55179
55182
55183
55188
55192
55198
55201
55202
55204
55208
55215
55217
55221
55221
55225
55235
55263
55266
55279
55290
55292
55292
55293
55304
55312
55322
55322
55363
55374
55375
55382
55388
55389
55394
55397
55412
55421
55424
55434
55436
55445
55446
55449
55461
55462
55463
55467
55476
55489
55491
55491
55499
55504
55508
55514
55529
55552
55553
55564
55565
55572
55576
55583
55588
55591
55599
55599
55602
55610
55611
55612
55619
55620
55647
55651
55656
55657
55658
55661
55676
55684
55706
55710
55717
55721
55734
55743
55747
55750
55750
55757
55762
55763
55768
55769
55805
55807
55816
55817
55817
55826
55841
55842
55849
55854
55858
55882
55882
55885
55889
55898
55905
55911
55917
55936
55940
55946
55946
55946
55956
55964
55983
55984
55991
55995
56000
56003
56043
56049
56053
56060
56060
56061
56063
56063
56065
56082
56083
56110
56118
56144
56149
56159
56163
56177
56191
56205
56207
56211
56219
56221
56221
56229
56237
56243
56249
56250
56256
56261
56282
56282
56287
56292
56316
56322
56330
56344
56353
56369
56374
56391
56402
56402
56412
56414
56428
56441
56447
56452
56453
56454
56459
56461
56475
56480
56498
56498
56511
56516
56522
56528
56535
56545
56565
56565
56574
56578
56589
56591
56598
56601
56602
56606
56621
56628
56628
56637
56641
56647
56647
56649
56660
56679
56679
56685
56689
56702
56705
56718
56719
56724
56728
56729
56734
56736
56748
56760
56768
56777
56784
56785
56791
56794
56806
56808
56809
56812
56815
56845
56850
56858
56861
56863
56870
56873
56878
56878
56879
56879
56881
56893
56893
56899
56900
56920
56952
56953
56969
56976
56981
56992
56993
56999
57001
57004
57011
57024
57027
57053
57059
57061
57063
57066
57069
57075
57082
57094
57106
57107
57109
57111
57121
57134
57135
57141
57152
57156
57168
57187
57196
57217
57223
57227
57227
57230
57243
57255
57257
57258
57262
57267
57281
57286
57288
57289
57291
57293
57319
57326
57332
57335
57351
57358
57361
57371
57375
57388
57416
57421
57426
57437
57450
57454
57457
57461
57475
57476
57476
57479
57481
57490
57493
57501
57528
57529
57535
57542
57544
57566
57567
57594
57596
57604
57615
57624
57629
57630
57638
57643
57649
57671
57676
57711
57712
57714
57717
57722
57727
57746
57750
57752
57773
57786
57789
57792
57802
57826
57839
57839
57862
57865
57876
57879
57885
57898
57911
57913
57926
57935
57940
57949
57952
57954
57975
57982
57988
57997
58021
58027
58028
58043
58048
58067
58078
58082
58083
58087
58089
58097
58104
58106
58109
58118
58146
58152
58156
58157
58167
58185
58189
58199
58201
58210
58211
58235
58245
58247
58254
58279
58286
58294
58301
58305
58308
58310
58312
58315
58328
58329
58336
58352
58355
58355
58378
58384
58402
58413
58415
58415
58420
58440
58445
58450
58454
58467
58468
58474
58478
58489
58501
58504
58512
58512
58515
58517
58530
58533
58535
58554
58572
58585
58608
58611
58619
58628
58634
58638
58651
58669
58670
58676
58676
58677
58695
58700
58722
58727
58738
58742
58746
58790
58811
58811
58813
58833
58834
58845
58862
58877
58891
58892
58903
58904
58916
58938
58946
58948
58953
58961
58966
58976
58978
58983
58992
58993
59002
59005
59017
59021
59028
59040
59044
59048
59049
59057
59067
59083
59084
59102
59102
59103
59111
59112
59121
59129
59149
59153
59158
59168
59174
59186
59188
59193
59194
59198
59202
59209
59217
59218
59221
59229
59231
59233
59237
59244
59268
59282
59324
59331
59342
59348
59358
59360
59366
59373
59386
59387
59390
59392
59400
59428
59429
59440
59447
59466
59478
59504
59506
59513
59521
59525
59526
59568
59572
59578
59584
59593
59594
59600
59612
59620
59641
59647
59653
59654
59663
59670
59676
59680
59683
59689
59694
59699
59711
59721
59724
59728
59731
59737
59738
59739
59745
59747
59755
59757
59760
59761
59767
59768
59771
59775
59786
59800
59802
59808
59811
59822
59831
59840
59857
59860
59864
59866
59895
59910
59911
59920
59921
59925
59926
59943
59944
59948
59968
59970
59975
59989
59995
60002
60010
60011
60014
60014
60023
60024
60027
60030
60032
60032
60056
60061
60067
60072
60082
60087
60094
60115
60117
60117
60121
60134
60141
60144
60149
60154
60157
60166
60179
60182
60204
60211
60212
60221
60237
60246
60247
60253
60255
60262
60266
60275
60280
60297
60302
60312
60315
60315
60320
60336
60347
60351
60368
60372
60373
60378
60380
60397
60411
60417
60427
60435
60443
60445
60446
60447
60465
60479
60481
60485
60516
60518
60530
60533
60554
60557
60580
60597
60602
60610
60614
60630
60630
60637
60660
60667
60679
60683
60691
60710
60717
60721
60727
60728
60737
60738
60756
60772
60779
60783
60799
60799
60801
60804
60814
60824
60829
60832
60848
60848
60855
60858
60862
60865
60877
60882
60882
60887
60889
60903
60906
60914
60917
60962
60962
60980
60989
60995
61004
61016
61026
61039
61069
61071
61075
61079
61091
61100
61110
61124
61130
61136
61166
61170
61173
61174
61181
61200
61213
61221
61229
61234
61270
61270
61307
61317
61323
61325
61339
61339
61341
61366
61372
61392
61393
61397
61398
61399
61402
61404
61406
61443
61445
61457
61460
61467
61475
61487
61504
61505
61507
61512
61514
61524
61527
61529
61548
61555
61580
61582
61587
61601
61607
61607
61611
61619
61631
61637
61643
61644
61651
61656
61661
61667
61674
61677
61677
61688
61692
61695
61716
61721
61721
61724
61740
61742
61745
61757
61763
61801
61810
61812
61830
61836
61846
61860
61861
61878
61882
61883
61900
61922
61936
61936
61942
61957
61962
61974
61986
61990
62002
62005
62009
62014
62024
62024
62033
62048
62048
62053
62054
62059
62066
62105
62109
62111
62132
62137
62158
62162
62162
62165
62170
62174
62174
62176
62220
62234
62236
62258
62266
62266
62268
62277
62286
62294
62297
62299
62304
62310
62311
62316
62336
62337
62354
62357
62365
62376
62379
62379
62383
62392
62409
62416
62419
62424
62428
62433
62442
62445
62458
62476
62481
62487
62498
62513
62514
62530
62532
62543
62546
62550
62551
62551
62581
62591
62624
62627
62650
62652
62667
62674
62677
62696
62707
62711
62712
62716
62719
62725
62741
62741
62746
62751
62756
62770
62783
62783
62787
62793
62795
62815
62817
62823
62828
62831
62831
62841
62848
62860
62869
62887
62892
62894
62900
62903
62904
62906
62916
62916
62918
62927
62950
62955
62957
62958
62984
62989
62992
62995
62999
63005
63011
63016
63024
63031
63046
63046
63047
63058
63062
63062
63063
63063
63069
63074
63080
63083
63083
63115
63123
63175
63184
63201
63211
63227
63274
63278
63279
63291
63327
63328
63330
63331
63353
63358
63361
63365
63365
63368
63372
63378
63378
63380
63382
63401
63406
63417
63429
63432
63464
63467
63473
63483
63491
63501
63507
63518
63526
63545
63546
63564
63582
63599
63600
63613
63620
63628
63636
63637
63638
63639
63645
63655
63661
63665
63668
63672
63675
63680
63685
63686
63689
63697
63713
63715
63716
63718
63719
63721
63726
63730
63731
63731
63742
63743
63762
63777
63804
63806
63807
63809
63818
63822
63825
63834
63843
63847
63847
63853
63877
63888
63891
63893
63922
63930
63963
63983
63985
63985
63995
63998
64003
64003
64010
64027
64032
64037
64055
64061
64079
64079
64082
64088
64090
64094
64104
64105
64121
64122
64127
64132
64135
64157
64158
64162
64165
64167
64188
64194
64199
64201
64216
64221
64222
64228
64239
64241
64243
64249
64250
64269
64271
64277
64282
64283
64289
64316
64316
64322
64322
64330
64349
64361
64371
64373
64391
64394
64400
64403
64425
64432
64443
64480
64489
64498
64500
64505
64507
64509
64513
64538
64542
64548
64556
64559
64571
64577
64598
64599
64619
64623
64636
64649
64682
64683
64688
64704
64704
64727
64771
64772
64782
64791
64792
64798
64849
64852
64857
64860
64869
64879
64888
64904
64924
64940
64946
64947
64971
64974
64979
64993
64993
65002
65024
65032
65056
65071
65081
65100
65107
65127
65134
65142
65152
65161
65167
65168
65170
65180
65186
65197
65211
65219
65220
65225
65230
65241
65243
65251
65272
65291
65296
65302
65304
65333
65340
65341
65354
65358
65370
65377
65389
65390
65391
65408
65408
65411
65413
65415
65420
65427
65435
65439
65445
65467
65500
65518
65520
65545
65549
65555
65557
65572
65577
65579
65580
65589
65591
65611
65613
65640
65649
65656
65662
65665
65665
65693
65705
65747
65763
65771
65771
65797
65820
65822
65833
65837
65840
65844
65928
65930
65932
65973
65974
65977
65980
66008
66017
66017
66038
66044
66071
66074
66084
66087
66093
66102
66138
66140
66159
66161
66165
66179
66190
66199
66211
66225
66254
66262
66272
66280
66280
66281
66302
66343
66344
66347
66350
66352
66362
66373
66377
66408
66415
66419
66426
66427
66433
66448
66452
66461
66466
66486
66490
66493
66521
66530
66543
66545
66571
66577
66589
66590
66593
66595
66604
66620
66634
66647
66648
66672
66680
66680
66682
66684
66688
66692
66692
66700
66700
66711
66717
66721
66722
66761
66765
66773
66785
66785
66791
66798
66801
66804
66807
66808
66820
66826
66833
66844
66852
66864
66868
66881
66884
66885
66889
66892
66912
66923
66930
66931
66942
66946
66960
66964
67004
67006
67016
67022
67024
67033
67046
67051
67056
67070
67078
67094
67095
67100
67116
67118
67121
67121
67129
67140
67146
67149
67149
67163
67165
67174
67182
67218
67230
67230
67233
67255
67269
67271
67276
67284
67286
67288
67302
67302
67309
67342
67362
67365
67367
67368
67368
67376
67379
67383
67384
67401
67406
67419
67420
67433
67434
67450
67451
67460
67471
67473
67491
67507
67518
67525
67539
67560
67561
67561
67577
67578
67580
67581
67582
67582
67593
67594
67599
67600
67610
67612
67619
67625
67626
67641
67655
67656
67664
67683
67687
67688
67707
67708
67720
67725
67727
67735
67736
67747
67759
67760
67768
67779
67787
67789
67792
67804
67809
67813
67818
67836
67855
67868
67896
67902
67903
67905
67908
67909
67922
67925
67943
67964
67965
67968
67982
67986
67991
67995
68004
68013
68021
68030
68032
68047
68047
68055
68061
68063
68069
68077
68092
68094
68101
68109
68114
68127
68129
68138
68144
68144
68146
68147
68161
68169
68171
68178
68192
68202
68204
68215
68215
68231
68235
68257
68264
68265
68277
68280
68281
68286
68314
68325
68326
68332
68333
68333
68338
68340
68366
68367
68368
68374
68379
68393
68396
68399
68408
68416
68418
68426
68433
68451
68459
68487
68505
68507
68513
68523
68530
68533
68535
68538
68543
68545
68554
68567
68572
68579
68597
68613
68624
68627
68630
68637
68648
68649
68650
68653
68654
68658
68660
68664
68675
68713
68713
68719
68729
68731
68736
68740
68749
68777
68790
68792
68799
68804
68816
68828
68855
68857
68872
68876
68883
68883
68885
68885
68892
68893
68897
68903
68916
68919
68938
68949
68951
68952
68956
68961
68970
68985
69003
69007
69013
69018
69019
69020
69033
69044
69068
69069
69070
69082
69088
69089
69094
69102
69103
69113
69114
69127
69146
69149
69157
69190
69191
69193
69195
69195
69197
69201
69215
69223
69241
69243
69246
69254
69254
69255
69269
69270
69276
69285
69294
69304
69305
69333
69334
69347
69352
69357
69360
69373
69376
69380
69386
69392
69406
69409
69410
69422
69430
69433
69435
69450
69450
69451
69451
69457
69462
69466
69484
69488
69495
69497
69505
69512
69512
69524
69533
69534
69536
69540
69541
69547
69549
69551
69552
69557
69565
69572
69574
69577
69581
69585
69603
69621
69622
69636
69636
69637
69638
69644
69644
69667
69673
69675
69683
69705
69711
69715
69720
69732
69759
69776
69779
69810
69830
69835
69837
69839
69842
69843
69846
69847
69849
69850
69851
69852
69857
69859
69864
69866
69869
69870
69871
69871
69872
69877
69883
69897
69914
69919
69926
69927
69934
69940
69942
69958
69993
69999
70015
70029
70030
70052
70057
70059
70061
70066
70067
70069
70084
70087
70100
70105
70106
70107
70111
70118
70124
70126
70128
70147
70151
70162
70165
70168
70171
70179
70181
70186
70196
70198
70202
70217
70225
70229
70232
70232
70243
70245
70249
70251
70256
70257
70262
70275
70279
70287
70289
70292
70295
70300
70320
70327
70331
70333
70333
70347
70355
70357
70359
70371
70376
70413
70415
70421
70429
70446
70453
70483
70501
70513
70522
70524
70533
70540
70542
70544
70547
70552
70559
70559
70565
70567
70568
70575
70584
70595
70606
70611
70614
70623
70633
70636
70651
70661
70664
70665
70666
70670
70670
70670
70671
70674
70676
70677
70691
70692
70703
70716
70730
70731
70746
70753
70753
70755
70805
70811
70817
70834
70836
70851
70867
70867
70868
70891
70895
70902
70904
70906
70918
70918
70924
70933
70935
70938
70941
70952
70976
70977
70983
70989
70991
71000
71005
71010
71011
71030
71042
71046
71051
71065
71067
71073
71074
71075
71082
71084
71084
71085
71094
71113
71121
71125
71128
71135
71138
71148
71148
71154
71160
71160
71174
71194
71194
71197
71224
71243
71251
71253
71254
71262
71269
71283
71291
71295
71309
71317
71332
71340
71347
71352
71358
71359
71363
71364
71368
71390
71396
71417
71432
71442
71470
71477
71495
71507
71520
71523
71527
71536
71586
71610
71610
71612
71613
71624
71633
71636
71637
71650
71650
71689
71690
71706
71711
71714
71718
71729
71729
71760
71765
71783
71787
71807
71825
71836
71839
71860
71864
71868
71886
71889
71905
71926
71941
71960
71969
71980
71987
72028
72064
72089
72094
72118
72130
72141
72148
72150
72163
72164
72173
72175
72175
72180
72226
72257
72259
72272
72275
72295
72307
72317
72388
72393
72399
72411
72415
72436
72445
72461
72482
72491
72493
72493
72496
72511
72517
72519
72524
72547
72575
72577
72580
72588
72633
72649
72651
72673
72682
72682
72708
72711
72721
72730
72742
72750
72776
72791
72798
72801
72835
72876
72901
72906
72949
72964
72976
72985
72997
73005
73012
73014
73015
73015
73020
73048
73049
73052
73057
73100
73107
73113
73120
73141
73142
73151
73151
73154
73156
73174
73190
73192
73219
73257
73276
73292
73294
73297
73303
73307
73309
73317
73323
73325
73341
73346
73353
73354
73380
73385
73388
73396
73397
73400
73404
73409
73419
73421
73429
73452
73455
73455
73458
73459
73475
73491
73491
73496
73509
73511
73512
73530
73538
73543
73546
73546
73556
73564
73566
73601
73606
73607
73615
73623
73625
73653
73654
73656
73656
73660
73664
73672
73678
73678
73689
73697
73699
73708
73732
73733
73743
73753
73759
73780
73790
73793
73794
73803
73804
73818
73821
73823
73828
73830
73835
73840
73848
73865
73873
73878
73887
73924
73926
73928
73936
73940
73956
73971
73978
73981
73981
73982
73995
73996
74002
74006
74007
74023
74035
74046
74049
74057
74068
74091
74091
74096
74104
74105
74113
74114
74122
74124
74130
74139
74143
74147
74148
74163
74179
74191
74207
74207
74216
74222
74228
74234
74240
74240
74247
74250
74256
74259
74277
74284
74285
74295
74299
74328
74335
74342
74346
74370
74373
74389
74398
74403
74409
74416
74420
74430
74440
74442
74457
74466
74472
74472
74485
74487
74501
74501
74509
74523
74523
74524
74524
74531
74547
74567
74569
74571
74571
74572
74590
74602
74611
74613
74614
74614
74624
74646
74650
74651
74654
74661
74674
74677
74690
74691
74699
74702
74704
74709
74743
74743
74759
74763
74779
74781
74782
74793
74796
74801
74803
74816
74828
74828
74839
74840
74844
74868
74872
74872
74877
74884
74888
74890
74908
74917
74919
74929
74949
74953
74981
74985
75011
75012
75016
75018
75023
75047
75058
75069
75075
75076
75077
75078
75095
75096
75100
75105
75105
75105
75106
75117
75127
75129
75135
75145
75150
75154
75165
75177
75184
75192
75194
75194
75197
75199
75201
75206
75218
75225
75229
75242
75242
75244
75248
75250
75257
75273
75286
75288
75289
75291
75300
75304
75319
75323
75344
75345
75355
75356
75362
75366
75373
75397
75398
75414
75417
75430
75435
75440
75441
75451
75473
75519
75532
75536
75538
75539
75567
75572
75580
75584
75586
75591
75591
75604
75613
75621
75621
75625
75629
75637
75638
75638
75644
75645
75660
75666
75669
75670
75671
75679
75686
75697
75698
75703
75703
75709
75719
75722
75726
75742
75744
75753
75758
75765
75783
75785
75797
75822
75838
75842
75847
75851
75856
75865
75875
75876
75886
75890
75920
75935
75936
75943
75945
75948
75950
75954
75960
75961
75962
75969
75971
75990
75994
75995
75996
76007
76013
76022
76053
76055
76070
76078
76079
76100
76104
76108
76119
76122
76128
76144
76144
76152
76170
76175
76176
76192
76193
76201
76202
76218
76221
76229
76234
76237
76241
76244
76267
76274
76277
76297
76312
76324
76329
76339
76340
76351
76351
76351
76393
76402
76428
76436
76439
76456
76460
76467
76471
76472
76504
76510
76513
76519
76520
76528
76529
76538
76545
76551
76552
76555
76565
76582
76585
76585
76594
76598
76599
76609
76610
76614
76617
76618
76618
76621
76626
76629
76635
76635
76642
76642
76653
76664
76671
76701
76703
76708
76710
76717
76718
76721
76733
76734
76745
76747
76758
76760
76780
76783
76790
76800
76802
76810
76816
76823
76824
76826
76833
76841
76854
76869
76872
76874
76893
76893
76905
76905
76906
76925
76927
76938
76940
76942
76947
76958
76963
76967
76977
76980
76990
76996
76998
76999
77006
77031
77033
77038
77049
77055
77067
77069
77071
77073
77086
77091
77102
77105
77107
77107
77112
77114
77122
77138
77145
77156
77156
77160
77185
77189
77191
77217
77219
77227
77231
77239
77245
77246
77248
77251
77258
77261
77271
77281
77287
77291
77295
77302
77310
77311
77318
77320
77334
77340
77344
77374
77376
77379
77409
77414
77433
77446
77448
77451
77456
77482
77487
77488
77494
77504
77505
77516
77528
77537
77540
77542
77548
77555
77562
77566
77570
77574
77578
77584
77597
77613
77620
77632
77639
77651
77657
77668
77671
77683
77698
77700
77710
77733
77736
77739
77743
77743
77757
77758
77765
77765
77774
77778
77779
77780
77782
77785
77790
77802
77821
77829
77840
77856
77872
77885
77897
77917
77921
77930
77939
77944
77945
77972
77974
77978
77984
77988
77992
77998
78010
78016
78020
78042
78054
78055
78059
78065
78067
78098
78111
78113
78116
78121
78124
78131
78136
78140
78141
78148
78152
78171
78174
78182
78183
78184
78186
78191
78200
78202
78213
78214
78219
78223
78224
78231
78239
78243
78261
78264
78273
78318
78325
78327
78328
78328
78330
78336
78340
78341
78352
78354
78361
78361
78381
78390
78396
78403
78418
78419
78423
78427
78438
78440
78443
78475
78477
78480
78480
78483
78483
78492
78493
78494
78497
78500
78518
78523
78541
78553
78558
78558
78565
78568
78578
78589
78592
78600
78608
78616
78626
78629
78632
78646
78649
78653
78680
78682
78693
78708
78712
78712
78732
78736
78737
78758
78760
78778
78827
78831
78832
78842
78856
78871
78875
78880
78881
78901
78904
78905
78913
78913
78924
78962
78970
78979
79017
79020
79033
79033
79042
79043
79047
79048
79051
79090
79097
79113
79115
79129
79130
79134
79136
79149
79150
79156
79161
79161
79185
79186
79198
79204
79204
79216
79218
79232
79232
79236
79239
79239
79243
79251
79267
79280
79281
79283
79283
79296
79296
79305
79308
79323
79327
79335
79345
79349
79354
79356
79368
79372
79382
79397
79400
79402
79425
79428
79428
79429
79446
79473
79481
79482
79488
79489
79495
79504
79529
79532
79538
79558
79562
79565
79581
79585
79588
79590
79593
79602
79621
79636
79642
79703
79705
79711
79717
79724
79746
79768
79776
79802
79804
79806
79823
79828
79831
79836
79838
79839
79848
79858
79865
79895
79900
79910
79916
79930
79958
79962
79964
79969
79975
79977
79979
79990
80000
80007
80011
80015
80028
80030
80030
80037
80048
80048
80062
80062
80068
80068
80071
80072
80075
80078
80078
80087
80122
80128
80133
80148
80151
80151
80157
80158
80161
80164
80164
80165
80174
80175
80178
80195
80197
80209
80215
80225
80238
80241
80258
80261
80266
80283
80285
80287
80287
80290
80322
80351
80356
80357
80360
80366
80370
80383
80412
80413
80414
80416
80428
80452
80453
80454
80456
80459
80475
80476
80483
80483
80527
80529
80530
80536
80537
80540
80542
80553
80558
80566
80577
80583
80591
80591
80598
80613
80634
80635
80643
80646
80649
80650
80656
80659
80660
80663
80704
80708
80721
80737
80749
80754
80759
80774
80780
80780
80785
80806
80821
80823
80827
80830
80853
80877
80886
80896
80897
80907
80949
80964
80972
80975
81004
81005
81012
81017
81024
81029
81038
81046
81051
81062
81074
81076
81085
81121
81122
81125
81128
81128
81133
81133
81159
81159
81167
81169
81188
81193
81219
81224
81238
81238
81244
81255
81258
81266
81284
81291
81292
81297
81302
81311
81312
81315
81316
81333
81349
81353
81353
81357
81360
81368
81371
81386
81405
81408
81437
81449
81451
81461
81463
81465
81468
81483
81485
81512
81518
81522
81531
81531
81551
81553
81558
81561
81564
81568
81579
81600
81617
81617
81629
81633
81641
81645
81653
81661
81667
81672
81678
81682
81682
81687
81689
81724
81727
81733
81735
81751
81758
81760
81763
81767
81773
81785
81791
81803
81810
81810
81814
81816
81818
81822
81833
81837
81841
81848
81849
81850
81850
81860
81863
81867
81885
81888
81890
81891
81897
81915
81918
81923
81930
81931
81933
81947
81950
81957
81969
81970
81970
81974
81978
81979
81989
81993
82004
82006
82008
82012
82019
82023
82050
82053
82074
82081
82081
82083
82084
82095
82098
82105
82109
82111
82135
82144
82156
82164
82173
82174
82180
82187
82232
82240
82245
82248
82269
82270
82276
82278
82278
82278
82284
82285
82285
82295
82302
82315
82324
82335
82337
82367
82381
82392
82406
82407
82411
82413
82414
82432
82439
82440
82444
82457
82466
82469
82470
82471
82478
82485
82495
82496
82496
82504
82504
82519
82536
82538
82544
82545
82562
82576
82591
82608
82611
82613
82627
82632
82635
82650
82652
82662
82667
82689
82691
82693
82703
82714
82717
82723
82724
82739
82751
82774
82775
82777
82787
82790
82800
82811
82819
82824
82830
82848
82854
82855
82857
82878
82883
82883
82896
82900
82903
82913
82913
82922
82928
82930
82938
82949
82951
82954
82957
82958
82979
82993
82998
83016
83026
83026
83035
83047
83049
83052
83070
83080
83088
83094
83098
83105
83107
83121
83122
83128
83130
83151
83152
83157
83159
83162
83164
83165
83180
83184
83194
83210
83218
83226
83230
83234
83235
83238
83264
83272
83274
83293
83323
83328
83338
83348
83362
83386
83389
83409
83418
83425
83427
83433
83434
83436
83440
83450
83452
83455
83456
83460
83461
83466
83473
83477
83483
83494
83498
83503
83510
83512
83512
83526
83545
83546
83552
83558
83569
83582
83589
83592
83593
83596
83600
83602
83604
83614
83640
83641
83648
83658
83659
83666
83667
83679
83691
83695
83696
83697
83714
83722
83725
83729
83738
83743
83757
83768
83789
83795
83804
83807
83816
83816
83817
83820
83825
83849
83855
83858
83864
83866
83873
83876
83883
83888
83897
83899
83899
83909
83921
83923
83924
83924
83940
83941
83954
83973
83989
83993
84013
84015
84019
84043
84057
84057
84061
84061
84062
84068
84100
84110
84119
84123
84134
84136
84149
84169
84175
84178
84184
84189
84190
84213
84235
84235
84236
84247
84247
84249
84253
84258
84258
84270
84278
84294
84298
84306
84307
84309
84327
84332
84339
84344
84351
84352
84362
84381
84385
84397
84405
84430
84435
84442
84443
84456
84458
84460
84461
84462
84470
84474
84487
84490
84531
84532
84540
84542
84542
84565
84588
84592
84603
84608
84616
84626
84630
84665
84665
84672
84673
84677
84681
84684
84689
84699
84705
84706
84713
84717
84725
84740
84743
84754
84755
84779
84786
84811
84828
84829
84872
84872
84875
84903
84911
84914
84930
84930
84942
84942
84948
84953
84953
84974
84978
84981
84988
84996
85003
85011
85012
85016
85023
85026
85028
85045
85047
85049
85050
85052
85084
85086
85106
85113
85125
85146
85152
85162
85171
85180
85182
85182
85186
85198
85204
85212
85214
85217
85231
85241
85249
85259
85268
85270
85271
85297
85299
85310
85318
85319
85320
85332
85332
85334
85335
85345
85352
85355
85375
85389
85392
85405
85408
85409
85422
85427
85432
85432
85437
85440
85454
85458
85468
85469
85500
85502
85505
85508
85529
85530
85535
85536
85538
85539
85548
85552
85559
85567
85579
85586
85606
85608
85612
85620
85624
85630
85635
85638
85638
85651
85655
85671
85674
85679
85702
85708
85712
85739
85740
85751
85772
85773
85776
85796
85799
85809
85810
85818
85819
85826
85832
85833
85848
85851
85857
85860
85864
85865
85875
85876
85885
85890
85904
85909
85917
85936
85945
85946
85949
85951
85956
85972
85980
85982
85993
86008
86013
86014
86019
86020
86022
86026
86037
86055
86058
86061
86086
86095
86097
86107
86123
86129
86133
86139
86148
86154
86164
86166
86194
86204
86209
86216
86225
86226
86232
86240
86240
86246
86250
86252
86260
86262
86262
86263
86266
86267
86280
86301
86301
86309
86324
86327
86327
86328
86329
86335
86347
86348
86358
86370
86375
86377
86382
86383
86395
86398
86399
86405
86410
86445
86449
86449
86471
86474
86501
86504
86509
86509
86516
86517
86520
86528
86534
86541
86548
86553
86557
86567
86578
86585
86586
86591
86596
86603
86615
86622
86627
86644
86645
86649
86661
86682
86690
86705
86735
86738
86747
86747
86748
86752
86760
86766
86767
86778
86782
86782
86799
86803
86807
86825
86835
86838
86856
86870
86880
86884
86885
86887
86895
86896
86902
86912
86914
86933
86944
86948
86958
86968
86977
86981
86992
87000
87000
87017
87022
87026
87027
87036
87036
87042
87060
87075
87082
87091
87094
87102
87109
87120
87123
87125
87125
87135
87139
87159
87168
87177
87179
87192
87198
87222
87253
87258
87262
87272
87273
87309
87316
87318
87319
87330
87332
87344
87359
87361
87362
87385
87388
87389
87390
87400
87405
87412
87416
87437
87445
87448
87467
87468
87481
87509
87510
87511
87531
87534
87535
87565
87568
87585
87589
87592
87606
87611
87624
87635
87646
87646
87690
87695
87696
87699
87703
87704
87729
87733
87733
87736
87762
87769
87776
87782
87786
87800
87848
87850
87862
87894
87900
87901
87904
87904
87918
87930
87936
87940
87942
87963
87967
87971
87993
88004
88007
88009
88011
88014
88057
88064
88088
88108
88115
88117
88122
88126
88138
88140
88155
88164
88173
88184
88190
88194
88195
88202
88209
88209
88214
88218
88224
88232
88233
88252
88252
88265
88265
88267
88283
88287
88306
88308
88309
88331
88332
88340
88353
88354
88355
88356
88359
88360
88363
88363
88369
88379
88382
88389
88391
88411
88417
88420
88424
88426
88437
88447
88459
88475
88478
88480
88484
88484
88484
88488
88494
88501
88506
88523
88527
88532
88534
88535
88541
88546
88555
88561
88565
88567
88569
88570
88576
88578
88581
88582
88594
88596
88596
88603
88607
88617
88619
88623
88624
88631
88639
88645
88647
88651
88687
88701
88701
88702
88713
88718
88719
88722
88745
88747
88752
88759
88776
88784
88788
88823
88825
88834
88836
88839
88843
88844
88846
88852
88865
88865
88865
88876
88879
88883
88886
88897
88897
88903
88908
88921
88924
88932
88936
88940
88962
88971
88988
88989
88994
89017
89017
89023
89030
89031
89046
89046
89052
89053
89054
89055
89064
89078
89078
89087
89089
89091
89095
89099
89113
89130
89131
89136
89138
89140
89159
89161
89162
89167
89168
89183
89186
89186
89201
89214
89220
89235
89235
89250
89251
89258
89260
89263
89268
89283
89293
89309
89319
89321
89326
89334
89336
89338
89339
89345
89353
89367
89375
89384
89387
89406
89408
89416
89427
89428
89447
89449
89450
89466
89474
89475
89480
89493
89495
89498
89516
89516
89522
89532
89534
89537
89538
89540
89546
89552
89562
89566
89567
89578
89580
89586
89586
89589
89599
89602
89605
89617
89619
89634
89638
89643
89646
89660
89688
89699
89708
89714
89717
89723
89730
89755
89758
89785
89792
89812
89823
89835
89838
89840
89843
89848
89855
89857
89871
89880
89888
89893
89895
89903
89904
89909
89954
89954
89956
89966
89974
89981
89984
90007
90008
90014
90027
90041
90041
90051
90060
90070
90079
90088
90096
90099
90106
90108
90118
90127
90132
90136
90161
90165
90172
90198
90205
90217
90222
90229
90237
90240
90253
90259
90264
90264
90270
90273
90276
90279
90280
90285
90292
90310
90320
90322
90327
90329
90331
90334
90341
90345
90352
90353
90353
90364
90365
90370
90377
90379
90387
90389
90393
90394
90407
90409
90409
90409
90413
90413
90418
90434
90456
90464
90466
90470
90475
90477
90523
90531
90533
90534
90537
90538
90540
90555
90580
90580
90583
90584
90586
90588
90604
90606
90606
90616
90625
90636
90640
90648
90651
90665
90668
90674
90677
90681
90694
90707
90710
90715
90717
90721
90734
90739
90741
90755
90759
90761
90778
90781
90799
90800
90814
90821
90823
90828
90832
90848
90855
90859
90868
90868
90869
90894
90916
90918
90925
90926
90949
90955
90957
90969
90976
90982
90988
91004
91008
91013
91020
91038
91043
91048
91057
91069
91095
91099
91106
91111
91132
91145
91163
91168
91168
91168
91195
91195
91205
91215
91219
91224
91225
91238
91269
91272
91298
91304
91321
91325
91326
91349
91366
91382
91385
91393
91398
91408
91422
91423
91429
91430
91434
91438
91450
91457
91467
91473
91475
91486
91495
91499
91500
91517
91522
91524
91531
91533
91543
91562
91592
91605
91605
91613
91617
91620
91620
91634
91635
91638
91643
91655
91656
91663
91676
91691
91699
91702
91716
91720
91727
91754
91766
91772
91774
91775
91798
91813
91814
91821
91822
91831
91831
91834
91839
91846
91847
91849
91850
91851
91854
91869
91871
91876
91888
91908
91911
91913
91917
91922
91923
91950
91955
91958
91960
91964
91979
91989
91995
92028
92052
92052
92057
92058
92059
92059
92098
92099
92113
92132
92134
92145
92149
92150
92157
92164
92168
92207
92207
92219
92222
92223
92226
92231
92245
92246
92251
92252
92256
92257
92273
92293
92305
92311
92318
92327
92331
92334
92339
92341
92347
92351
92375
92376
92380
92383
92394
92415
92416
92439
92439
92452
92454
92455
92458
92463
92478
92478
92481
92489
92491
92494
92497
92498
92512
92517
92522
92524
92527
92540
92543
92555
92565
92574
92577
92586
92593
92595
92605
92621
92622
92633
92638
92640
92641
92644
92645
92646
92650
92652
92667
92679
92687
92688
92695
92701
92705
92708
92709
92710
92741
92759
92788
92793
92796
92797
92804
92814
92818
92823
92832
92836
92846
92872
92879
92882
92883
92889
92891
92894
92901
92914
92930
92948
92961
92979
92980
92983
92987
92988
92989
92991
93021
93025
93026
93053
93053
93072
93073
93079
93083
93087
93092
93093
93095
93119
93127
93130
93134
93150
93174
93179
93199
93200
93212
93213
93214
93216
93223
93227
93228
93234
93243
93245
93250
93256
93266
93271
93271
93272
93277
93286
93290
93308
93317
93321
93326
93335
93337
93342
93343
93345
93348
93359
93362
93368
93382
93385
93386
93395
93406
93426
93428
93471
93476
93501
93508
93536
93542
93550
93556
93559
93579
93594
93599
93623
93626
93636
93641
93642
93649
93670
93701
93715
93731
93731
93754
93755
93760
93779
93785
93797
93814
93817
93821
93825
93827
93839
93853
93854
93855
93861
93871
93874
93881
93897
93900
93903
93935
93937
93941
93953
93954
93994
93998
94009
94010
94011
94023
94037
94040
94053
94056
94063
94072
94086
94096
94096
94114
94117
94124
94127
94133
94140
94141
94144
94147
94151
94155
94156
94158
94164
94175
94206
94206
94215
94231
94232
94242
94248
94248
94264
94271
94273
94273
94277
94277
94285
94286
94288
94289
94290
94292
94298
94300
94301
94313
94321
94324
94340
94346
94350
94353
94368
94379
94385
94390
94390
94397
94397
94415
94417
94418
94418
94433
94458
94462
94462
94464
94470
94474
94475
94479
94490
94491
94499
94500
94502
94513
94518
94526
94527
94527
94527
94539
94548
94549
94558
94568
94572
94584
94585
94603
94607
94608
94612
94617
94634
94635
94646
94650
94655
94667
94670
94686
94690
94696
94696
94702
94709
94713
94724
94726
94726
94729
94730
94732
94743
94747
94753
94754
94757
94758
94777
94780
94785
94790
94798
94813
94816
94820
94835
94856
94863
94865
94867
94867
94869
94879
94881
94882
94889
94906
94909
94910
94924
94934
94941
94948
94957
94961
94961
94977
94980
94982
94985
94986
94999
95007
95016
95017
95023
95025
95026
95035
95043
95044
95048
95066
95069
95076
95081
95081
95108
95126
95134
95141
95142
95142
95144
95146
95148
95161
95173
95180
95186
95192
95208
95209
95213
95215
95222
95231
95239
95240
95240
95245
95246
95252
95263
95268
95274
95277
95279
95280
95283
95287
95290
95298
95310
95325
95331
95341
95347
95350
95351
95361
95367
95371
95371
95372
95375
95383
95390
95391
95409
95415
95417
95447
95450
95450
95457
95461
95473
95477
95481
95485
95488
95488
95492
95493
95501
95526
95536
95567
95568
95576
95579
95580
95583
95591
95593
95603
95608
95616
95618
95622
95627
95630
95633
95636
95645
95646
95657
95658
95680
95684
95689
95692
95699
95705
95712
95720
95727
95729
95736
95752
95763
95770
95779
95782
95789
95810
95818
95837
95860
95863
95880
95880
95883
95886
95886
95887
95897
95905
95905
95913
95918
95918
95922
95929
95938
95938
95955
95960
95969
95971
95978
95984
95987
95999
96023
96023
96023
96035
96043
96048
96051
96051
96053
96060
96063
96066
96080
96081
96083
96098
96100
96105
96105
96110
96120
96121
96136
96137
96141
96154
96161
96168
96171
96178
96178
96185
96186
96190
96190
96192
96201
96203
96205
96209
96212
96225
96226
96228
96231
96233
96236
96237
96240
96243
96245
96272
96285
96286
96288
96299
96310
96319
96331
96340
96341
96360
96367
96370
96371
96372
96375
96402
96408
96410
96411
96416
96424
96424
96433
96452
96454
96458
96492
96517
96533
96549
96564
96564
96566
96566
96581
96595
96615
96631
96649
96655
96657
96681
96691
96692
96722
96722
96737
96741
96744
96748
96768
96769
96789
96795
96801
96805
96807
96809
96820
96841
96845
96865
96879
96881
96894
96901
96909
96930
96948
96949
96956
96957
96959
96982
96985
96990
96999
96999
97001
97003
97008
97008
97010
97021
97031
97032
97040
97045
97055
97056
97059
97059
97062
97076
97099
97102
97107
97109
97112
97125
97129
97140
97155
97158
97163
97168
97186
97198
97200
97204
97205
97214
97217
97233
97242
97248
97250
97268
97276
97278
97283
97285
97307
97313
97327
97327
97337
97341
97342
97347
97359
97369
97380
97386
97388
97396
97396
97402
97402
97405
97410
97411
97412
97420
97423
97427
97435
97446
97480
97493
97500
97510
97541
97541
97560
97566
97578
97586
97616
97629
97636
97641
97649
97663
97673
97674
97676
97677
97679
97697
97707
97708
97709
97714
97719
97761
97774
97787
97789
97790
97797
97807
97813
97818
97825
97829
97832
97847
97848
97854
97866
97878
97892
97908
97924
97927
97932
97951
97957
97958
97962
97964
97968
97981
97994
97995
97999
98016
98018
98040
98041
98051
98066
98075
98087
98108
98111
98113
98120
98126
98127
98135
98140
98160
98164
98181
98188
98194
98207
98222
98228
98235
98241
98246
98261
98262
98265
98272
98272
98274
98284
98303
98308
98309
98316
98322
98323
98325
98329
98332
98348
98368
98371
98372
98380
98381
98393
98405
98437
98443
98444
98448
98453
98461
98463
98467
98477
98481
98484
98486
98495
98496
98496
98503
98509
98533
98546
98555
98561
98575
98583
98587
98594
98597
98604
98604
98607
98615
98660
98660
98660
98673
98674
98679
98695
98707
98708
98710
98710
98718
98720
98723
98729
98745
98753
98755
98756
98765
98766
98792
98805
98820
98823
98841
98849
98853
98859
98862
98862
98864
98864
98881
98890
98904
98916
98925
98930
98931
98934
98940
98948
98960
98962
98968
98980
98985
98986
98989
98991
98994
98994
98996
99006
99007
99011
99012
99016
99017
99020
99042
99043
99048
99048
99074
