23
27
29
35
47
51
53
77
81
91
106
108
113
126
127
131
138
143
151
154
162
162
163
170
178
179
186
192
195
209
216
218
219
232
274
280
282
284
288
295
332
334
338
342
346
352
353
368
369
370
374
377
378
384
388
397
400
400
405
408
409
430
432
435
443
445
461
466
466
466
474
478
480
500
520
523
533
548
552
564
577
603
639
650
652
660
665
678
687
688
700
701
704
723
726
727
737
745
746
750
753
754
754
755
763
764
765
768
769
790
791
791
803
809
814
817
818
818
854
859
859
866
867
872
874
885
886
892
893
895
896
910
931
933
938
956
959
966
967
979
984
988
993
1000
1005
1010
1055
1059
1060
1063
1069
1079
1085
1085
1087
1119
1122
1128
1131
1132
1141
1152
1175
1188
1215
1219
1243
1246
1249
1253
1258
1259
1272
1274
1281
1281
1284
1287
1288
1289
1294
1307
1328
1362
1364
1366
1370
1370
1390
1391
1403
1404
1406
1407
1411
1416
1418
1430
1433
1438
1443
1445
1455
1462
1471
1484
1485
1487
1489
1501
1502
1504
1509
1524
1527
1530
1538
1561
1561
1563
1566
1573
1587
1590
1606
1615
1632
1632
1666
1675
1677
1684
1685
1700
1700
1701
1713
1720
1727
1727
1740
1755
1760
1770
1771
1775
1781
1795
1798
1798
1810
1814
1829
1835
1867
1878
1886
1894
1907
1909
1909
1911
1928
1935
1940
1955
1963
1965
1968
1969
1971
1985
1989
2006
2022
2037
2041
2045
2058
2064
2065
2080
2107
2109
2121
2134
2136
2146
2150
2153
2157
2157
2161
2162
2173
2184
2196
2200
2210
2212
2217
2223
2234
2261
2264
2265
2266
2270
2276
2307
2313
2328
2331
2333
2336
2348
2353
2353
2366
2393
2395
2400
2410
2434
2443
2449
2456
2464
2465
2471
2492
2499
2510
2511
2511
2515
2522
2524
2530
2539
2543
2552
2558
2577
2606
2608
2616
2620
2631
2645
2655
2667
2679
2689
2695
2702
2708
2712
2715
2727
2734
2742
2742
2743
2748
2748
2758
2759
2762
2779
2780
2780
2801
2806
2816
2816
2825
2830
2834
2851
2873
2873
2921
2926
2931
2947
2954
2959
2966
2971
2974
2978
2983
2990
2998
3000
3004
3009
3011
3015
3016
3021
3022
3030
3037
3041
3043
3084
3099
3111
3121
3124
3126
3126
3128
3133
3134
3141
3144
3148
3149
3149
3152
3177
3184
3186
3190
3194
3201
3208
3211
3212
3226
3237
3256
3267
3270
3292
3294
3312
3317
3325
3331
3342
3355
3364
3371
3379
3393
3393
3414
3439
3445
3448
3454
3461
3474
3481
3482
3484
3493
3499
3499
3501
3503
3503
3505
3512
3523
3531
3531
3549
3550
3555
3559
3579
3604
3607
3626
3653
3658
3666
3700
3710
3721
3722
3729
3734
3737
3767
3768
3778
3778
3783
3786
3796
3798
3802
3803
3810
3818
3819
3819
3820
3825
3847
3856
3857
3862
3868
3887
3897
3930
3934
3934
3942
3944
3969
3970
3971
3978
4016
4025
4030
4047
4052
4056
4057
4067
4094
4098
4098
4105
4110
4113
4121
4123
4129
4145
4148
4158
4171
4177
4193
4199
4209
4215
4240
4240
4250
4256
4258
4263
4274
4293
4304
4311
4316
4326
4336
4338
4345
4352
4356
4368
4387
4391
4398
4405
4411
4419
4425
4425
4434
4437
4449
4456
4463
4468
4473
4494
4502
4509
4528
4539
4543
4545
4559
4564
4567
4580
4589
4618
4631
4631
4641
4647
4648
4649
4657
4661
4681
4683
4692
4693
4698
4708
4716
4721
4727
4734
4737
4739
4740
4743
4744
4746
4750
4782
4785
4798
4800
4805
4809
4825
4851
4865
4873
4877
4885
4904
4914
4925
4925
4928
4934
4936
4937
4961
4965
4969
4974
4977
4982
4985
5003
5007
5025
5029
5049
5052
5054
5062
5088
5106
5113
5121
5126
5130
5134
5139
5142
5171
5198
5221
5222
5235
5239
5241
5252
5255
5259
5264
5269
5277
5278
5280
5290
5299
5300
5306
5313
5315
5320
5320
5324
5345
5346
5349
5350
5357
5361
5367
5369
5380
5407
5414
5416
5419
5421
5425
5427
5439
5451
5452
5460
5471
5473
5498
5508
5532
5547
5547
5549
5549
5558
5566
5580
5592
5594
5595
5598
5610
5612
5615
5620
5626
5628
5632
5643
5644
5647
5655
5658
5661
5662
5681
5683
5684
5702
5703
5705
5708
5711
5723
5747
5752
5761
5779
5787
5794
5800
5811
5811
5825
5827
5833
5848
5850
5857
5862
5869
5893
5894
5914
5914
5917
5919
5929
5932
5936
5941
5942
5951
5977
5992
5998
6036
6038
6046
6082
6086
6086
6088
6098
6103
6118
6123
6124
6134
6140
6160
6166
6167
6175
6184
6191
6197
6201
6210
6214
6219
6222
6230
6245
6251
6252
6255
6255
6260
6267
6268
6269
6270
6285
6287
6288
6293
6294
6295
6305
6327
6340
6365
6376
6382
6383
6389
6392
6403
6412
6426
6427
6431
6442
6442
6456
6461
6465
6504
6508
6513
6522
6524
6554
6562
6576
6577
6579
6579
6583
6591
6600
6600
6622
6638
6638
6647
6651
6658
6661
6669
6671
6679
6683
6684
6694
6704
6714
6734
6737
6738
6748
6754
6756
6785
6797
6801
6807
6809
6817
6824
6851
6857
6859
6865
6873
6889
6892
6898
6900
6909
6923
6933
6941
6946
6958
6961
6979
7014
7015
7021
7023
7023
7032
7037
7040
7042
7048
7059
7061
7069
7083
7098
7112
7113
7120
7123
7127
7132
7141
7160
7163
7164
7165
7177
7179
7181
7183
7200
7202
7209
7211
7218
7225
7232
7235
7238
7244
7256
7277
7282
7284
7286
7304
7307
7308
7323
7331
7347
7348
7379
7395
7397
7401
7408
7416
7436
7437
7466
7467
7501
7506
7507
7507
7565
7580
7582
7594
7598
7612
7632
7642
7644
7657
7674
7674
7679
7690
7700
7703
7716
7716
7734
7736
7745
7746
7763
7768
7770
7778
7789
7790
7814
7820
7839
7845
7856
7856
7858
7865
7873
7874
7882
7895
7910
7911
7918
7923
7929
7943
7943
7971
7979
7985
7985
7988
7997
7998
8004
8008
8010
8018
8020
8029
8037
8045
8048
8052
8052
8060
8072
8084
8102
8105
8118
8137
8165
8181
8186
8190
8228
8228
8231
8238
8238
8258
8261
8308
8310
8312
8336
8347
8354
8369
8372
8383
8386
8394
8395
8404
8412
8422
8481
8486
8489
8510
8540
8558
8559
8582
8592
8609
8617
8624
8624
8626
8631
8633
8648
8697
8707
8710
8721
8723
8723
8733
8746
8761
8768
8778
8786
8793
8810
8822
8823
8839
8851
8882
8885
8940
8940
8947
8956
8970
8978
8981
8981
8983
8986
9000
9004
9009
9009
9012
9020
9024
9024
9025
9027
9046
9047
9048
9056
9066
9090
9100
9107
9108
9131
9164
9174
9175
9195
9199
9206
9207
9209
9216
9219
9229
9240
9241
9267
9268
9269
9294
9295
9311
9312
9316
9323
9333
9342
9343
9347
9354
9355
9357
9366
9366
9370
9385
9399
9401
9407
9409
9418
9429
9436
9438
9441
9447
9453
9462
9465
9477
9480
9484
9486
9503
9510
9518
9518
9518
9528
9538
9540
9544
9544
9552
9567
9582
9590
9591
9617
9622
9624
9624
9637
9647
9657
9659
9660
9660
9662
9667
9679
9680
9683
9686
9696
9702
9706
9707
9713
9719
9719
9732
9750
9754
9761
9766
9772
9787
9800
9806
9807
9810
9812
9820
9824
9831
9861
9862
9880
9882
9907
9912
9918
9919
9923
9925
9939
9940
9947
9979
9990
9993
10009
10020
10040
10043
10049
10052
10053
10053
10055
10060
10069
10073
10083
10097
10098
10101
10108
10116
10121
10142
10145
10165
10169
10172
10176
10176
10186
10191
10195
10198
10213
10218
10236
10242
10266
10301
10303
10312
10313
10314
10318
10319
10319
10329
10334
10337
10342
10349
10355
10356
10358
10361
10380
10406
10417
10424
10429
10433
10451
10452
10461
10466
10469
10488
10505
10518
10532
10535
10539
10549
10577
10585
10603
10609
10615
10615
10629
10644
10645
10646
10653
10683
10685
10703
10747
10748
10757
10759
10761
10773
10782
10785
10785
10809
10816
10839
10853
10864
10865
10887
10899
10901
10906
10912
10912
10923
10923
10924
10930
10937
10959
10972
10976
10978
10982
11013
11016
11016
11021
11026
11032
11043
11052
11069
11081
11085
11086
11103
11110
11117
11118
11144
11144
11154
11168
11175
11181
11183
11186
11187
11205
11224
11225
11234
11241
11244
11273
11277
11286
11291
11303
11307
11307
11313
11329
11334
11337
11339
11346
11354
11370
11382
11404
11411
11415
11423
11435
11456
11477
11479
11502
11512
11516
11516
11533
11533
11536
11540
11563
11564
11576
11579
11585
11586
11588
11596
11606
11618
11622
11632
11649
11653
11664
11664
11679
11683
11690
11691
11696
11697
11701
11708
11714
11723
11727
11733
11737
11758
11767
11782
11792
11803
11811
11817
11825
11826
11837
11839
11857
11863
11867
11870
11873
11886
11893
11897
11903
11909
11915
11915
11932
11943
11945
11948
11955
11972
11983
11987
11999
12008
12013
12014
12018
12020
12021
12046
12048
12058
12061
12070
12070
12075
12098
12103
12113
12122
12127
12129
12130
12145
12156
12160
12172
12185
12191
12191
12203
12209
12209
12214
12226
12234
12240
12241
12242
12253
12261
12267
12274
12285
12305
12331
12340
12340
12352
12383
12408
12409
12435
12445
12448
12456
12466
12491
12497
12498
12503
12506
12514
12514
12515
12516
12518
12519
12520
12524
12533
12541
12541
12546
12549
12554
12565
12572
12579
12581
12585
12592
12598
12610
12611
12613
12614
12621
12631
12641
12644
12646
12692
12698
12705
12713
12722
12727
12728
12733
12757
12760
12765
12771
12791
12798
12807
12817
12818
12824
12826
12828
12833
12838
12850
12855
12860
12873
12892
12894
12897
12900
12902
12914
12917
12921
12924
12935
12935
12955
12970
12974
12979
12981
12988
12991
12994
12999
13001
13004
13012
13023
13050
13050
13054
13059
13067
13069
13079
13080
13088
13115
13120
13126
13127
13130
13147
13152
13152
13185
13193
13193
13212
13214
13222
13226
13232
13232
13236
13245
13258
13272
13275
13303
13313
13324
13333
13347
13371
13385
13390
13394
13396
13404
13405
13407
13420
13433
13437
13441
13454
13492
13501
13523
13525
13547
13548
13562
13563
13577
13580
13597
13597
13614
13616
13633
13635
13640
13642
13667
13668
13677
13682
13689
13709
13717
13718
13746
13748
13755
13760
13760
13760
13761
13784
13788
13793
13812
13828
13834
13836
13846
13847
13850
13870
13883
13938
13955
13956
13959
13963
13986
14004
14008
14025
14049
14060
14061
14077
14096
14102
14114
14120
14130
14136
14146
14146
14163
14202
14215
14221
14266
14286
14288
14291
14304
14323
14338
14361
14363
14421
14428
14430
14487
14495
14503
14568
14574
14602
14605
14634
14692
14708
14712
14717
14725
14731
14757
14757
14760
14765
14783
14789
14793
14807
14830
14844
14858
14869
14896
14904
14905
14909
14933
14935
14953
14974
14982
14991
14996
14996
15006
15029
15049
15051
15051
15062
15069
15073
15073
15076
15080
15083
15087
15092
15101
15124
15129
15130
15168
15172
15174
15210
15211
15211
15219
15222
15234
15238
15253
15254
15285
15287
15290
15297
15306
15313
15315
15344
15354
15357
15358
15361
15368
15370
15400
15402
15402
15430
15432
15433
15438
15442
15459
15465
15466
15467
15476
15488
15502
15521
15535
15547
15558
15565
15569
15572
15588
15594
15594
15608
15613
15629
15633
15634
15654
15684
15691
15704
15714
15714
15721
15722
15726
15732
15736
15738
15752
15763
15791
15793
15798
15799
15799
15809
15810
15825
15825
15827
15866
15891
15943
15946
15956
15965
15992
15994
16001
16005
16015
16031
16032
16071
16080
16080
16115
16139
16153
16159
16183
16193
16213
16223
16241
16244
16252
16253
16262
16264
16268
16270
16270
16273
16285
16305
16319
16334
16337
16361
16364
16374
16440
16458
16460
16472
16484
16497
16500
16509
16625
16656
16658
16678
16682
16684
16703
16726
16744
16755
16758
16758
16808
16825
16840
16841
16842
16863
16911
16928
16933
16947
16951
16962
16989
17042
17056
17056
17069
17096
17100
17132
17134
17153
17159
17171
17225
17233
17244
17252
17257
17270
17278
17286
17289
17292
17315
17315
17317
17356
17405
17434
17453
17465
17514
17518
17544
17574
17576
17582
17601
17604
17617
17638
17644
17670
17742
17790
17799
17807
17813
17816
17826
17849
17885
17896
17906
17919
17924
17938
17940
17958
17960
17986
17988
17995
17995
17996
18005
18018
18026
18034
18039
18058
18072
18093
18093
18098
18107
18109
18111
18131
18131
18134
18140
18151
18171
18173
18178
18181
18200
18209
18217
18226
18226
18252
18255
18274
18282
18288
18289
18297
18325
18325
18328
18343
18347
18371
18372
18384
18385
18397
18406
18410
18411
18414
18419
18440
18441
18461
18466
18474
18506
18530
18550
18550
18552
18562
18574
18575
18577
18589
18603
18612
18615
18624
18653
18654
18679
18695
18699
18705
18715
18727
18730
18746
18760
18777
18781
18820
18823
18827
18828
18830
18853
18860
18870
18887
18905
18917
18922
18925
18938
18953
18964
18996
19002
19024
19042
19043
19046
19062
19064
19065
19100
19119
19123
19125
19130
19152
19155
19156
19216
19230
19240
19242
19261
19263
19271
19273
19276
19281
19289
19305
19306
19317
19330
19337
19338
19343
19347
19370
19382
19383
19391
19394
19398
19405
19406
19410
19422
19434
19434
19434
19441
19461
19470
19472
19484
19485
19492
19513
19518
19519
19522
19537
19542
19558
19563
19583
19585
19593
19602
19619
19626
19627
19629
19639
19652
19657
19673
19687
19692
19696
19717
19724
19734
19747
19762
19763
19765
19771
19774
19777
19795
19796
19798
19800
19817
19821
19831
19833
19840
19841
19841
19858
19883
19884
19891
19905
19907
19910
19913
19918
19936
19940
19957
19968
19981
19990
19996
20024
20026
20035
20066
20070
20073
20082
20083
20084
20091
20109
20110
20120
20129
20169
20178
20218
20221
20236
20244
20271
20277
20285
20289
20292
20302
20317
20319
20320
20329
20344
20351
20355
20372
20379
20403
20407
20408
20418
20420
20424
20430
20437
20451
20458
20458
20482
20496
20521
20532
20534
20542
20550
20556
20568
20571
20579
20591
20595
20607
20611
20618
20630
20655
20670
20705
20711
20713
20715
20724
20724
20735
20737
20745
20751
20761
20765
20767
20768
20813
20848
20872
20891
20901
20906
20914
20933
20934
20964
20981
20990
21006
21012
21018
21027
21048
21048
21059
21063
21068
21082
21092
21111
21112
21115
21119
21140
21156
21157
21159
21174
21196
21199
21203
21236
21251
21259
21262
21287
21304
21327
21347
21355
21377
21390
21397
21401
21419
21420
21441
21448
21463
21467
21480
21481
21488
21490
21490
21495
21500
21503
21512
21512
21518
21529
21531
21540
21548
21551
21555
21567
21570
21575
21579
21598
21600
21614
21615
21634
21656
21661
21665
21665
21678
21687
21694
21707
21713
21717
21722
21731
21744
21748
21770
21776
21778
21782
21784
21794
21800
21800
21827
21830
21847
21850
21852
21855
21855
21858
21861
21864
21872
21897
21902
21903
21903
21904
21904
21926
21931
21932
21939
21958
21961
21975
21977
21988
21999
22017
22028
22029
22034
22042
22074
22082
22091
22091
22099
22100
22103
22118
22121
22122
22137
22140
22151
22156
22163
22165
22191
22202
22213
22223
22233
22243
22257
22259
22261
22261
22265
22274
22329
22336
22338
22339
22366
22367
22377
22380
22398
22404
22419
22433
22433
22449
22452
22469
22500
22502
22508
22528
22534
22540
22544
22582
22591
22600
22630
22638
22649
22652
22690
22706
22732
22733
22740
22744
22745
22753
22756
22756
22757
22759
22776
22776
22784
22803
22804
22806
22810
22812
22822
22824
22835
22837
22850
22865
22872
22874
22881
22882
22909
22924
22936
22937
22966
22982
22989
23002
23003
23015
23023
23028
23034
23052
23072
23080
23103
23106
23107
23112
23113
23113
23144
23145
23151
23154
23168
23194
23201
23218
23220
23223
23225
23225
23240
23255
23257
23265
23268
23283
23285
23301
23305
23309
23340
23360
23369
23371
23373
23377
23378
23379
23432
23436
23455
23461
23473
23476
23495
23501
23521
23523
23545
23547
23563
23569
23586
23590
23590
23605
23625
23630
23648
23649
23668
23704
23719
23743
23744
23744
23746
23761
23764
23789
23794
23794
23810
23818
23835
23849
23850
23856
23875
23884
23894
23898
23909
23916
23940
23943
23944
23959
23960
23962
24005
24021
24022
24049
24050
24072
24074
24084
24086
24095
24103
24112
24119
24129
24159
24162
24166
24173
24176
24188
24195
24209
24221
24238
24252
24297
24300
24313
24333
24338
24345
24361
24361
24365
24378
24380
24380
24389
24393
24395
24397
24400
24412
24424
24425
24426
24445
24446
24471
24475
24487
24497
24506
24507
24509
24521
24524
24535
24553
24553
24558
24591
24620
24647
24676
24685
24689
24725
24730
24731
24739
24740
24741
24770
24776
24792
24799
24829
24830
24838
24855
24857
24873
24874
24884
24893
24895
24895
24904
24913
24924
24924
24930
24935
24936
24938
24954
24973
24977
24980
25006
25007
25020
25038
25061
25064
25075
25077
25081
25085
25091
25123
25138
25153
25154
25161
25164
25171
25201
25211
25211
25212
25216
25222
25230
25240
25245
25245
25249
25261
25268
25296
25315
25317
25341
25379
25397
25397
25412
25426
25453
25480
25482
25482
25484
25493
25501
25508
25528
25546
25547
25561
25564
25572
25580
25590
25593
25619
25631
25674
25676
25691
25706
25708
25719
25721
25732
25747
25755
25773
25778
25812
25820
25820
25830
25834
25849
25851
25863
25871
25886
25918
25940
25947
25951
25974
25975
25986
25990
26026
26032
26037
26041
26067
26099
26124
26125
26128
26136
26199
26218
26232
26243
26267
26280
26295
26300
26301
26314
26329
26347
26356
26363
26367
26395
26397
26416
26430
26431
26450
26488
26490
26494
26557
26567
26590
26610
26639
26669
26707
26713
26721
26726
26740
26751
26797
26801
26834
26844
26890
26916
26969
26988
27009
27024
27059
27065
27072
27072
27081
27095
27169
27201
27210
27211
27216
27273
27283
27304
27308
27319
27330
27332
27375
27472
27481
27509
27521
27534
27541
27564
27567
27571
27575
27596
27606
27617
27636
27636
27691
27718
27749
27770
27838
27845
27858
27872
27885
27890
27950
27986
28000
28002
28014
28024
28048
28051
28065
28108
28108
28142
28147
28151
28156
28187
28191
28228
28246
28265
28280
28286
28296
28313
28324
28325
28328
28337
28352
28399
28408
28432
28444
28464
28467
28472
28485
28508
28520
28527
28561
28583
28590
28604
28610
28637
28645
28650
28652
28680
28683
28707
28707
28711
28736
28774
28793
28821
28827
28827
28841
28854
28874
28883
28885
28900
28923
28938
28943
28960
28968
28989
28991
28995
29009
29010
29056
29100
29108
29126
29126
29127
29129
29129
29138
29144
29164
29164
29165
29195
29218
29224
29258
29264
29268
29317
29324
29329
29352
29373
29375
29381
29405
29422
29429
29451
29462
29466
29472
29502
29502
29517
29523
29549
29551
29564
29566
29567
29574
29583
29585
29611
29624
29660
29668
29676
29705
29743
29801
29817
29818
29818
29856
29877
29898
29910
29913
29932
29965
29983
29993
30017
30022
30035
30050
30062
30082
30105
30106
30117
30124
30167
30213
30217
30284
30315
30363
30368
30371
30430
30438
30469
30471
30539
30547
30584
30588
30608
30611
30655
30656
30701
30705
30722
30733
30734
30769
30782
30795
30808
30839
30845
30860
30862
30873
30875
30886
30909
30910
30946
30946
30961
30982
30985
30991
31061
31077
31091
31093
31110
31144
31155
31167
31268
31299
31317
31356
31369
31388
31389
31404
31408
31417
31432
31443
31449
31459
31461
31464
31473
31495
31509
31513
31537
31538
31550
31570
31575
31586
31601
31613
31620
31621
31631
31633
31658
31659
31712
31725
31730
31745
31754
31764
31770
31816
31825
31860
31866
31881
31910
31912
31918
31930
31932
31938
31945
31949
31959
31980
32017
32049
32058
32059
32061
32061
32064
32073
32102
32104
32130
32134
32160
32170
32175
32189
32202
32215
32218
32220
32226
32240
32245
32251
32258
32268
32275
32296
32324
32328
32334
32351
32372
32426
32458
32460
32471
32471
32477
32478
32488
32497
32541
32563
32592
32601
32614
32646
32675
32696
32707
32710
32711
32748
32757
32797
32949
32967
33036
33076
33091
33229
33250
33270
33285
33306
33308
33308
33349
33384
33388
33439
33560
33565
33571
33573
33590
33594
33594
33600
33611
33623
33675
33716
33728
33732
33734
33778
33784
33799
33802
33804
33825
33847
33849
33892
33907
33959
33995
34032
34050
34059
34064
34090
34097
34167
34191
34200
34224
34252
34257
34264
34288
34300
34314
34333
34336
34344
34346
34366
34406
34407
34425
34504
34520
34522
34536
34542
34551
34568
34579
34579
34586
34600
34613
34622
34622
34654
34657
34670
34681
34686
34687
34700
34703
34705
34743
34755
34762
34772
34784
34809
34814
34833
34841
34842
34853
34859
34869
34874
34884
34900
34921
34943
34944
34948
34963
34982
34984
34984
34986
35000
35008
35010
35037
35038
35054
35061
35061
35064
35073
35078
35089
35099
35118
35127
35132
35135
35160
35197
35202
35218
35232
35240
35252
35255
35279
35322
35338
35339
35350
35358
35363
35369
35376
35385
35385
35395
35410
35415
35430
35441
35459
35468
35475
35487
35495
35506
35539
35549
35554
35580
35584
35587
35591
35592
35592
35599
35608
35609
35644
35650
35660
35677
35688
35694
35710
35720
35730
35752
35770
35775
35799
35805
35810
35812
35816
35817
35824
35838
35849
35862
35879
35884
35915
35920
35933
35941
35947
35975
36012
36058
36060
36066
36070
36096
36097
36100
36120
36131
36151
36152
36154
36158
36170
36177
36185
36214
36217
36221
36238
36239
36250
36253
36268
36273
36284
36287
36289
36290
36299
36305
36331
36337
36339
36343
36349
36369
36387
36406
36423
36439
36443
36444
36454
36455
36482
36483
36492
36496
36502
36513
36519
36545
36551
36558
36559
36575
36599
36603
36603
36610
36628
36631
36647
36652
36683
36687
36689
36693
36736
36748
36763
36773
36787
36794
36828
36837
36846
36853
36878
36879
36887
36900
36928
36936
36951
36976
36985
37033
37034
37037
37039
37049
37052
37067
37068
37078
37084
37085
37092
37092
37096
37124
37128
37174
37186
37191
37197
37200
37203
37243
37247
37255
37263
37268
37278
37284
37297
37301
37307
37309
37312
37313
37338
37340
37351
37354
37383
37391
37419
37434
37436
37444
37449
37463
37479
37504
37515
37531
37550
37559
37585
37594
37601
37602
37622
37637
37654
37661
37667
37668
37695
37716
37719
37734
37741
37747
37759
37760
37766
37774
37775
37804
37807
37813
37813
37833
37833
37844
37846
37862
37868
37876
37881
37899
37907
37914
37916
37934
37939
37948
37948
37953
37958
37967
37975
37975
37986
37990
38022
38041
38047
38049
38063
38083
38087
38103
38113
38122
38130
38130
38144
38144
38147
38153
38154
38179
38188
38191
38194
38194
38212
38215
38216
38222
38245
38255
38259
38282
38300
38339
38340
38362
38367
38368
38370
38385
38387
38390
38390
38437
38442
38467
38471
38478
38501
38507
38534
38536
38554
38597
38618
38621
38633
38637
38638
38641
38648
38650
38651
38655
38656
38661
38684
38689
38697
38705
38707
38713
38716
38717
38721
38727
38729
38743
38767
38784
38798
38813
38849
38894
38894
38943
38944
38965
38974
38975
38977
38984
39007
39017
39019
39023
39031
39034
39041
39062
39085
39089
39097
39101
39106
39113
39113
39127
39140
39147
39148
39151
39164
39166
39176
39186
39186
39203
39228
39233
39245
39253
39254
39267
39277
39281
39285
39292
39292
39305
39323
39325
39326
39329
39332
39333
39336
39372
39374
39423
39425
39440
39449
39470
39473
39473
39500
39505
39508
39539
39542
39548
39556
39599
39613
39617
39637
39641
39653
39662
39681
39690
39695
39695
39710
39718
39733
39761
39770
39777
39777
39792
39800
39806
39815
39830
39849
39855
39858
39860
39860
39861
39861
39866
39869
39874
39890
39907
39913
39913
39925
39934
39949
39950
39951
39958
39986
39992
39994
40002
40003
40012
40021
40021
40023
40036
40057
40058
40068
40081
40119
40125
40126
40142
40151
40153
40166
40178
40190
40206
40207
40217
40217
40218
40220
40223
40235
40252
40271
40277
40285
40292
40293
40297
40300
40306
40306
40308
40317
40321
40327
40332
40343
40358
40363
40367
40387
40389
40391
40392
40405
40405
40416
40420
40424
40459
40471
40472
40478
40492
40522
40540
40548
40553
40557
40560
40565
40595
40611
40626
40636
40640
40659
40660
40666
40673
40688
40690
40701
40702
40725
40757
40765
40777
40783
40784
40798
40800
40814
40840
40853
40866
40871
40877
40879
40910
40937
40959
40961
40965
41001
41006
41022
41051
41073
41075
41081
41083
41084
41085
41110
41126
41147
41160
41163
41165
41173
41188
41190
41200
41208
41222
41228
41239
41241
41244
41256
41263
41270
41273
41300
41306
41312
41325
41338
41340
41342
41344
41346
41355
41364
41375
41376
41408
41409
41458
41463
41471
41506
41510
41511
41518
41525
41533
41585
41608
41615
41621
41647
41650
41667
41673
41679
41689
41699
41700
41725
41727
41729
41738
41738
41745
41753
41756
41770
41780
41788
41788
41799
41802
41806
41807
41814
41815
41836
41848
41864
41871
41902
41909
41955
41961
41963
41966
41974
41977
41984
41988
41992
41998
42003
42010
42015
42032
42035
42045
42047
42070
42077
42080
42113
42122
42157
42157
42174
42176
42185
42198
42219
42232
42281
42285
42332
42341
42348
42367
42378
42407
42412
42421
42425
42432
42439
42450
42455
42456
42465
42468
42471
42477
42482
42483
42489
42498
42501
42509
42535
42540
42555
42560
42570
42572
42611
42612
42616
42616
42619
42620
42631
42634
42636
42661
42667
42668
42674
42679
42685
42698
42700
42701
42708
42715
42718
42720
42748
42753
42759
42765
42780
42789
42792
42796
42802
42802
42812
42830
42839
42844
42854
42879
42898
42899
42904
42920
42927
42935
42938
42966
42976
42978
42993
42997
42999
43022
43028
43033
43038
43044
43047
43064
43091
43102
43102
43104
43115
43119
43121
43129
43133
43135
43142
43144
43145
43150
43165
43176
43185
43197
43209
43218
43230
43245
43272
43279
43290
43290
43298
43308
43318
43319
43323
43327
43330
43349
43373
43373
43384
43385
43406
43413
43422
43431
43442
43454
43459
43470
43485
43493
43510
43524
43524
43529
43538
43540
43542
43548
43551
43558
43560
43569
43578
43581
43589
43594
43595
43596
43596
43597
43598
43604
43616
43620
43630
43634
43640
43650
43664
43665
43666
43669
43669
43695
43702
43704
43704
43714
43731
43737
43743
43756
43772
43784
43784
43785
43788
43796
43797
43797
43798
43810
43815
43833
43836
43838
43841
43855
43857
43860
43866
43881
43895
43895
43896
43907
43908
43910
43918
43922
43922
43930
43933
43936
43946
43959
43967
43974
43989
44005
44007
44008
44010
44013
44015
44026
44069
44073
44079
44084
44087
44091
44093
44103
44104
44117
44125
44128
44128
44139
44142
44144
44156
44171
44176
44196
44216
44223
44227
44228
44233
44233
44237
44240
44248
44249
44254
44265
44268
44271
44302
44308
44317
44325
44331
44340
44347
44362
44367
44382
44382
44384
44388
44390
44396
44407
44413
44420
44424
44429
44434
44444
44450
44452
44453
44475
44479
44496
44507
44512
44527
44528
44534
44535
44535
44547
44552
44563
44564
44565
44571
44576
44579
44587
44589
44591
44596
44608
44623
44645
44646
44646
44652
44653
44655
44656
44658
44658
44664
44671
44678
44683
44691
44703
44706
44713
44715
44720
44729
44737
44742
44747
44747
44748
44750
44754
44755
44765
44775
44775
44792
44802
44806
44822
44823
44825
44830
44832
44853
44855
44857
44863
44870
44879
44882
44908
44915
44916
44919
44923
44927
44927
44928
44948
44952
44953
44958
44960
44975
44980
44994
45009
45014
45018
45018
45020
45032
45033
45035
45036
45037
45082
45085
45088
45105
45106
45108
45122
45125
45132
45137
45142
45156
45157
45166
45169
45181
45182
45203
45211
45217
45231
45234
45240
45251
45251
45253
45260
45269
45270
45270
45271
45280
45287
45289
45295
45298
45303
45308
45308
45316
45318
45323
45329
45350
45363
45373
45376
45381
45383
45383
45391
45400
45404
45404
45405
45420
45424
45430
45432
45439
45446
45458
45459
45465
45468
45478
45478
45482
45499
45500
45504
45510
45516
45535
45559
45562
45573
45588
45592
45595
45599
45618
45624
45633
45645
45661
45668
45680
45688
45691
45692
45700
45708
45711
45715
45723
45728
45730
45746
45748
45752
45780
45781
45781
45782
45788
45797
45798
45801
45806
45815
45815
45826
45827
45841
45844
45846
45850
45851
45865
45869
45875
45877
45886
45905
45912
45933
45938
45945
45952
45952
45964
45973
45989
45992
45992
46011
46015
46017
46024
46026
46034
46049
46054
46060
46092
46094
46098
46114
46123
46124
46133
46137
46161
46179
46180
46189
46192
46195
46201
46201
46211
46228
46231
46235
46249
46260
46270
46296
46297
46299
46322
46323
46332
46342
46363
46370
46372
46381
46397
46403
46410
46412
46418
46421
46424
46425
46430
46443
46446
46475
46480
46487
46488
46490
46491
46513
46521
46548
46560
46566
46591
46603
46605
46609
46612
46617
46622
46624
46635
46640
46648
46650
46659
46675
46688
46722
46742
46748
46748
46761
46766
46788
46790
46799
46801
46808
46823
46827
46829
46838
46845
46846
46863
46863
46871
46873
46877
46880
46891
46894
46915
46927
46937
46945
46950
46950
46951
46954
46965
46989
46997
46999
47000
47010
47019
47042
47053
47071
47077
47079
47088
47089
47092
47094
47115
47118
47121
47125
47130
47135
47140
47148
47149
47151
47152
47155
47159
47160
47166
47168
47174
47178
47182
47203
47220
47222
47226
47226
47228
47236
47260
47263
47280
47296
47303
47304
47308
47347
47348
47360
47363
47363
47368
47371
47374
47380
47380
47380
47395
47396
47423
47431
47432
47432
47441
47449
47452
47464
47467
47470
47472
47477
47477
47477
47486
47487
47491
47497
47498
47502
47507
47523
47536
47536
47540
47547
47548
47553
47559
47563
47572
47577
47581
47591
47598
47599
47602
47613
47619
47629
47630
47633
47643
47644
47649
47650
47653
47660
47665
47677
47687
47689
47703
47707
47708
47727
47741
47745
47745
47757
47758
47766
47773
47775
47780
47782
47789
47796
47798
47805
47820
47853
47861
47865
47870
47872
47881
47882
47884
47889
47897
47903
47905
47906
47943
47945
47952
47962
47965
47971
47973
47977
47982
47984
47990
47992
48013
48020
48020
48028
48029
48034
48035
48038
48042
48075
48086
48104
48106
48123
48125
48127
48131
48133
48140
48141
48143
48150
48162
48166
48166
48168
48182
48189
48205
48208
48216
48224
48225
48230
48238
48243
48249
48255
48257
48269
48272
48278
48291
48293
48318
48329
48359
48362
48365
48368
48372
48396
48400
48418
48424
48461
48466
48467
48468
48470
48479
48482
48484
48486
48492
48495
48498
48518
48528
48536
48546
48550
48552
48561
48566
48583
48585
48586
48589
48598
48602
48608
48613
48613
48614
48616
48627
48642
48644
48644
48675
48688
48689
48691
48693
48694
48717
48733
48748
48748
48752
48774
48785
48799
48800
48801
48816
48836
48878
48907
48907
48921
48923
48928
48947
48952
48953
48956
48959
48964
48966
48978
48983
48985
48994
49021
49033
49038
49041
49057
49058
49060
49066
49088
49100
49113
49117
49117
49118
49119
49123
49131
49135
49143
49170
49188
49196
49201
49213
49219
49231
49237
49241
49247
49257
49264
49271
49271
49273
49277
49299
49299
49307
49308
49313
49322
49340
49343
49344
49344
49363
49364
49372
49372
49375
49381
49386
49401
49404
49405
49412
49418
49429
49436
49445
49456
49456
49472
49473
49507
49507
49507
49514
49535
49547
49554
49554
49563
49563
49582
49609
49612
49613
49650
49661
49667
49674
49685
49689
49690
49690
49697
49715
49724
49726
49741
49745
49746
49753
49757
49760
49763
49767
49784
49785
49799
49800
49802
49814
49823
49828
49829
49833
49853
49858
49879
49881
49887
49893
49898
49908
49910
49924
49930
49959
49967
49977
50006
50006
50021
50023
50031
50044
50051
50058
50060
50062
50071
50090
50092
50097
50106
50132
50146
50161
50162
50165
50172
50175
50181
50204
50206
50210
50213
50216
50218
50248
50254
50268
50276
50285
50286
50287
50290
50301
50305
50307
50310
50322
50335
50352
50353
50362
50363
50368
50376
50396
50399
50403
50433
50441
50448
50451
50475
50480
50481
50490
50514
50523
50534
50540
50563
50569
50609
50622
50634
50640
50641
50646
50654
50654
50659
50659
50660
50670
50691
50698
50700
50701
50705
50714
50718
50724
50740
50755
50769
50783
50817
50818
50824
50833
50843
50844
50858
50860
50887
50900
50901
50902
50903
50907
50913
50922
50938
50948
50953
50973
50977
50982
50986
50991
51005
51009
51012
51019
51031
51041
51054
51062
51064
51101
51106
51124
51125
51134
51142
51148
51149
51151
51151
51162
51166
51194
51199
51207
51215
51228
51237
51240
51244
51259
51293
51311
51312
51320
51332
51333
51341
51346
51348
51350
51352
51357
51358
51371
51377
51379
51380
51381
51394
51404
51416
51424
51440
51441
51441
51445
51450
51455
51456
51464
51482
51497
51500
51502
51508
51514
51530
51530
51538
51546
51563
51582
51587
51588
51607
51608
51616
51618
51622
51640
51652
51672
51686
51693
51711
51716
51723
51727
51733
51751
51752
51755
51764
51768
51781
51781
51791
51793
51810
51816
51835
51836
51837
51848
51857
51872
51879
51885
51891
51900
51901
51902
51903
51903
51906
51910
51920
51920
51922
51922
51926
51927
51945
51945
51951
51952
51958
51961
52018
52026
52030
52046
52049
52057
52071
52071
52080
52080
52083
52089
52091
52125
52127
52132
52135
52147
52151
52168
52170
52174
52175
52188
52190
52191
52199
52199
52201
52204
52204
52204
52221
52222
52229
52229
52229
52232
52247
52263
52276
52280
52290
52291
52293
52294
52294
52299
52300
52318
52319
52322
52331
52345
52348
52349
52354
52369
52369
52374
52415
52439
52446
52456
52492
52503
52519
52521
52525
52546
52552
52559
52563
52566
52583
52597
52602
52622
52634
52635
52636
52642
52650
52665
52698
52716
52716
52730
52731
52732
52742
52760
52761
52762
52776
52786
52790
52799
52804
52811
52813
52824
52873
52876
52879
52907
52918
52919
52920
52920
52923
52938
52957
52964
52965
52977
52984
53005
53008
53017
53027
53028
53057
53073
53094
53106
53109
53135
53138
53144
53151
53158
53161
53201
53201
53209
53212
53212
53214
53251
53266
53270
53271
53275
53275
53305
53316
53326
53328
53328
53330
53360
53365
53365
53367
53367
53368
53368
53370
53380
53427
53434
53437
53438
53444
53447
53450
53467
53468
53473
53485
53485
53490
53497
53504
53506
53508
53510
53519
53523
53534
53536
53540
53550
53551
53566
53574
53584
53585
53591
53591
53592
53602
53615
53618
53622
53628
53631
53631
53645
53651
53656
53666
53669
53669
53679
53687
53734
53746
53759
53761
53768
53791
53794
53795
53807
53812
53814
53821
53831
53843
53851
53855
53865
53875
53883
53892
53896
53906
53932
53942
53943
53947
53948
53974
53976
53993
54000
54000
54003
54005
54006
54006
54007
54014
54022
54024
54041
54092
54112
54113
54121
54146
54149
54171
54174
54200
54206
54216
54223
54224
54229
54234
54236
54241
54243
54258
54260
54264
54269
54278
54301
54360
54365
54383
54389
54391
54411
54414
54436
54440
54442
54453
54467
54493
54496
54498
54566
54573
54592
54595
54599
54600
54604
54625
54644
54654
54658
54659
54688
54707
54709
54754
54789
54803
54811
54831
54848
54849
54854
54875
54882
54898
54920
54947
54947
54954
54958
54969
54979
54992
55034
55045
55047
55053
55053
55106
55107
55113
55138
55141
55144
55170
55197
55201
55257
55263
55283
55285
55295
55298
55299
55302
55314
55317
55320
55322
55323
55352
55359
55361
55362
55371
55379
55383
55393
55394
55404
55410
55416
55425
55442
55442
55444
55449
55464
55472
55483
55510
55516
55521
55542
55551
55554
55565
55567
55567
55568
55569
55570
55590
55596
55597
55608
55612
55635
55654
55670
55681
55686
55697
55702
55708
55711
55712
55720
55722
55723
55724
55728
55738
55752
55753
55771
55773
55786
55801
55822
55829
55841
55842
55846
55852
55858
55860
55863
55863
55868
55875
55885
55911
55912
55914
55922
55929
55935
55949
55953
55957
55959
55963
55967
55967
55971
55972
55983
55986
55998
56004
56027
56029
56035
56037
56049
56051
56053
56055
56078
56079
56086
56086
56099
56099
56108
56116
56118
56125
56129
56129
56130
56134
56137
56138
56140
56141
56146
56160
56162
56167
56171
56173
56178
56183
56185
56186
56187
56189
56190
56198
56202
56215
56219
56231
56234
56240
56266
56268
56269
56287
56290
56293
56295
56308
56319
56322
56328
56348
56367
56387
56398
56406
56416
56432
56442
56477
56478
56485
56490
56501
56506
56525
56525
56534
56550
56574
56583
56591
56606
56618
56619
56623
56640
56642
56656
56669
56683
56694
56702
56710
56727
56747
56756
56769
56774
56775
56776
56814
56815
56831
56832
56834
56865
56872
56874
56886
56888
56897
56909
56917
56926
56929
56937
56950
56972
56972
56982
56987
56988
57001
57029
57032
57045
57051
57052
57113
57134
57154
57170
57179
57182
57186
57196
57203
57206
57219
57221
57234
57269
57270
57272
57272
57275
57281
57284
57284
57289
57291
57294
57299
57310
57312
57330
57336
57337
57354
57364
57375
57386
57396
57398
57399
57402
57414
57416
57419
57427
57430
57437
57447
57453
57479
57491
57523
57528
57534
57536
57536
57539
57548
57552
57558
57564
57574
57577
57584
57592
57594
57598
57613
57630
57632
57643
57677
57692
57707
57737
57741
57746
57747
57753
57759
57766
57786
57802
57825
57830
57831
57833
57833
57834
57835
57845
57900
57907
57927
57932
57935
57939
57947
57958
57969
57971
57971
57977
57979
57987
58003
58009
58014
58029
58041
58062
58077
58089
58091
58092
58092
58101
58102
58115
58125
58134
58141
58143
58147
58148
58154
58155
58155
58168
58175
58179
58181
58192
58193
58215
58219
58244
58272
58272
58276
58282
58283
58284
58302
58304
58382
58406
58421
58451
58469
58503
58513
58588
58602
58622
58630
58633
58650
58655
58692
58745
58747
58766
58776
58788
58788
58790
58830
58841
58841
58846
58856
58884
58893
58923
58943
58967
58985
58999
59058
59059
59065
59133
59149
59187
59196
59215
59216
59239
59262
59263
59309
59460
59465
59474
59477
59499
59509
59511
59605
59641
59665
59703
59706
59711
59750
59793
59794
59854
59866
59878
59911
59935
59992
59997
60016
60025
60066
60070
60083
60139
60141
60166
60197
60229
60235
60245
60302
60309
60351
60393
60407
60418
60437
60561
60583
60680
60703
60750
60756
60766
60806
60860
60923
60928
60961
60978
61003
61009
61015
61039
61052
61101
61192
61199
61451
61461
61563
61573
61581
61596
61602
61631
61730
61822
61835
61898
61922
61975
62060
62081
62102
62119
62132
62153
62163
62273
62299
62615
62678
62729
63057
63083
63108
63117
63187
63223
63231
63236
63251
63260
63265
63268
63279
63288
63288
63290
63293
63361
63364
63365
63373
63380
63386
63440
63451
63452
63518
63524
63525
63544
63545
63572
63612
63614
63624
63675
63676
63705
63705
63729
63730
63731
63764
63798
63800
63831
63847
63852
63863
63877
63916
63918
63926
63934
63942
63971
63989
63997
64024
64027
64035
64088
64122
64132
64144
64151
64235
64264
64273
64298
64336
64345
64348
64374
64401
64425
64461
64487
64494
64500
64533
64564
64577
64587
64626
64647
64684
64716
64760
64782
64821
64822
64850
64870
64880
64910
64922
64997
65007
65010
65012
65018
65021
65042
65060
65063
65098
65100
65104
65124
65152
65161
65162
65201
65205
65221
65222
65223
65246
65259
65261
65306
65311
65324
65333
65361
65376
65378
65380
65381
65381
65390
65407
65426
65431
65453
65459
65482
65491
65495
65497
65498
65501
65507
65516
65517
65523
65538
65539
65549
65593
65597
65600
65603
65614
65617
65618
65629
65731
65753
65762
65777
65783
65790
65810
65849
65855
65859
65883
65892
65894
65898
65905
65916
65916
65922
65925
65929
65939
65982
65992
65995
66004
66009
66013
66027
66048
66079
66148
66191
66228
66257
66264
66293
66306
66330
66335
66348
66395
66404
66406
66412
66421
66473
66561
66566
66569
66642
66716
66719
66726
66744
66804
66841
66867
66872
66882
66891
66895
66933
66943
66966
66981
66999
66999
67001
67008
67020
67034
67035
67042
67058
67074
67092
67109
67133
67133
67138
67140
67140
67142
67149
67152
67168
67176
67188
67218
67220
67226
67229
67239
67255
67257
67265
67272
67286
67301
67322
67322
67370
67385
67389
67391
67403
67408
67426
67426
67432
67447
67452
67470
67472
67475
67478
67482
67492
67494
67512
67513
67513
67524
67526
67546
67547
67555
67558
67564
67571
67586
67595
67606
67660
67671
67678
67679
67680
67680
67682
67685
67694
67699
67702
67712
67725
67729
67771
67780
67786
67792
67796
67798
67802
67817
67828
67831
67832
67840
67850
67868
67878
67884
67892
67899
67907
67917
67939
67952
67982
67986
67992
67998
68009
68027
68054
68085
68123
68128
68143
68152
68155
68181
68195
68210
68229
68256
68267
68283
68330
68332
68344
68379
68403
68411
68420
68423
68427
68440
68445
68452
68464
68465
68470
68510
68515
68518
68519
68522
68532
68543
68547
68602
68607
68607
68607
68626
68677
68694
68747
68750
68753
68805
68818
68838
68851
68861
68882
68915
68934
68940
68941
68959
68964
68978
68978
68989
68992
69002
69025
69051
69059
69082
69083
69088
69098
69115
69128
69132
69141
69169
69187
69228
69231
69235
69248
69258
69267
69271
69281
69281
69287
69290
69314
69314
69317
69323
69329
69345
69348
69365
69378
69381
69383
69393
69395
69396
69400
69404
69408
69413
69413
69425
69435
69449
69462
69468
69488
69491
69498
69509
69519
69520
69530
69531
69533
69545
69553
69564
69569
69575
69575
69578
69582
69585
69588
69594
69595
69598
69600
69616
69631
69636
69667
69669
69692
69700
69721
69741
69746
69755
69761
69768
69780
69782
69782
69794
69807
69810
69813
69816
69820
69821
69839
69839
69853
69858
69860
69880
69892
69945
69951
69954
69968
69985
69989
69991
69996
70020
70026
70048
70078
70085
70089
70106
70122
70130
70132
70181
70215
70225
70232
70237
70237
70266
70308
70320
70320
70341
70370
70380
70401
70444
70444
70460
70481
70511
70516
70542
70552
70555
70562
70589
70590
70672
70715
70715
70736
70796
70799
70831
70872
70901
70904
70904
70909
70929
70979
70985
70988
71005
71030
71035
71044
71053
71057
71069
71070
71071
71072
71075
71076
71077
71091
71101
71104
71139
71142
71153
71173
71190
71196
71214
71230
71232
71244
71252
71264
71264
71281
71296
71309
71310
71357
71360
71362
71380
71381
71390
71392
71392
71398
71424
71438
71453
71488
71491
71505
71514
71521
71537
71550
71556
71562
71568
71574
71578
71586
71599
71600
71624
71631
71636
71645
71659
71662
71663
71671
71698
71702
71705
71705
71715
71723
71725
71727
71739
71743
71744
71761
71781
71804
71817
71826
71828
71849
71862
71865
71867
71885
71889
71900
71912
71917
71925
71929
71931
71964
71972
71976
71980
71983
71983
71988
71993
71997
72039
72040
72075
72075
72076
72081
72093
72095
72108
72124
72151
72159
72180
72240
72260
72265
72273
72280
72281
72290
72325
72339
72339
72409
72432
72453
72490
72492
72505
72509
72527
72542
72564
72567
72576
72587
72633
72657
72664
72687
72688
72701
72703
72710
72730
72765
72783
72802
72802
72838
72846
72856
72881
72896
72900
72916
72921
72928
72928
72944
72960
72966
72995
73014
73035
73038
73042
73043
73065
73077
73095
73096
73099
73105
73106
73107
73114
73121
73143
73150
73157
73169
73172
73202
73205
73211
73212
73218
73219
73223
73238
73241
73266
73267
73273
73316
73319
73320
73325
73336
73392
73408
73414
73420
73430
73439
73440
73452
73456
73464
73477
73485
73487
73494
73496
73503
73505
73511
73563
73565
73568
73568
73582
73594
73606
73613
73615
73628
73634
73635
73641
73646
73653
73659
73660
73669
73679
73686
73703
73711
73712
73722
73724
73724
73727
73728
73743
73745
73747
73748
73753
73753
73756
73764
73773
73775
73793
73807
73807
73809
73838
73843
73846
73851
73855
73858
73864
73871
73873
73891
73891
73893
73911
73926
73943
73943
73943
73947
73953
74014
74019
74022
74034
74040
74053
74059
74070
74090
74110
74160
74172
74182
74206
74220
74222
74227
74255
74289
74299
74308
74348
74353
74360
74366
74372
74386
74394
74423
74431
74449
74453
74456
74471
74473
74503
74505
74506
74518
74527
74537
74548
74549
74557
74558
74568
74579
74594
74600
74625
74644
74649
74691
74710
74718
74740
74740
74818
74830
74832
74846
74857
74862
74865
74878
74928
74932
74945
74951
74956
74964
74977
74977
74987
74988
74990
74994
75014
75021
75023
75039
75049
75050
75050
75056
75058
75068
75069
75074
75074
75082
75082
75086
75088
75090
75102
75117
75122
75122
75131
75133
75143
75148
75150
75155
75172
75179
75180
75188
75203
75206
75209
75211
75213
75217
75220
75223
75230
75231
75233
75244
75244
75248
75255
75271
75278
75281
75315
75320
75320
75326
75334
75337
75341
75355
75355
75360
75374
75374
75374
75377
75384
75398
75403
75422
75430
75437
75443
75443
75451
75452
75454
75457
75462
75482
75483
75488
75489
75493
75504
75509
75510
75520
75532
75534
75535
75551
75553
75556
75558
75559
75563
75580
75583
75589
75589
75596
75599
75611
75615
75615
75618
75630
75633
75635
75636
75641
75641
75642
75646
75649
75653
75654
75675
75679
75680
75698
75743
75743
75746
75747
75749
75757
75761
75766
75771
75773
75783
75803
75811
75812
75814
75817
75825
75831
75835
75845
75869
75881
75890
75894
75899
75919
75928
75931
75945
75949
75982
75988
75995
75998
76005
76013
76021
76030
76042
76050
76073
76104
76109
76117
76122
76123
76129
76142
76149
76157
76161
76181
76187
76188
76191
76208
76220
76224
76226
76229
76249
76254
76258
76278
76299
76304
76305
76309
76328
76334
76342
76347
76355
76373
76375
76382
76387
76388
76396
76400
76431
76432
76432
76460
76462
76466
76472
76503
76514
76522
76533
76545
76548
76562
76563
76564
76565
76582
76598
76609
76650
76665
76674
76703
76706
76710
76760
76797
76802
76819
76822
76832
76832
76856
76869
76880
76902
76904
76915
76920
76931
76941
76942
76955
76999
77004
77006
77030
77035
77038
77042
77043
77055
77060
77114
77151
77163
77167
77191
77199
77207
77210
77211
77221
77226
77226
77236
77275
77275
77275
77279
77320
77369
77372
77380
77434
77438
77462
77482
77498
77501
77513
77515
77521
77549
77557
77557
77566
77587
77613
77615
77616
77619
77623
77691
77693
77734
77750
77756
77806
77809
77818
77821
77832
77887
77890
77893
77894
77895
77905
77908
77914
77917
77919
77922
77926
77949
77980
77980
77990
77990
78012
78017
78022
78024
78045
78045
78076
78082
78085
78098
78105
78113
78118
78136
78141
78148
78168
78176
78181
78182
78189
78204
78215
78216
78218
78224
78237
78239
78240
78243
78265
78279
78296
78304
78308
78313
78316
78331
78331
78336
78341
78349
78359
78364
78384
78393
78414
78431
78436
78437
78456
78457
78468
78470
78479
78482
78484
78492
78495
78510
78516
78517
78521
78536
78536
78538
78550
78552
78559
78573
78578
78582
78588
78592
78604
78606
78613
78621
78646
78654
78656
78661
78668
78687
78722
78742
78748
78748
78751
78754
78757
78761
78763
78765
78774
78774
78778
78792
78795
78806
78806
78817
78825
78837
78843
78862
78883
78884
78887
78901
78913
78917
78925
78942
78960
78962
78967
78978
78984
78989
78994
79001
79014
79034
79047
79049
79057
79057
79058
79060
79076
79084
79101
79117
79140
79156
79156
79169
79181
79186
79227
79234
79239
79249
79255
79260
79274
79275
79289
79291
79295
79301
79303
79311
79341
79344
79344
79347
79362
79372
79376
79399
79408
79434
79461
79463
79468
79468
79473
79480
79482
79503
79530
79533
79538
79613
79623
79633
79653
79655
79673
79678
79724
79726
79727
79743
79760
79767
79768
79790
79793
79805
79812
79813
79853
79865
79869
79874
79893
79896
79905
79917
79918
79948
79952
79958
79975
79984
80013
80035
80044
80054
80056
80065
80075
80088
80111
80142
80164
80172
80175
80176
80186
80209
80223
80235
80238
80242
80244
80245
80255
80275
80278
80286
80296
80320
80326
80328
80336
80350
80358
80359
80371
80372
80384
80433
80448
80448
80450
80486
80495
80497
80515
80519
80520
80539
80540
80564
80587
80599
80616
80618
80623
80629
80629
80637
80649
80653
80663
80667
80688
80737
80767
80795
80825
80826
80837
80839
80851
80868
80869
80870
80873
80901
80905
80910
80920
80920
80925
80928
80936
80938
80953
80958
80976
80986
80997
80997
81011
81021
81029
81042
81047
81054
81106
81125
81126
81145
81149
81162
81177
81217
81224
81248
81249
81252
81255
81267
81289
81298
81315
81323
81331
81331
81349
81351
81353
81353
81379
81395
81414
81431
81444
81447
81453
81461
81486
81498
81514
81534
81536
81555
81567
81571
81591
81602
81614
81641
81644
81651
81652
81655
81673
81681
81697
81699
81741
81761
81778
81786
81788
81791
81793
81807
81817
81818
81849
81866
81881
81895
81906
81908
81913
81929
81947
81948
81960
81967
81983
81996
82002
82026
82061
82071
82100
82108
82138
82143
82148
82151
82174
82204
82207
82221
82225
82284
82294
82300
82311
82313
82331
82337
82340
82342
82367
82368
82379
82383
82388
82396
82418
82424
82431
82434
82435
82455
82484
82498
82519
82549
82551
82552
82574
82608
82610
82637
82673
82677
82721
82746
82765
82773
82774
82814
82823
82851
82853
82854
82854
82854
82861
82905
82909
82918
82921
82925
82927
82940
82956
82964
82988
82994
83002
83015
83048
83048
83051
83065
83071
83077
83079
83084
83103
83109
83132
83135
83140
83145
83170
83181
83186
83196
83216
83220
83234
83240
83244
83247
83247
83263
83280
83292
83299
83314
83318
83321
83360
83362
83364
83365
83366
83367
83376
83390
83393
83396
83403
83403
83407
83408
83420
83439
83443
83447
83452
83477
83486
83486
83489
83497
83497
83502
83512
83513
83520
83549
83560
83561
83568
83571
83575
83581
83586
83590
83592
83594
83599
83603
83610
83618
83632
83642
83678
83682
83687
83692
83705
83711
83713
83724
83729
83743
83745
83745
83745
83762
83768
83772
83773
83775
83779
83803
83818
83821
83821
83825
83830
83851
83855
83870
83883
83884
83885
83892
83893
83894
83909
83915
83942
83944
83945
83949
83949
83950
83950
83954
83961
83961
83998
84033
84045
84047
84057
84065
84070
84134
84157
84164
84175
84195
84196
84214
84239
84245
84248
84264
84264
84265
84272
84272
84274
84338
84348
84355
84355
84357
84362
84364
84378
84380
84384
84385
84393
84398
84422
84430
84439
84442
84449
84463
84466
84466
84471
84474
84486
84491
84493
84524
84527
84530
84536
84557
84560
84563
84581
84594
84604
84606
84615
84624
84631
84645
84652
84678
84708
84712
84712
84714
84719
84721
84739
84742
84752
84762
84763
84767
84793
84824
84825
84826
84827
84839
84842
84843
84850
84853
84867
84870
84875
84883
84896
84901
84909
84910
84919
84928
84935
84942
84956
84969
84974
84980
84982
84986
84990
85002
85003
85007
85010
85014
85017
85020
85029
85037
85039
85040
85042
85046
85052
85055
85080
85089
85120
85123
85124
85128
85129
85134
85139
85156
85161
85168
85183
85210
85224
85227
85228
85252
85258
85261
85266
85271
85279
85299
85300
85317
85339
85353
85353
85357
85371
85383
85397
85405
85408
85410
85414
85418
85420
85422
85438
85440
85440
85452
85455
85463
85463
85465
85476
85489
85493
85494
85500
85502
85503
85505
85519
85520
85534
85538
85546
85549
85557
85561
85582
85592
85595
85603
85605
85610
85629
85632
85632
85636
85647
85648
85658
85658
85662
85666
85669
85670
85675
85681
85681
85684
85694
85704
85715
85715
85725
85731
85737
85745
85746
85770
85779
85787
85810
85820
85828
85832
85833
85835
85837
85840
85844
85859
85869
85873
85875
85880
85884
85899
85904
85909
85914
85952
85985
85991
85993
85994
86009
86010
86013
86030
86036
86046
86049
86059
86062
86067
86069
86079
86123
86160
86172
86184
86188
86197
86205
86206
86212
86232
86244
86256
86265
86275
86277
86285
86332
86334
86335
86337
86344
86349
86352
86353
86374
86378
86380
86387
86389
86420
86442
86443
86465
86477
86479
86482
86483
86484
86484
86517
86519
86538
86549
86551
86555
86558
86559
86569
86578
86585
86585
86592
86594
86606
86621
86625
86652
86668
86677
86679
86682
86685
86691
86692
86694
86699
86701
86747
86750
86754
86756
86769
86777
86780
86787
86791
86792
86806
86808
86822
86829
86829
86836
86852
86871
86871
86874
86875
86886
86891
86892
86893
86893
86895
86899
86907
86909
86910
86920
86921
86924
86938
86939
86946
86947
86950
86953
86963
86973
86979
86994
86995
87007
87012
87019
87029
87031
87035
87037
87038
87044
87055
87057
87066
87080
87095
87103
87121
87156
87170
87203
87209
87210
87213
87217
87231
87254
87259
87262
87263
87263
87278
87285
87312
87316
87319
87321
87324
87328
87333
87336
87337
87347
87349
87359
87376
87389
87401
87417
87420
87425
87425
87427
87430
87450
87452
87456
87477
87487
87490
87507
87509
87509
87526
87527
87541
87548
87561
87567
87581
87603
87606
87616
87619
87620
87621
87635
87648
87690
87692
87693
87697
87700
87703
87706
87722
87732
87749
87772
87775
87782
87789
87793
87804
87805
87807
87813
87813
87827
87829
87831
87835
87839
87864
87895
87902
87927
87933
87935
87945
87954
87960
87965
87971
87973
87981
87986
88012
88026
88029
88038
88039
88045
88051
88063
88065
88069
88073
88078
88085
88089
88097
88114
88117
88120
88133
88136
88139
88148
88159
88186
88192
88196
88211
88211
88214
88215
88216
88218
88222
88238
88254
88270
88272
88283
88290
88292
88297
88309
88319
88323
88344
88376
88402
88430
88447
88452
88453
88466
88472
88480
88504
88507
88536
88574
88610
88614
88619
88624
88632
88639
88649
88661
88669
88671
88675
88695
88701
88709
88728
88740
88773
88781
88786
88792
88801
88804
88814
88821
88822
88850
88863
88864
88867
88875
88879
88880
88884
88889
88895
88898
88901
88907
88933
88944
88947
88953
88959
88972
88975
88987
88994
88995
89003
89009
89020
89022
89034
89036
89045
89045
89048
89051
89051
89056
89057
89061
89069
89096
89098
89105
89116
89122
89132
89134
89139
89149
89154
89163
89173
89174
89181
89195
89202
89202
89209
89235
89239
89260
89285
89298
89302
89305
89315
89315
89331
89338
89352
89353
89359
89368
89373
89374
89397
89401
89419
89422
89423
89435
89444
89449
89457
89461
89480
89490
89495
89500
89509
89509
89513
89518
89528
89532
89537
89543
89548
89548
89550
89562
89566
89567
89569
89574
89579
89589
89590
89594
89595
89597
89598
89598
89600
89610
89610
89616
89633
89650
89669
89672
89677
89695
89698
89705
89740
89744
89745
89745
89752
89756
89756
89757
89766
89767
89781
89783
89792
89794
89795
89815
89817
89819
89820
89824
89831
89838
89855
89860
89868
89875
89914
89915
89920
89928
89936
89936
89942
89958
89969
89971
90007
90017
90032
90039
90044
90068
90072
90077
90079
90080
90084
90084
90091
90094
90101
90105
90132
90137
90169
90187
90199
90224
90233
90238
90240
90243
90252
90252
90265
90266
90267
90294
90295
90295
90308
90310
90317
90322
90322
90328
90332
90361
90375
90389
90403
90414
90415
90416
90417
90419
90429
90435
90454
90470
90492
90492
90505
90510
90515
90520
90522
90534
90537
90565
90570
90572
90605
90612
90628
90635
90636
90646
90664
90667
90735
90748
90756
90758
90771
90783
90784
90786
90805
90812
90813
90813
90813
90820
90821
90840
90850
90857
90860
90866
90866
90870
90893
90911
90924
90924
90936
90946
90958
90959
90961
90962
90973
90973
90995
91003
91006
91010
91016
91016
91020
91034
91048
91057
91057
91060
91080
91089
91090
91095
91095
91097
91098
91116
91125
91128
91164
91185
91208
91240
91243
91259
91270
91296
91310
91311
91312
91314
91321
91328
91334
91335
91347
91350
91360
91372
91378
91380
91381
91389
91400
91422
91423
91433
91442
91446
91450
91457
91461
91470
91473
91486
91508
91514
91515
91531
91533
91569
91581
91582
91599
91611
91629
91631
91637
91641
91650
91652
91653
91663
91663
91666
91675
91677
91689
91698
91708
91714
91717
91729
91731
91743
91745
91768
91773
91778
91778
91785
91791
91813
91813
91814
91831
91833
91837
91844
91846
91851
91853
91859
91862
91872
91879
91881
91916
91921
91939
91949
91958
91968
91972
91987
91998
92005
92007
92026
92048
92048
92056
92091
92096
92105
92114
92148
92157
92167
92196
92207
92225
92250
92262
92264
92264
92274
92274
92304
92311
92315
92327
92340
92389
92390
92396
92399
92406
92422
92423
92423
92427
92432
92439
92442
92446
92467
92470
92477
92479
92481
92491
92498
92500
92522
92526
92529
92543
92555
92567
92568
92578
92590
92597
92607
92614
92618
92622
92627
92632
92635
92641
92647
92665
92670
92680
92684
92691
92751
92752
92754
92761
92764
92767
92770
92776
92778
92781
92787
92802
92806
92813
92833
92834
92850
92856
92866
92866
92869
92872
92872
92889
92892
92899
92912
92915
92959
92966
92966
92967
92971
92974
92988
92991
92999
93009
93009
93014
93015
93032
93037
93038
93040
93042
93076
93098
93098
93099
93120
93129
93141
93146
93159
93165
93166
93169
93170
93176
93183
93186
93193
93203
93204
93205
93212
93217
93230
93231
93231
93237
93238
93241
93244
93244
93254
93268
93270
93293
93299
93300
93305
93306
93307
93307
93319
93329
93330
93337
93344
93344
93347
93362
93368
93371
93380
93383
93385
93399
93402
93411
93412
93421
93428
93433
93437
93449
93475
93482
93489
93491
93492
93494
93498
93507
93517
93532
93533
93533
93546
93551
93570
93570
93575
93637
93642
93650
93652
93661
93672
93687
93704
93717
93724
93741
93743
93744
93744
93748
93754
93764
93772
93774
93787
93788
93797
93811
93827
93830
93833
93833
93844
93850
93870
93885
93893
93897
93918
93924
93935
93941
93960
93963
93967
93978
93989
93990
93998
94013
94015
94018
94020
94037
94042
94056
94068
94068
94070
94070
94083
94090
94101
94115
94118
94124
94130
94134
94141
94160
94193
94221
94221
94226
94229
94234
94248
94257
94263
94269
94277
94278
94301
94304
94315
94317
94318
94319
94320
94323
94327
94343
94358
94359
94361
94380
94381
94386
94394
94395
94407
94409
94411
94424
94424
94425
94429
94432
94433
94462
94487
94509
94512
94521
94546
94565
94572
94583
94586
94607
94623
94624
94626
94626
94627
94652
94662
94663
94664
94665
94676
94678
94683
94688
94698
94699
94712
94713
94717
94725
94726
94735
94735
94743
94745
94771
94774
94801
94809
94818
94838
94842
94853
94862
94863
94871
94874
94882
94924
94933
94935
94946
94948
94979
94982
94987
94987
94999
95002
95002
95008
95012
95014
95046
95054
95059
95062
95079
95089
95092
95103
95104
95106
95106
95107
95108
95113
95132
95137
95138
95140
95149
95159
95168
95211
95211
95221
95239
95257
95262
95275
95280
95293
95328
95328
95336
95350
95355
95358
95359
95360
95381
95391
95395
95404
95413
95419
95436
95438
95450
95461
95476
95481
95492
95496
95497
95507
95507
95529
95529
95534
95536
95539
95545
95561
95592
95598
95598
95600
95623
95623
95638
95638
95646
95647
95648
95655
95666
95671
95677
95680
95682
95683
95689
95697
95703
95712
95740
95746
95750
95751
95760
95763
95769
95792
95803
95806
95822
95831
95840
95843
95859
95863
95865
95878
95881
95881
95891
95895
95895
95895
95896
95907
95921
95921
95952
95960
95969
95982
95988
95989
95996
95998
96011
96020
96028
96047
96062
96078
96079
96090
96090
96091
96106
96110
96122
96125
96129
96134
96137
96142
96152
96156
96184
96192
96200
96206
96211
96221
96221
96233
96239
96252
96258
96263
96277
96279
96282
96295
96296
96313
96315
96327
96347
96351
96352
96358
96359
96361
96364
96366
96368
96380
96393
96395
96423
96429
96452
96461
96473
96486
96499
96525
96528
96535
96543
96544
96549
96553
96554
96561
96569
96586
96597
96604
96606
96617
96618
96638
96645
96656
96656
96666
96684
96685
96687
96695
96696
96699
96701
96709
96722
96727
96743
96745
96749
96751
96757
96758
96786
96799
96806
96830
96846
96854
96880
96880
96882
96885
96887
96888
96888
96906
96922
96972
96977
96979
96982
96988
97028
97033
97036
97038
97038
97039
97049
97053
97077
97080
97087
97090
97103
97106
97107
97113
97121
97152
97154
97160
97172
97172
97176
97184
97185
97202
97207
97222
97224
97228
97231
97236
97241
97254
97273
97283
97292
97296
97298
97301
97303
97319
97321
97324
97340
97351
97356
97360
97367
97408
97411
97418
97424
97446
97449
97453
97457
97462
97469
97486
97513
97524
97532
97536
97574
97582
97585
97614
97617
97619
97619
97627
97632
97639
97640
97642
97642
97653
97655
97658
97659
97665
97666
97671
97676
97679
97685
97685
97709
97712
97740
97745
97759
97786
97791
97804
97814
97841
97841
97868
97871
97883
97913
97936
97947
97962
97989
98004
98009
98073
98083
98102
98114
98146
98155
98165
98177
98196
98199
98200
98203
98205
98216
98238
98249
98253
98256
98266
98280
98288
98312
98315
98318
98332
98355
98361
98372
98391
98403
98417
98418
98423
98433
98442
98445
98446
98458
98475
98477
98482
98500
98502
98503
98571
98571
98573
98578
98586
98589
98605
98615
98655
