35
46
154
200
203
212
242
256
260
275
303
327
352
422
428
454
458
463
463
521
529
549
565
579
597
608
617
635
672
687
700
715
722
745
777
853
870
870
872
877
892
907
924
927
968
1026
1056
1073
1085
1148
1208
1263
1287
1304
1330
1434
1451
1476
1489
1537
1610
1664
1681
1682
1717
1802
1819
1851
1899
1967
1968
2068
2081
2086
2124
2199
2289
2342
2520
2546
2575
2683
2774
2807
2827
2875
2885
2922
2924
2938
2956
2958
2964
2989
3039
3048
3052
3060
3075
3078
3095
3151
3151
3237
3269
3301
3317
3355
3469
3492
3498
3503
3526
3541
3567
3636
3641
3642
3651
3729
3755
3770
3783
3798
3803
3826
3828
3865
3885
3888
4004
4030
4053
4091
4109
4120
4121
4127
4134
4150
4153
4210
4211
4282
4305
4306
4309
4310
4316
4333
4334
4411
4481
4496
4504
4525
4527
4579
4588
4595
4626
4633
4657
4687
4690
4720
4728
4800
4817
4841
4996
5000
5005
5012
5025
5033
5041
5052
5101
5176
5333
5374
5381
5398
5418
5429
5431
5438
5467
5496
5520
5636
5707
5738
5763
5781
5826
5951
6023
6072
6103
6173
6221
6223
6226
6381
6455
6569
6593
6602
6731
6748
6756
6762
6835
6848
6863
6889
6893
6896
6909
6911
6916
6920
6924
6933
6934
6939
6955
6957
6958
6960
6979
7006
7012
7057
7060
7063
7065
7127
7200
7203
7241
7247
7264
7264
7269
7276
7291
7295
7376
7380
7384
7385
7400
7443
7462
7469
7545
7548
7553
7560
7561
7564
7565
7579
7583
7587
7596
7621
7651
7698
7717
7719
7734
7752
7752
7780
7809
7831
7832
7834
7867
7951
7961
7963
7986
8014
8062
8081
8095
8124
8135
8146
8151
8167
8169
8224
8265
8292
8372
8388
8419
8433
8440
8451
8462
8468
8491
8498
8511
8513
8544
8569
8592
8601
8613
8637
8643
8652
8657
8658
8669
8671
8718
8734
8765
8769
8791
8792
8795
8813
8847
8884
8903
8909
8910
8929
8947
9078
9089
9095
9136
9165
9170
9204
9205
9214
9219
9232
9266
9305
9337
9341
9348
9349
9513
9520
9550
9578
9625
9658
9661
9669
9673
9674
9676
9713
9717
9730
9732
9749
9754
9773
9784
9792
9795
9817
9843
9844
9850
9867
9871
9873
9885
9914
9918
9932
9957
9963
9970
9974
9984
9986
10011
10022
10028
10036
10066
10073
10103
10114
10156
10186
10200
10226
10242
10273
10278
10283
10292
10300
10323
10348
10352
10379
10415
10461
10474
10511
10534
10555
10555
10556
10563
10578
10579
10614
10647
10676
10679
10687
10746
10768
10798
10822
10824
10832
10839
10915
10923
10942
10945
10947
10948
10951
10954
10993
11007
11017
11024
11030
11054
11064
11075
11075
11088
11092
11144
11169
11179
11183
11190
11231
11263
11269
11276
11281
11285
11320
11332
11339
11368
11369
11409
11431
11440
11445
11455
11544
11550
11552
11565
11579
11590
11608
11610
11612
11613
11665
11669
11676
11700
11707
11762
11775
11811
11828
11840
11858
11862
11864
11891
11894
11915
11925
11941
11968
11984
12010
12016
12023
12079
12124
12169
12193
12245
12261
12264
12299
12327
12341
12345
12358
12380
12427
12430
12447
12471
12478
12486
12487
12490
12502
12564
12601
12618
12623
12648
12658
12673
12712
12742
12778
12852
12854
12893
12915
12919
12950
12958
12980
13001
13011
13083
13113
13136
13146
13180
13184
13197
13209
13245
13273
13276
13319
13321
13332
13347
13359
13380
13386
13403
13443
13497
13511
13529
13533
13549
13601
13613
13614
13618
13623
13633
13635
13649
13670
13673
13745
13756
13771
13783
13790
13793
13806
13840
13849
13863
13907
13909
13929
13942
13975
13977
13983
13985
14006
14010
14018
14067
14110
14118
14152
14174
14176
14191
14196
14212
14216
14239
14247
14252
14268
14272
14280
14288
14297
14318
14326
14345
14347
14354
14374
14410
14439
14444
14460
14470
14475
14490
14521
14523
14538
14544
14548
14561
14620
14630
14636
14646
14664
14667
14678
14688
14710
14718
14723
14760
14763
14786
14788
14796
14815
14876
14930
14932
14932
14933
14961
14974
14975
14990
15015
15036
15037
15040
15053
15087
15104
15113
15135
15139
15147
15167
15219
15235
15236
15241
15268
15285
15290
15291
15292
15330
15342
15359
15373
15379
15401
15404
15410
15416
15429
15476
15484
15491
15509
15511
15520
15558
15593
15596
15632
15643
15663
15672
15753
15765
15815
15820
15869
15883
15962
15966
15989
16014
16089
16156
16211
16227
16246
16271
16308
16354
16430
16454
16469
16481
16502
16518
16557
16587
16611
16647
16648
16681
16701
16753
16782
16788
16788
16793
16813
16871
16872
16878
16888
16910
16999
17000
17023
17032
17042
17047
17065
17086
17087
17088
17104
17105
17146
17149
17157
17171
17202
17207
17247
17264
17286
17325
17333
17347
17382
17389
17430
17455
17457
17467
17473
17510
17514
17570
17574
17579
17586
17602
17651
17656
17724
17815
17838
17846
17857
17865
17872
17877
17880
17920
17930
17952
18004
18018
18043
18071
18095
18096
18119
18149
18155
18163
18181
18212
18238
18245
18344
18352
18416
18432
18436
18478
18485
18504
18558
18607
18609
18624
18627
18648
18654
18678
18686
18709
18709
18713
18722
18808
18829
18831
18871
18890
18899
18929
18945
18952
18964
18976
18989
18989
19009
19013
19031
19044
19062
19115
19129
19151
19182
19192
19214
19224
19258
19267
19387
19391
19412
19453
19473
19525
19528
19569
19633
19666
19688
19690
19696
19725
19770
19864
19896
19943
19954
19974
19983
20045
20067
20088
20096
20100
20108
20120
20136
20142
20207
20208
20230
20310
20317
20336
20351
20357
20379
20401
20406
20412
20444
20445
20481
20486
20502
20503
20590
20593
20659
20672
20678
20681
20727
20799
20816
20838
20906
20958
20981
21014
21062
21069
21170
21178
21211
21215
21345
21370
21389
21392
21415
21460
21460
21531
21564
21568
21611
21617
21622
21631
21636
21642
21646
21680
21754
21817
21819
21821
21846
21867
21873
21875
21897
21927
21950
21976
22042
22048
22064
22112
22118
22129
22131
22150
22151
22202
22283
22291
22302
22308
22333
22389
22420
22455
22583
22606
22643
22677
22692
22743
22753
22772
22782
22795
22797
22801
22821
22834
22842
22858
22872
22895
22897
22906
22966
22982
22988
23022
23072
23202
23205
23248
23296
23327
23345
23352
23387
23391
23396
23428
23447
23467
23467
23535
23560
23568
23571
23588
23596
23600
23603
23658
23659
23667
23674
23674
23676
23680
23692
23697
23704
23715
23756
23788
23793
23819
23865
23870
23872
23889
23910
23913
23913
23941
23942
23963
23965
23973
24000
24002
24041
24067
24073
24078
24079
24097
24105
24115
24147
24156
24171
24218
24224
24230
24240
24275
24276
24285
24312
24332
24364
24365
24368
24393
24396
24423
24516
24541
24546
24557
24627
24631
24694
24715
24758
24783
24784
24827
24890
24900
24921
24935
24939
24964
24984
24989
25003
25056
25058
25060
25063
25077
25081
25092
25119
25165
25185
25189
25221
25239
25287
25305
25343
25356
25372
25441
25458
25478
25533
25542
25547
25556
25571
25586
25598
25603
25615
25616
25644
25646
25646
25650
25653
25660
25668
25694
25701
25709
25714
25722
25727
25727
25737
25746
25765
25767
25774
25789
25799
25803
25807
25809
25811
25815
25833
25850
25851
25860
25869
25898
25903
25905
25921
25938
25958
25966
25991
25997
25999
26020
26040
26042
26050
26054
26070
26071
26082
26084
26100
26109
26133
26152
26163
26169
26178
26184
26186
26186
26229
26233
26259
26266
26268
26276
26282
26291
26292
26297
26303
26330
26340
26341
26351
26352
26358
26359
26361
26376
26412
26421
26423
26453
26466
26467
26488
26500
26509
26515
26532
26541
26546
26597
26608
26609
26633
26660
26664
26664
26673
26702
26732
26734
26769
26795
26827
26827
26832
26858
26867
26901
26907
26930
26938
26975
26981
26983
27013
27021
27024
27050
27061
27075
27114
27136
27144
27164
27205
27210
27211
27233
27233
27237
27259
27261
27266
27267
27297
27307
27310
27333
27338
27349
27377
27378
27426
27462
27518
27518
27537
27547
27553
27560
27596
27619
27630
27631
27646
27666
27694
27798
27803
27841
27889
27894
27896
27900
27948
27957
27959
27972
28023
28031
28137
28156
28175
28179
28215
28234
28235
28240
28244
28253
28290
28291
28303
28339
28355
28361
28368
28399
28400
28403
28446
28461
28475
28504
28507
28544
28568
28571
28585
28606
28609
28610
28623
28671
28700
28708
28715
28737
28754
28766
28781
28835
28896
28922
28972
29019
29024
29033
29053
29072
29098
29201
29222
29226
29246
29284
29308
29321
29357
29368
29379
29410
29500
29518
29535
29586
29602
29615
29622
29633
29692
29703
29720
29777
29834
29835
29840
29848
29850
29878
29907
29909
29927
29940
29950
29960
29972
29984
30013
30024
30039
30056
30065
30079
30140
30169
30182
30184
30197
30234
30248
30256
30266
30285
30300
30300
30363
30367
30411
30414
30469
30484
30487
30489
30534
30541
30547
30555
30614
30615
30620
30658
30674
30690
30705
30770
30776
30813
30817
30856
30871
30918
30925
30935
30935
30967
30988
30996
31002
31008
31021
31070
31109
31125
31145
31150
31156
31164
31170
31173
31177
31206
31215
31229
31250
31260
31274
31277
31300
31308
31314
31330
31335
31400
31404
31440
31444
31452
31549
31552
31652
31657
31667
31683
31687
31690
31695
31730
31744
31755
31778
31782
31808
31828
31832
31853
31870
31885
31891
31911
31912
31923
31938
31953
31957
31959
31993
32001
32014
32028
32042
32045
32054
32073
32091
32105
32106
32119
32123
32149
32162
32166
32173
32185
32233
32298
32299
32311
32313
32322
32349
32359
32364
32365
32367
32384
32423
32426
32436
32467
32483
32485
32487
32548
32566
32566
32614
32614
32630
32645
32647
32712
32718
32723
32727
32735
32740
32759
32778
32786
32814
32818
32838
32854
32856
32859
32864
32881
32882
32896
32905
32907
32911
32943
32950
32966
32968
32979
33014
33017
33018
33023
33060
33063
33093
33093
33093
33094
33116
33118
33131
33144
33185
33205
33213
33259
33278
33299
33316
33317
33365
33490
33500
33528
33554
33566
33574
33587
33597
33621
33624
33636
33646
33649
33674
33702
33705
33713
33717
33740
33762
33775
33817
33822
33836
33837
33837
33870
33874
33887
33916
33920
33928
33938
34005
34022
34028
34045
34046
34048
34052
34064
34070
34079
34097
34129
34159
34159
34225
34236
34260
34281
34294
34301
34320
34332
34420
34427
34431
34431
34472
34480
34506
34507
34509
34518
34520
34541
34550
34567
34573
34581
34595
34622
34632
34636
34658
34667
34703
34739
34742
34745
34756
34757
34759
34811
34816
34828
34867
34878
34896
34915
34915
34917
34925
34935
34942
34986
35006
35030
35051
35054
35076
35080
35162
35202
35213
35244
35249
35288
35293
35355
35379
35385
35405
35435
35446
35478
35502
35539
35553
35563
35630
35679
35708
35717
35743
35747
35758
35764
35784
35787
35800
35807
35808
35850
35858
35896
35912
35934
36036
36052
36065
36121
36140
36158
36183
36187
36190
36198
36204
36208
36220
36230
36243
36248
36259
36294
36325
36357
36390
36393
36428
36440
36444
36448
36450
36461
36469
36562
36618
36653
36691
36703
36735
36786
36811
36860
36869
36888
36894
36911
36957
36976
36980
37009
37100
37125
37132
37186
37193
37206
37261
37282
37282
37305
37314
37409
37482
37521
37529
37549
37603
37680
37699
37727
37753
37796
37803
37833
37839
37859
37861
37878
37884
37885
37891
37904
37914
37979
37985
37988
38012
38021
38044
38051
38056
38073
38075
38081
38092
38106
38109
38115
38132
38135
38138
38160
38170
38174
38176
38188
38266
38291
38303
38310
38319
38320
38349
38400
38403
38415
38418
38428
38440
38445
38467
38505
38568
38589
38600
38693
38695
38695
38700
38797
38800
38805
38817
38869
38881
38893
38895
38902
38904
38928
38947
38964
38979
38998
39016
39018
39026
39039
39061
39071
39081
39104
39106
39137
39158
39164
39166
39171
39173
39177
39180
39186
39189
39204
39204
39217
39226
39232
39254
39273
39276
39284
39290
39304
39331
39345
39369
39374
39399
39399
39436
39444
39476
39489
39511
39561
39570
39604
39647
39693
39714
39720
39749
39750
39786
39813
39815
39819
39827
39851
39871
39931
39992
39996
40018
40055
40107
40127
40159
40180
40187
40201
40203
40225
40235
40237
40243
40279
40313
40349
40393
40399
40410
40435
40459
40501
40506
40554
40561
40587
40611
40612
40622
40648
40660
40735
40737
40750
40755
40756
40763
40764
40771
40776
40819
40827
40872
40880
40909
40937
40957
40959
40964
40968
40972
40989
41030
41037
41039
41041
41105
41140
41195
41199
41255
41261
41269
41272
41287
41328
41338
41403
41414
41417
41492
41512
41531
41563
41606
41632
41633
41640
41645
41668
41690
41755
41772
41777
41839
41862
41864
41968
41987
41994
42090
42105
42154
42214
42267
42268
42278
42313
42315
42361
42445
42480
42486
42518
42520
42541
42544
42598
42656
42717
42730
42738
42831
42833
42869
42881
42885
42943
42995
43003
43023
43062
43078
43091
43107
43109
43115
43133
43148
43150
43170
43177
43180
43185
43188
43261
43269
43293
43332
43355
43377
43432
43433
43519
43522
43557
43620
43631
43649
43661
43726
43729
43734
43745
43755
43758
43777
43800
43801
43802
43807
43807
43830
43833
43849
43869
43878
43888
43905
43913
43931
43952
43971
43982
43985
43990
43994
44020
44028
44038
44072
44075
44093
44153
44155
44163
44174
44247
44249
44273
44274
44280
44281
44283
44299
44299
44303
44332
44332
44337
44339
44354
44366
44370
44380
44381
44397
44427
44456
44472
44482
44495
44536
44542
44569
44595
44601
44618
44641
44647
44655
44658
44658
44660
44675
44675
44683
44704
44706
44708
44710
44718
44720
44725
44743
44746
44754
44796
44801
44808
44829
44845
44860
44900
44903
44925
44942
44944
44953
44955
45018
45032
45032
45038
45043
45050
45057
45060
45061
45066
45075
45078
45120
45139
45151
45168
45168
45170
45180
45195
45220
45248
45250
45262
45279
45302
45304
45305
45313
45327
45337
45338
45372
45372
45374
45397
45437
45465
45484
45487
45498
45503
45506
45509
45514
45515
45517
45538
45548
45554
45600
45602
45608
45640
45663
45673
45687
45689
45690
45694
45742
45761
45763
45764
45778
45806
45824
45836
45860
45865
45883
45897
45898
45939
45940
45950
45952
46001
46054
46066
46069
46084
46121
46163
46175
46197
46210
46212
46212
46219
46235
46245
46285
46305
46336
46366
46391
46392
46397
46399
46400
46407
46429
46434
46450
46475
46488
46494
46511
46556
46565
46585
46595
46596
46597
46616
46653
46659
46684
46755
46806
46865
46948
46966
46972
47004
47066
47073
47112
47122
47144
47176
47190
47191
47310
47337
47431
47458
47471
47576
47586
47613
47617
47652
47659
47676
47702
47723
47748
47771
47792
47835
47860
47883
47918
47973
47974
47990
48023
48041
48134
48138
48179
48208
48238
48247
48261
48322
48368
48381
48401
48408
48411
48424
48436
48456
48476
48501
48513
48515
48536
48568
48606
48643
48646
48649
48653
48659
48668
48696
48707
48723
48752
48758
48763
48766
48769
48771
48772
48779
48784
48860
48867
48874
48927
48944
48954
48960
49031
49049
49099
49115
49116
49134
49139
49145
49152
49156
49156
49176
49200
49225
49230
49270
49274
49297
49303
49366
49373
49379
49389
49424
49443
49461
49487
49496
49511
49515
49547
49549
49564
49565
49568
49577
49580
49613
49627
49800
49807
49814
49824
49839
49840
49841
49874
49897
49901
49930
49939
49946
49962
49963
49997
50050
50051
50062
50064
50069
50179
50184
50185
50188
50206
50217
50231
50231
50236
50255
50262
50279
50303
50307
50313
50329
50346
50351
50363
50366
50412
50436
50441
50444
50450
50455
50499
50546
50548
50552
50562
50572
50573
50601
50618
50624
50640
50656
50659
50660
50672
50676
50697
50706
50715
50721
50721
50741
50745
50758
50808
50809
50841
50880
50910
50913
50949
51035
51054
51087
51115
51117
51124
51168
51169
51172
51184
51207
51216
51226
51229
51258
51262
51269
51272
51283
51317
51328
51342
51380
51390
51436
51436
51448
51453
51473
51475
51481
51500
51518
51580
51590
51592
51644
51656
51683
51690
51736
51740
51741
51759
51773
51800
51821
51862
51869
51888
51911
51930
51942
51956
51964
51982
51988
51991
52029
52064
52068
52079
52088
52103
52106
52107
52111
52152
52172
52202
52213
52225
52253
52260
52261
52294
52301
52326
52344
52370
52393
52436
52451
52470
52483
52484
52484
52484
52495
52501
52507
52517
52534
52538
52544
52584
52586
52591
52595
52613
52614
52619
52622
52638
52659
52716
52739
52748
52761
52762
52800
52805
52818
52834
52841
52852
52896
52900
52906
52911
52939
52960
52962
52975
52995
53013
53020
53040
53044
53054
53105
53108
53124
53153
53162
53164
53175
53190
53220
53227
53237
53261
53261
53263
53265
53270
53271
53279
53283
53290
53301
53306
53323
53346
53354
53364
53371
53374
53391
53395
53399
53416
53417
53422
53453
53476
53479
53486
53487
53492
53492
53503
53539
53553
53558
53567
53637
53644
53647
53671
53687
53688
53688
53716
53741
53741
53752
53753
53753
53753
53800
53812
53830
53853
53860
53869
53989
54017
54063
54068
54069
54075
54075
54081
54121
54127
54167
54238
54273
54305
54342
54344
54360
54387
54394
54396
54467
54502
54557
54557
54594
54616
54632
54649
54656
54667
54683
54710
54814
54843
54910
54937
54958
54979
54989
55013
55089
55099
55139
55152
55172
55175
55217
55225
55225
55253
55276
55354
55375
55385
55453
55499
55508
55515
55532
55541
55551
55571
55592
55681
55683
55740
55743
55748
55778
55787
55847
55861
55908
55908
55911
55921
55987
55996
56009
56034
56054
56068
56086
56089
56108
56133
56202
56203
56233
56272
56318
56354
56364
56372
56396
56398
56406
56413
56444
56447
56451
56517
56522
56544
56611
56618
56668
56675
56687
56703
56704
56757
56814
56848
56851
56862
56872
56935
56941
56950
57009
57030
57058
57109
57112
57136
57156
57164
57183
57206
57216
57230
57245
57258
57275
57279
57291
57350
57397
57420
57424
57439
57482
57490
57509
57598
57610
57616
57626
57635
57642
57648
57658
57674
57678
57692
57717
57743
57755
57831
57837
57867
57881
57889
57894
58006
58055
58076
58076
58104
58133
58173
58192
58197
58212
58234
58241
58246
58264
58279
58297
58318
58330
58349
58358
58359
58360
58388
58392
58394
58404
58418
58431
58460
58464
58466
58473
58483
58493
58499
58501
58505
58508
58532
58557
58565
58612
58621
58651
58679
58685
58689
58723
58734
58755
58779
58794
58798
58801
58809
58811
58826
58845
58846
58885
58949
58962
59000
59002
59003
59014
59016
59020
59026
59044
59050
59072
59075
59090
59091
59108
59132
59137
59150
59212
59216
59252
59255
59257
59266
59266
59270
59288
59305
59310
59334
59343
59345
59367
59385
59402
59408
59408
59414
59423
59472
59477
59497
59503
59511
59512
59517
59533
59569
59578
59578
59586
59607
59610
59650
59654
59657
59664
59674
59694
59702
59712
59722
59723
59728
59778
59808
59822
59838
59856
59864
59865
59876
59877
59899
59912
59916
59920
59925
59957
59958
59995
60003
60018
60022
60033
60057
60060
60066
60067
60072
60085
60090
60101
60117
60122
60126
60131
60141
60142
60181
60185
60193
60198
60202
60227
60248
60252
60273
60278
60298
60342
60347
60353
60375
60391
60411
60421
60429
60458
60462
60469
60488
60495
60522
60537
60553
60561
60563
60582
60603
60623
60627
60678
60678
60727
60730
60747
60749
60832
60837
60839
60860
60874
60968
60975
61021
61030
61037
61053
61055
61058
61141
61157
61178
61250
61288
61291
61327
61328
61329
61341
61388
61407
61408
61418
61426
61437
61495
61496
61521
61546
61578
61610
61744
61749
61760
61761
61780
61787
61803
61805
61825
61879
61939
61996
62010
62039
62040
62052
62087
62107
62126
62131
62141
62206
62211
62232
62250
62269
62278
62279
62293
62308
62312
62316
62323
62350
62366
62369
62405
62431
62448
62479
62492
62496
62497
62499
62546
62558
62619
62637
62669
62755
62759
62761
62770
62803
62821
62830
62837
62842
62850
62907
62913
62915
62925
62944
62952
62993
62994
63015
63069
63103
63110
63111
63144
63159
63163
63171
63178
63229
63254
63263
63264
63272
63272
63307
63325
63353
63357
63392
63393
63402
63404
63406
63432
63445
63463
63493
63502
63564
63581
63590
63602
63623
63663
63672
63681
63686
63706
63706
63714
63746
63747
63752
63763
63768
63774
63796
63813
63817
63828
63839
63842
63863
63880
63892
63905
63920
63954
63958
63972
64016
64019
64114
64148
64165
64181
64200
64205
64206
64211
64252
64264
64283
64290
64295
64296
64329
64346
64395
64400
64401
64409
64448
64448
64476
64524
64524
64529
64536
64541
64562
64588
64620
64626
64627
64649
64656
64686
64689
64698
64740
64747
64748
64779
64808
64813
64823
64827
64876
64898
64920
64937
64948
64951
64952
64956
64958
64978
64978
65038
65089
65120
65122
65145
65151
65192
65228
65239
65246
65252
65256
65261
65271
65285
65307
65309
65320
65322
65367
65371
65392
65417
65464
65482
65494
65498
65568
65605
65607
65629
65636
65669
65681
65697
65701
65706
65711
65756
65819
65852
65907
65947
65974
65988
66040
66072
66143
66268
66317
66328
66421
66468
66506
66540
66551
66577
66596
66613
66668
66682
66804
66804
66823
66938
66962
66975
66986
67013
67026
67141
67169
67179
67198
67228
67263
67268
67281
67304
67330
67403
67464
67469
67509
67551
67586
67604
67631
67672
67777
67845
67902
67913
68014
68040
68056
68068
68190
68200
68207
68258
68344
68377
68389
68409
68419
68427
68442
68447
68457
68478
68492
68501
68505
68512
68519
68533
68535
68561
68583
68615
68625
68625
68640
68646
68657
68659
68679
68690
68694
68706
68735
68744
68776
68804
68809
68835
68864
68878
68895
68911
68953
68958
68999
69006
69038
69065
69068
69080
69082
69083
69085
69096
69118
69126
69129
69133
69187
69194
69212
69219
69221
69243
69259
69295
69318
69354
69431
69460
69470
69479
69501
69503
69509
69512
69516
69518
69544
69548
69580
69624
69634
69642
69676
69720
69728
69765
69786
69818
69824
69866
69885
69896
70015
70026
70079
70129
70156
70157
70201
70221
70231
70243
70247
70268
70270
70282
70282
70289
70297
70311
70332
70340
70352
70367
70368
70387
70390
70403
70416
70437
70439
70439
70494
70569
70589
70606
70610
70623
70625
70638
70648
70661
70690
70692
70713
70719
70720
70724
70726
70752
70774
70784
70794
70805
70831
70833
70839
70846
70876
70903
70908
70924
70947
70977
70985
70994
71026
71061
71065
71066
71078
71087
71093
71096
71108
71110
71116
71123
71137
71160
71163
71172
71183
71212
71214
71217
71219
71310
71314
71314
71341
71348
71380
71383
71386
71478
71484
71521
71536
71542
71546
71546
71547
71548
71631
71641
71657
71696
71708
71749
71758
71761
71776
71805
71815
71819
71860
71895
71928
71937
71975
71979
72020
72021
72031
72040
72042
72102
72107
72137
72137
72154
72156
72179
72179
72181
72197
72202
72226
72243
72253
72260
72269
72270
72273
72289
72306
72313
72339
72341
72342
72356
72411
72412
72425
72434
72471
72486
72490
72506
72517
72538
72546
72548
72557
72563
72599
72608
72611
72695
72712
72723
72744
72757
72767
72823
72857
72875
72905
72932
72951
72987
72999
73029
73047
73092
73099
73106
73147
73159
73168
73182
73234
73238
73251
73253
73269
73282
73287
73342
73348
73357
73388
73389
73400
73418
73447
73464
73531
73547
73554
73585
73600
73604
73614
73641
73664
73668
73693
73695
73697
73737
73742
73758
73787
73788
73796
73802
73805
73822
73834
73842
73882
73894
73904
73909
73917
73965
73998
74009
74009
74010
74050
74052
74054
74082
74090
74121
74124
74126
74161
74174
74179
74184
74223
74265
74305
74307
74324
74385
74406
74418
74444
74449
74455
74469
74519
74525
74529
74628
74633
74658
74678
74695
74776
74785
74787
74794
74816
74831
74848
74851
74858
74864
74877
74882
74955
74982
74990
75007
75011
75044
75048
75050
75068
75075
75081
75111
75114
75130
75130
75136
75137
75165
75166
75184
75188
75227
75236
75260
75262
75274
75279
75298
75317
75318
75343
75364
75367
75380
75417
75435
75438
75454
75468
75471
75522
75525
75541
75552
75577
75613
75615
75633
75647
75648
75653
75689
75705
75705
75719
75758
75762
75814
75833
75857
75878
75888
75907
75930
75930
75952
75959
75973
76002
76019
76025
76067
76106
76116
76117
76123
76130
76130
76143
76170
76203
76214
76229
76242
76252
76278
76291
76314
76352
76361
76398
76403
76444
76446
76452
76460
76483
76499
76524
76529
76629
76660
76667
76668
76701
76701
76704
76720
76720
76740
76752
76767
76785
76791
76791
76861
76897
76910
76957
76961
76979
77017
77033
77034
77052
77075
77094
77121
77134
77139
77144
77180
77184
77208
77235
77247
77262
77269
77270
77281
77303
77304
77336
77348
77359
77390
77394
77398
77411
77435
77440
77448
77459
77480
77490
77491
77494
77505
77508
77512
77516
77565
77571
77578
77591
77598
77603
77607
77623
77670
77695
77696
77714
77723
77760
77783
77801
77812
77815
77830
77837
77848
77850
77861
77864
77883
77889
77902
77924
77945
77988
77995
78009
78033
78038
78060
78074
78093
78096
78116
78136
78136
78139
78140
78146
78156
78165
78187
78203
78244
78245
78245
78322
78330
78340
78348
78349
78387
78406
78420
78433
78433
78437
78448
78451
78476
78491
78492
78511
78513
78538
78544
78562
78582
78583
78595
78617
78633
78639
78648
78649
78656
78663
78676
78720
78720
78751
78777
78787
78805
78860
78869
78926
78990
79010
79043
79055
79068
79104
79193
79241
79332
79377
79377
79486
79507
79509
79530
79620
79661
79752
79764
79863
79893
79901
79913
80046
80059
80231
80245
80318
80326
80359
80370
80388
80391
80419
80476
80566
80588
80593
80620
80656
80660
80677
80733
80755
80767
80831
80859
80906
80907
80926
80938
80943
80948
80954
80981
80986
81027
81031
81040
81052
81052
81076
81093
81136
81156
81216
81221
81242
81245
81309
81331
81369
81392
81403
81404
81420
81427
81452
81478
81481
81529
81579
81655
81674
81686
81843
81868
81881
81928
81951
81960
81990
82002
82016
82021
82022
82034
82051
82057
82057
82060
82067
82069
82074
82143
82148
82167
82184
82189
82208
82240
82242
82243
82269
82273
82324
82336
82348
82394
82395
82407
82415
82447
82448
82465
82466
82476
82484
82486
82491
82555
82565
82580
82601
82655
82675
82683
82684
82699
82701
82708
82728
82751
82752
82771
82785
82795
82804
82839
82855
82858
82862
82869
82875
82883
82931
82933
82971
82989
83080
83093
83101
83121
83154
83180
83181
83276
83281
83290
83296
83324
83328
83333
83360
83383
83390
83391
83391
83513
83568
83574
83596
83626
83655
83689
83697
83734
83738
83754
83824
83868
83943
83948
83951
83956
83961
83993
84050
84096
84131
84148
84212
84246
84317
84327
84327
84346
84363
84393
84395
84438
84447
84507
84510
84521
84545
84546
84571
84577
84580
84604
84606
84635
84667
84668
84685
84828
84846
84860
84868
84887
84889
84893
84900
84915
84921
84924
84958
84986
85001
85029
85045
85055
85109
85128
85128
85167
85179
85183
85184
85222
85292
85294
85306
85311
85320
85336
85409
85439
85447
85457
85476
85476
85482
85483
85488
85495
85505
85559
85563
85565
85565
85573
85594
85595
85630
85641
85658
85691
85701
85727
85730
85735
85743
85751
85760
85782
85802
85812
85816
85825
85831
85834
85844
85877
85885
85897
85952
85983
85992
85993
86015
86063
86074
86246
86246
86261
86307
86346
86407
86435
86451
86489
86509
86541
86547
86569
86574
86638
86662
86715
86734
86735
86744
86776
86800
86809
86831
86834
86835
86851
86908
86942
86986
87003
87011
87067
87082
87089
87133
87138
87165
87196
87205
87241
87273
87339
87346
87369
87377
87433
87440
87470
87503
87532
87540
87549
87562
87629
87633
87636
87658
87667
87688
87711
87714
87730
87739
87743
87796
87830
87835
87846
87908
87917
87931
87981
87987
87988
88054
88058
88077
88135
88144
88162
88222
88222
88236
88236
88252
88263
88282
88291
88307
88311
88325
88336
88338
88348
88355
88357
88401
88403
88447
88545
88603
88617
88629
88643
88644
88656
88680
88701
88736
88738
88741
88821
88824
88849
88875
88881
88897
88903
88919
88927
88936
88974
88975
89045
89073
89082
89095
89204
89272
89278
89334
89354
89355
89387
89389
89421
89439
89504
89521
89556
89574
89597
89604
89605
89646
89659
89696
89712
89727
89735
89775
89792
89793
89794
89816
89817
89863
89878
89890
89931
89976
89981
89986
89990
89990
90065
90091
90093
90100
90156
90191
90191
90206
90207
90268
90282
90288
90288
90288
90305
90326
90356
90362
90367
90367
90380
90386
90418
90438
90448
90450
90454
90476
90504
90526
90534
90545
90547
90600
90603
90673
90729
90734
90758
90796
90824
90833
90845
90856
90871
90893
90894
90902
90913
90931
90952
90965
90982
91031
91109
91120
91147
91168
91206
91206
91207
91214
91234
91248
91249
91251
91252
91296
91314
91425
91437
91444
91482
91490
91508
91509
91534
91535
91536
91544
91563
91596
91606
91627
91734
91741
91755
91768
91805
91840
91850
91861
91897
91908
91918
91925
91934
91942
91981
92026
92049
92054
92055
92077
92144
92175
92190
92191
92222
92257
92269
92271
92275
92282
92285
92292
92294
92319
92323
92389
92401
92416
92431
92465
92468
92491
92500
92510
92517
92521
92525
92543
92564
92565
92595
92611
92633
92640
92671
92683
92683
92691
92725
92727
92736
92761
92791
92801
92824
92837
92838
92839
92849
92859
92866
92880
92884
92959
92960
92990
93018
93081
93109
93109
93137
93150
93156
93215
93228
93253
93274
93278
93297
93318
93331
93337
93337
93350
93365
93373
93402
93403
93411
93417
93424
93456
93457
93491
93494
93546
93547
93556
93567
93567
93583
93593
93624
93648
93680
93689
93698
93712
93714
93726
93740
93742
93763
93769
93771
93771
93778
93793
93846
93863
93868
93870
93891
93918
93924
93947
93954
93976
94002
94014
94032
94068
94070
94084
94100
94106
94111
94140
94158
94160
94164
94214
94226
94228
94233
94237
94258
94273
94307
94310
94313
94326
94356
94369
94369
94375
94382
94397
94422
94428
94468
94487
94505
94506
94509
94541
94557
94558
94563
94578
94596
94634
94656
94679
94681
94717
94724
94728
94754
94758
94818
94853
94880
94894
94902
94920
94928
94965
94993
95002
95032
95039
95046
95067
95103
95104
95115
95118
95143
95159
95226
95253
95268
95277
95279
95316
95343
95349
95349
95350
95365
95372
95376
95403
95422
95426
95439
95448
95466
95508
95517
95529
95564
95569
95573
95580
95614
95653
95655
95657
95659
95676
95683
95700
95733
95746
95755
95782
95794
95807
95817
95818
95854
95877
95882
95911
95917
95921
95952
95992
96007
96042
96092
96097
96130
96180
96218
96231
96270
96279
96282
96320
96339
96351
96354
96388
96399
96466
96491
96508
96510
96510
96563
96576
96588
96596
96606
96615
96626
96682
96683
96694
96782
96787
96807
96815
96828
96892
96953
96974
97036
97076
97195
97262
97305
97353
97355
97412
97418
97424
97431
97475
97502
97509
97551
97578
97670
