4
19
27
29
84
94
127
131
146
166
168
189
197
225
230
231
238
245
249
253
255
256
301
334
345
371
376
418
441
445
450
467
502
522
591
603
604
605
615
616
620
633
633
634
648
672
703
706
707
739
756
807
809
814
824
848
856
878
878
917
927
943
983
993
1011
1012
1027
1044
1087
1097
1152
1158
1165
1188
1203
1204
1207
1235
1235
1242
1259
1293
1298
1300
1307
1308
1327
1334
1349
1361
1373
1373
1383
1400
1412
1420
1443
1462
1468
1470
1495
1508
1520
1533
1537
1559
1561
1563
1572
1573
1573
1619
1638
1638
1700
1701
1709
1734
1757
1759
1764
1779
1797
1814
1834
1837
1846
1876
1879
1882
1888
1888
1895
1905
1908
1918
1925
1939
1953
1971
1989
2010
2010
2029
2045
2076
2108
2108
2110
2116
2127
2157
2165
2178
2189
2204
2219
2219
2220
2319
2332
2335
2337
2339
2344
2360
2379
2383
2389
2391
2407
2419
2426
2438
2458
2460
2480
2489
2492
2507
2515
2525
2525
2566
2568
2570
2589
2593
2595
2598
2602
2611
2624
2633
2636
2643
2664
2670
2671
2696
2697
2698
2739
2741
2747
2754
2755
2755
2761
2813
2824
2844
2900
2920
2932
2937
2964
2969
2972
2980
2993
3036
3043
3049
3105
3116
3123
3139
3173
3174
3193
3198
3207
3246
3282
3309
3310
3340
3351
3362
3382
3408
3413
3418
3423
3429
3431
3435
3452
3468
3477
3510
3520
3521
3522
3523
3527
3546
3559
3563
3567
3568
3574
3575
3587
3591
3604
3605
3635
3635
3666
3668
3671
3677
3678
3683
3688
3696
3716
3718
3730
3739
3743
3756
3761
3764
3770
3786
3813
3813
3828
3841
3848
3856
3857
3877
3881
3883
3892
3896
3912
3927
3960
3970
3975
3977
3980
3990
3998
4005
4067
4070
4070
4082
4085
4137
4172
4183
4196
4208
4209
4212
4212
4220
4225
4230
4234
4242
4247
4248
4255
4277
4288
4297
4311
4337
4340
4344
4351
4356
4365
4367
4385
4400
4407
4417
4420
4428
4432
4442
4449
4458
4466
4487
4491
4515
4546
4559
4560
4591
4615
4620
4652
4653
4712
4738
4739
4779
4793
4798
4802
4803
4806
4839
4842
4844
4867
4870
4884
4899
4903
4937
4950
4953
4958
4965
4978
4989
5006
5035
5058
5072
5081
5081
5083
5089
5097
5109
5113
5120
5125
5130
5137
5144
5146
5146
5156
5158
5165
5169
5170
5170
5177
5181
5187
5190
5196
5219
5245
5246
5279
5281
5293
5304
5306
5308
5317
5318
5324
5335
5338
5338
5342
5362
5369
5370
5370
5373
5374
5381
5383
5388
5393
5399
5406
5420
5426
5430
5449
5451
5473
5475
5481
5501
5523
5532
5536
5540
5542
5563
5566
5570
5572
5575
5605
5618
5622
5642
5643
5649
5652
5655
5693
5693
5709
5715
5717
5737
5777
5781
5786
5807
5809
5831
5843
5848
5859
5862
5865
5920
5939
5945
5953
5957
5969
5988
6006
6012
6023
6026
6050
6075
6078
6078
6091
6112
6150
6158
6161
6165
6172
6182
6210
6211
6237
6248
6253
6269
6280
6282
6299
6301
6304
6319
6331
6359
6365
6405
6445
6448
6451
6459
6479
6482
6485
6486
6492
6495
6506
6529
6540
6561
6564
6571
6576
6585
6610
6630
6653
6661
6730
6742
6758
6767
6776
6781
6785
6787
6795
6798
6804
6839
6853
6856
6877
6883
6890
6893
6896
6900
6905
6914
6920
6930
6938
6948
6976
6979
6982
6988
7009
7012
7036
7052
7058
7058
7065
7069
7076
7087
7099
7105
7109
7110
7128
7154
7155
7166
7171
7178
7195
7211
7230
7241
7271
7283
7284
7301
7307
7312
7316
7325
7347
7353
7365
7367
7393
7399
7400
7403
7411
7411
7434
7441
7443
7445
7450
7457
7462
7469
7476
7488
7496
7498
7510
7512
7533
7540
7576
7584
7631
7669
7718
7733
7746
7749
7779
7786
7802
7823
7846
7892
7901
7925
7927
7927
7943
7948
7962
8010
8034
8042
8042
8049
8051
8051
8070
8085
8089
8093
8120
8144
8147
8148
8149
8151
8161
8177
8181
8204
8204
8224
8227
8264
8269
8279
8283
8292
8345
8346
8355
8370
8377
8387
8392
8394
8394
8395
8403
8403
8404
8427
8433
8445
8448
8456
8460
8463
8476
8482
8482
8504
8526
8549
8553
8563
8564
8566
8584
8585
8618
8637
8646
8668
8682
8683
8689
8723
8747
8753
8753
8759
8759
8786
8800
8833
8843
8848
8850
8854
8871
8899
8917
8931
8932
8946
8949
8954
8955
8972
8975
8976
8981
8985
8989
8993
8999
9006
9014
9041
9046
9058
9081
9094
9107
9113
9116
9146
9152
9182
9189
9216
9218
9267
9289
9313
9356
9370
9374
9384
9385
9395
9428
9457
9473
9476
9486
9498
9509
9515
9519
9541
9544
9545
9547
9559
9560
9582
9586
9594
9607
9610
9621
9628
9656
9664
9674
9676
9681
9696
9711
9713
9719
9722
9732
9736
9748
9771
9783
9786
9789
9793
9796
9812
9820
9834
9837
9839
9841
9845
9857
9881
9882
9887
9899
9914
9929
9939
9944
9948
9949
9957
9963
9966
9984
9987
9990
10014
10022
10028
10029
10031
10049
10049
10051
10056
10078
10079
10108
10110
10123
10145
10147
10150
10159
10168
10172
10173
10186
10186
10190
10194
10197
10199
10207
10209
10212
10213
10216
10228
10232
10232
10233
10238
10258
10282
10297
10316
10317
10366
10381
10388
10433
10433
10443
10448
10451
10461
10462
10487
10504
10508
10520
10526
10537
10554
10580
10597
10598
10598
10602
10616
10618
10621
10623
10625
10625
10626
10634
10634
10636
10651
10665
10668
10672
10676
10681
10684
10707
10715
10732
10767
10796
10808
10812
10846
10859
10861
10889
10891
10891
10894
10903
10908
10908
10912
10912
10912
10932
10936
10937
10954
10963
10971
10974
10990
11014
11027
11034
11050
11068
11089
11090
11093
11106
11128
11138
11141
11151
11156
11162
11165
11178
11196
11216
11221
11254
11260
11263
11263
11264
11266
11272
11273
11288
11317
11317
11323
11331
11353
11356
11380
11380
11409
11423
11431
11437
11439
11439
11441
11448
11456
11460
11476
11488
11499
11503
11512
11518
11526
11528
11563
11568
11572
11575
11575
11593
11596
11598
11624
11631
11643
11647
11650
11651
11673
11676
11680
11695
11703
11705
11712
11719
11721
11727
11736
11740
11742
11750
11750
11751
11755
11775
11785
11789
11820
11820
11832
11835
11841
11842
11853
11854
11857
11860
11862
11868
11879
11884
11885
11889
11890
11894
11911
11915
11938
11940
11944
11974
11976
11998
12004
12004
12011
12015
12034
12034
12035
12041
12047
12055
12067
12077
12117
12125
12150
12156
12158
12184
12187
12191
12196
12199
12201
12225
12225
12230
12245
12248
12254
12257
12270
12275
12280
12304
12319
12325
12354
12375
12378
12405
12407
12417
12429
12430
12432
12434
12439
12443
12449
12466
12468
12470
12475
12495
12497
12500
12516
12542
12542
12544
12579
12609
12609
12619
12655
12668
12671
12686
12690
12706
12714
12715
12718
12734
12737
12749
12750
12755
12760
12766
12782
12784
12792
12810
12823
12823
12832
12851
12853
12859
12876
12878
12898
12900
12918
12921
12932
12932
12939
12951
12967
12974
12977
12990
13010
13031
13034
13055
13069
13072
13079
13082
13110
13113
13118
13149
13152
13167
13183
13196
13202
13213
13217
13234
13243
13253
13258
13260
13273
13276
13284
13286
13295
13305
13308
13323
13328
13329
13333
13347
13350
13372
13381
13386
13403
13412
13415
13421
13448
13464
13471
13472
13486
13489
13495
13496
13502
13521
13522
13534
13536
13536
13539
13546
13555
13568
13570
13573
13576
13584
13594
13600
13620
13626
13633
13656
13656
13666
13667
13688
13691
13691
13706
13708
13710
13710
13717
13736
13748
13751
13766
13770
13777
13793
13797
13799
13803
13809
13840
13843
13845
13850
13851
13858
13862
13866
13866
13873
13883
13886
13886
13901
13905
13914
13915
13941
13948
13955
13960
13974
13977
13988
13994
13999
14002
14014
14019
14021
14022
14046
14051
14052
14069
14073
14079
14081
14081
14087
14089
14118
14143
14143
14145
14153
14154
14159
14165
14201
14210
14222
14224
14224
14234
14242
14249
14275
14293
14296
14301
14310
14324
14332
14338
14339
14341
14344
14345
14348
14363
14374
14374
14380
14391
14392
14409
14410
14414
14432
14461
14469
14472
14484
14500
14500
14500
14519
14520
14530
14573
14574
14598
14598
14599
14617
14629
14630
14642
14660
14662
14674
14685
14695
14705
14706
14712
14729
14731
14732
14737
14739
14750
14750
14752
14761
14784
14789
14792
14802
14802
14807
14825
14827
14840
14851
14859
14864
14864
14866
14868
14874
14879
14888
14889
14890
14890
14891
14896
14900
14937
14955
14975
14989
15002
15004
15022
15034
15034
15048
15070
15073
15080
15084
15084
15100
15109
15113
15116
15123
15123
15138
15143
15154
15168
15173
15175
15180
15182
15197
15202
15209
15213
15214
15215
15215
15217
15221
15232
15238
15242
15245
15274
15277
15290
15294
15301
15307
15311
15318
15320
15340
15343
15347
15348
15354
15385
15388
15395
15422
15426
15427
15428
15430
15436
15438
15449
15474
15475
15478
15479
15483
15506
15513
15513
15515
15517
15524
15530
15540
15541
15551
15562
15566
15569
15570
15578
15598
15618
15624
15624
15647
15649
15655
15666
15670
15671
15678
15702
15713
15715
15716
15719
15721
15725
15728
15741
15745
15751
15753
15769
15772
15782
15790
15793
15795
15801
15814
15815
15816
15825
15829
15839
15842
15863
15864
15891
15891
15893
15903
15907
15917
15927
15928
15939
15944
15945
15957
15957
15958
15959
15985
15998
15998
16011
16021
16046
16048
16055
16061
16070
16074
16079
16096
16102
16125
16128
16131
16132
16153
16158
16165
16170
16174
16175
16178
16189
16204
16208
16210
16227
16232
16233
16237
16252
16262
16264
16267
16297
16301
16306
16309
16309
16312
16313
16314
16316
16321
16331
16338
16342
16349
16352
16362
16369
16375
16380
16389
16389
16393
16408
16413
16418
16445
16445
16446
16452
16460
16464
16469
16472
16472
16476
16480
16480
16484
16485
16490
16492
16493
16495
16497
16498
16504
16508
16513
16518
16538
16583
16597
16597
16603
16604
16618
16634
16636
16644
16655
16666
16671
16672
16676
16695
16700
16700
16712
16714
16724
16734
16764
16767
16769
16773
16787
16789
16807
16814
16815
16832
16839
16840
16850
16855
16864
16878
16901
16905
16907
16913
16926
16963
16968
16998
17014
17018
17037
17048
17049
17052
17052
17057
17067
17090
17094
17105
17111
17121
17124
17128
17145
17156
17167
17175
17183
17183
17201
17227
17229
17237
17253
17253
17262
17263
17281
17292
17300
17320
17323
17368
17393
17401
17415
17416
17419
17445
17457
17459
17460
17492
17503
17511
17515
17521
17528
17540
17559
17563
17569
17593
17600
17601
17609
17613
17616
17617
17617
17621
17625
17636
17648
17659
17666
17676
17680
17682
17682
17694
17696
17699
17703
17707
17710
17712
17740
17759
17765
17766
17768
17769
17783
17784
17799
17807
17810
17812
17815
17821
17826
17827
17827
17854
17876
17879
17882
17886
17887
17902
17906
17911
17911
17914
17929
17931
17942
17948
17954
17954
17955
17967
17977
17987
18000
18000
18007
18017
18029
18039
18041
18043
18045
18050
18053
18054
18055
18084
18087
18090
18103
18106
18113
18115
18125
18126
18129
18132
18141
18152
18156
18161
18173
18181
18187
18189
18210
18220
18223
18228
18229
18255
18265
18270
18270
18283
18284
18306
18332
18351
18361
18363
18368
18375
18395
18403
18426
18438
18441
18443
18456
18457
18463
18474
18477
18479
18482
18493
18494
18507
18515
18520
18520
18526
18527
18534
18535
18537
18558
18569
18577
18580
18591
18592
18599
18611
18614
18619
18621
18634
18642
18644
18658
18663
18689
18694
18705
18717
18721
18731
18746
18747
18755
18758
18809
18810
18820
18824
18834
18834
18840
18853
18862
18867
18875
18900
18927
18934
18936
18946
18959
18977
18985
18995
18999
19011
19023
19023
19037
19046
19086
19092
19105
19107
19116
19120
19129
19138
19145
19151
19171
19189
19193
19227
19235
19238
19245
19250
19266
19286
19290
19294
19294
19313
19319
19331
19331
19350
19355
19357
19359
19363
19389
19407
19411
19416
19420
19425
19429
19453
19460
19477
19488
19497
19498
19503
19506
19506
19509
19524
19538
19548
19553
19559
19574
19575
19576
19585
19586
19587
19594
19616
19640
19659
19665
19698
19699
19722
19725
19730
19737
19741
19742
19762
19766
19775
19778
19784
19790
19795
19809
19809
19810
19827
19844
19846
19852
19855
19884
19898
19901
19925
19931
19938
19959
19962
19963
19972
19979
19998
20000
20008
20009
20009
20010
20020
20026
20027
20033
20060
20062
20077
20085
20093
20096
20111
20113
20144
20144
20191
20197
20208
20211
20230
20232
20242
20249
20256
20266
20270
20271
20277
20279
20287
20299
20303
20307
20311
20314
20320
20321
20353
20353
20380
20399
20403
20411
20413
20425
20446
20446
20457
20461
20470
20506
20529
20532
20532
20536
20540
20541
20541
20547
20552
20554
20560
20563
20564
20586
20586
20590
20595
20624
20628
20687
20692
20703
20704
20706
20721
20731
20758
20786
20789
20789
20807
20809
20813
20825
20830
20843
20850
20875
20885
20886
20888
20901
20904
20927
20935
20949
20969
20994
20998
21013
21013
21032
21067
21077
21097
21106
21107
21111
21127
21128
21130
21134
21151
21161
21172
21184
21184
21184
21198
21199
21199
21207
21221
21231
21242
21243
21244
21260
21264
21266
21271
21305
21309
21311
21318
21327
21329
21330
21342
21364
21365
21378
21397
21398
21402
21421
21431
21441
21443
21453
21453
21459
21461
21462
21469
21471
21476
21482
21493
21517
21520
21525
21534
21544
21556
21559
21577
21578
21596
21610
21611
21615
21622
21629
21632
21648
21651
21657
21680
21683
21683
21714
21716
21720
21730
21740
21745
21754
21755
21779
21782
21785
21800
21803
21804
21820
21829
21831
21834
21836
21838
21840
21850
21853
21864
21880
21892
21895
21904
21907
21913
21915
21929
21948
21952
21953
21954
21956
21961
21966
21970
21982
21982
21994
22006
22019
22038
22044
22051
22052
22052
22062
22072
22073
22074
22086
22090
22091
22103
22149
22153
22156
22174
22174
22180
22203
22205
22221
22223
22229
22255
22257
22263
22268
22281
22286
22309
22310
22311
22342
22345
22369
22373
22374
22388
22395
22406
22407
22411
22426
22439
22442
22447
22452
22453
22456
22460
22473
22479
22480
22487
22493
22495
22498
22501
22508
22514
22519
22522
22533
22538
22539
22542
22547
22554
22557
22562
22566
22582
22583
22592
22617
22630
22631
22640
22643
22645
22657
22663
22665
22671
22678
22702
22705
22707
22726
22738
22745
22748
22759
22759
22778
22786
22794
22804
22832
22837
22860
22880
22882
22886
22918
22920
22920
22926
22927
22940
22982
22993
22998
23003
23011
23020
23028
23042
23045
23046
23053
23065
23069
23074
23079
23079
23089
23098
23122
23127
23128
23129
23134
23152
23158
23173
23190
23193
23194
23201
23205
23208
23212
23216
23217
23223
23237
23242
23247
23247
23249
23251
23256
23259
23260
23261
23262
23268
23276
23277
23278
23296
23298
23303
23355
23365
23366
23372
23379
23380
23395
23397
23408
23438
23456
23457
23467
23469
23474
23476
23477
23482
23512
23515
23515
23531
23532
23545
23549
23564
23570
23583
23590
23605
23615
23615
23619
23623
23628
23630
23631
23637
23648
23662
23674
23674
23690
23695
23700
23713
23715
23728
23738
23741
23747
23748
23748
23753
23758
23773
23777
23781
23786
23802
23806
23807
23814
23816
23827
23833
23842
23844
23846
23847
23853
23862
23870
23885
23898
23905
23906
23909
23916
23920
23934
23940
23952
23957
23963
23969
23976
23977
23982
23984
23987
24007
24045
24046
24073
24083
24083
24091
24097
24103
24129
24138
24144
24145
24146
24152
24155
24157
24157
24163
24175
24179
24187
24204
24228
24237
24240
24253
24253
24260
24264
24269
24274
24293
24300
24301
24306
24314
24321
24330
24349
24353
24360
24362
24362
24372
24389
24395
24397
24404
24432
24437
24442
24466
24487
24491
24508
24509
24523
24549
24551
24561
24562
24566
24588
24590
24600
24610
24614
24618
24621
24634
24653
24655
24659
24660
24672
24672
24679
24682
24685
24698
24701
24702
24717
24724
24736
24738
24740
24740
24742
24751
24754
24760
24785
24787
24788
24789
24795
24800
24803
24804
24808
24813
24823
24824
24842
24868
24877
24879
24902
24927
24927
24932
24937
24941
24949
24969
24969
24980
24987
24993
24995
24998
24999
25027
25032
25043
25049
25049
25060
25060
25062
25068
25068
25070
25072
25079
25083
25087
25088
25105
25125
25134
25135
25154
25184
25194
25194
25196
25198
25205
25212
25214
25228
25232
25248
25251
25265
25265
25289
25292
25303
25317
25334
25335
25336
25339
25343
25350
25351
25379
25380
25385
25392
25394
25397
25410
25411
25413
25418
25435
25439
25442
25451
25463
25466
25475
25481
25483
25490
25507
25517
25518
25520
25529
25536
25576
25579
25585
25592
25605
25606
25607
25608
25610
25623
25624
25636
25638
25658
25661
25662
25674
25675
25711
25717
25720
25729
25739
25753
25771
25778
25786
25787
25788
25796
25802
25804
25817
25820
25824
25833
25844
25845
25855
25861
25862
25870
25870
25891
25906
25917
25922
25922
25922
25925
25938
25941
25963
25972
25973
25985
25986
25994
26013
26019
26031
26035
26035
26035
26037
26059
26063
26063
26067
26074
26078
26098
26099
26103
26117
26121
26122
26122
26125
26126
26132
26134
26134
26137
26151
26167
26179
26194
26199
26207
26230
26232
26244
26245
26266
26297
26301
26301
26303
26306
26317
26321
26329
26334
26347
26362
26373
26387
26409
26435
26442
26445
26447
26458
26465
26468
26489
26506
26507
26513
26516
26519
26536
26548
26555
26559
26560
26563
26572
26572
26572
26590
26605
26606
26609
26615
26618
26623
26626
26627
26654
26660
26664
26667
26668
26669
26674
26683
26686
26687
26697
26701
26715
26718
26721
26723
26723
26728
26736
26750
26752
26760
26763
26764
26767
26771
26773
26778
26778
26786
26786
26788
26796
26797
26803
26811
26823
26827
26828
26830
26837
26848
26860
26869
26889
26957
26969
26973
26974
26993
27000
27002
27009
27027
27040
27044
27047
27050
27057
27062
27064
27065
27077
27091
27105
27107
27108
27112
27113
27127
27135
27135
27150
27150
27153
27173
27173
27176
27177
27180
27191
27221
27234
27249
27252
27261
27263
27263
27263
27269
27270
27282
27282
27289
27291
27302
27308
27328
27344
27359
27380
27386
27420
27425
27449
27452
27477
27481
27494
27495
27496
27499
27505
27517
27518
27542
27558
27562
27569
27571
27588
27602
27616
27619
27628
27652
27666
27674
27676
27679
27681
27683
27707
27718
27726
27735
27735
27740
27747
27762
27764
27766
27783
27783
27785
27788
27791
27810
27824
27829
27837
27839
27845
27871
27891
27893
27910
27926
27929
27935
27945
27954
27973
27987
28007
28010
28017
28026
28026
28028
28039
28045
28051
28054
28054
28065
28072
28084
28084
28086
28093
28107
28114
28125
28127
28128
28137
28138
28142
28147
28153
28163
28165
28170
28175
28179
28179
28182
28193
28193
28193
28204
28216
28218
28223
28225
28226
28230
28231
28237
28241
28243
28249
28250
28261
28266
28267
28273
28296
28300
28301
28302
28302
28303
28306
28308
28311
28330
28335
28342
28350
28363
28372
28395
28400
28412
28413
28421
28428
28442
28460
28462
28468
28473
28475
28479
28481
28482
28484
28488
28489
28493
28499
28502
28507
28512
28532
28534
28558
28564
28574
28586
28600
28604
28616
28621
28622
28633
28636
28641
28654
28657
28679
28683
28684
28684
28691
28695
28701
28702
28711
28711
28729
28732
28737
28738
28756
28765
28770
28799
28814
28825
28825
28833
28853
28870
28871
28872
28889
28891
28907
28913
28923
28951
28960
28964
28972
28978
28984
28990
28995
29000
29009
29016
29026
29052
29072
29072
29078
29084
29086
29088
29095
29104
29108
29118
29130
29140
29146
29159
29176
29180
29181
29187
29191
29191
29195
29204
29230
29232
29234
29253
29275
29278
29283
29291
29293
29320
29334
29347
29351
29388
29391
29402
29408
29414
29419
29430
29439
29454
29454
29474
29479
29482
29492
29494
29509
29512
29518
29519
29522
29539
29568
29575
29577
29582
29586
29603
29611
29613
29629
29633
29635
29639
29647
29652
29663
29665
29668
29673
29682
29695
29698
29704
29720
29723
29728
29742
29759
29767
29776
29788
29806
29817
29825
29831
29837
29840
29864
29873
29876
29884
29917
29921
29926
29944
29949
29949
29961
29965
29965
29975
29977
29980
29986
29986
30001
30004
30007
30010
30018
30022
30025
30026
30026
30029
30030
30030
30045
30050
30053
30081
30089
30091
30094
30094
30099
30102
30102
30119
30120
30130
30137
30149
30172
30192
30198
30209
30214
30215
30226
30228
30228
30249
30256
30264
30273
30291
30292
30322
30331
30339
30351
30356
30379
30389
30410
30411
30414
30418
30426
30441
30450
30456
30471
30480
30491
30496
30504
30511
30521
30523
30525
30530
30535
30550
30553
30555
30558
30561
30587
30610
30621
30644
30645
30646
30649
30652
30658
30659
30664
30673
30689
30690
30693
30695
30695
30717
30733
30735
30741
30744
30757
30773
30791
30794
30808
30814
30842
30844
30846
30848
30849
30869
30888
30889
30897
30904
30913
30914
30917
30927
30952
30960
30967
30968
30979
30987
30994
31008
31014
31023
31027
31044
31092
31094
31095
31100
31107
31119
31120
31124
31127
31157
31158
31162
31167
31171
31175
31194
31199
31206
31208
31215
31227
31230
31235
31253
31254
31256
31271
31282
31298
31311
31314
31338
31344
31344
31353
31365
31366
31368
31369
31376
31388
31394
31404
31436
31439
31439
31440
31444
31445
31462
31467
31473
31511
31512
31539
31548
31561
31587
31595
31596
31599
31599
31611
31621
31623
31624
31635
31636
31639
31658
31665
31675
31688
31694
31723
31728
31734
31752
31762
31763
31769
31776
31785
31793
31800
31808
31812
31833
31836
31841
31842
31845
31846
31857
31866
31877
31878
31905
31925
31937
31937
31958
31958
31963
31966
31968
31971
31983
31989
31996
32002
32002
32013
32021
32029
32033
32044
32048
32053
32059
32063
32067
32067
32084
32107
32113
32118
32128
32165
32167
32177
32178
32185
32187
32203
32205
32210
32211
32215
32217
32241
32249
32252
32259
32289
32294
32295
32300
32313
32332
32343
32348
32351
32360
32364
32367
32368
32378
32403
32407
32408
32412
32413
32422
32425
32439
32444
32447
32448
32462
32463
32472
32472
32473
32479
32480
32487
32490
32497
32502
32517
32520
32532
32534
32548
32559
32564
32564
32566
32584
32585
32587
32593
32603
32607
32616
32620
32638
32639
32646
32650
32650
32660
32665
32667
32669
32672
32673
32677
32690
32697
32702
32703
32706
32706
32706
32712
32716
32716
32720
32729
32736
32740
32745
32751
32752
32756
32766
32781
32788
32799
32807
32808
32815
32828
32829
32832
32837
32850
32879
32892
32894
32903
32911
32920
32941
32942
32950
32961
32989
32990
32992
33002
33016
33026
33044
33054
33058
33074
33080
33091
33104
33105
33118
33149
33174
33198
33226
33236
33237
33240
33242
33244
33244
33250
33252
33263
33272
33277
33282
33288
33297
33300
33303
33303
33312
33318
33322
33329
33330
33335
33347
33350
33356
33360
33373
33380
33382
33382
33391
33391
33395
33400
33407
33410
33410
33416
33417
33434
33458
33469
33478
33486
33492
33507
33510
33515
33521
33523
33536
33545
33554
33555
33558
33562
33568
33572
33573
33582
33584
33589
33601
33602
33604
33625
33629
33631
33634
33647
33648
33650
33681
33691
33694
33709
33724
33730
33731
33731
33737
33740
33750
33759
33761
33763
33768
33794
33794
33802
33805
33818
33823
33825
33834
33848
33852
33859
33873
33878
33880
33881
33885
33891
33905
33911
33923
33925
33930
33931
33941
33955
33976
34008
34016
34027
34034
34036
34044
34056
34068
34076
34078
34083
34109
34110
34120
34136
34138
34141
34143
34155
34161
34175
34178
34191
34191
34195
34208
34215
34224
34224
34235
34256
34256
34263
34266
34266
34269
34270
34278
34291
34296
34297
34298
34298
34303
34313
34316
34316
34327
34333
34334
34348
34365
34367
34370
34375
34376
34398
34414
34423
34427
34433
34435
34441
34451
34455
34459
34468
34477
34477
34479
34484
34516
34523
34526
34529
34536
34580
34586
34608
34609
34620
34623
34626
34644
34658
34660
34663
34669
34678
34691
34694
34703
34704
34709
34711
34722
34723
34733
34736
34737
34743
34749
34756
34776
34776
34778
34781
34795
34808
34813
34823
34848
34869
34874
34882
34884
34896
34906
34922
34929
34953
34954
34957
34960
34961
34965
34965
34994
34998
34999
35012
35026
35027
35028
35048
35058
35103
35104
35123
35145
35148
35150
35155
35165
35181
35186
35196
35204
35207
35215
35227
35231
35233
35234
35239
35254
35260
35280
35288
35289
35308
35308
35315
35320
35332
35335
35338
35346
35356
35356
35392
35394
35395
35397
35408
35410
35432
35435
35456
35457
35469
35474
35477
35481
35482
35492
35497
35502
35505
35513
35516
35519
35531
35547
35558
35560
35569
35573
35612
35616
35617
35619
35639
35651
35658
35667
35681
35683
35684
35686
35691
35692
35704
35707
35707
35708
35721
35728
35736
35739
35758
35762
35788
35803
35809
35823
35824
35825
35832
35835
35838
35840
35857
35864
35864
35869
35877
35877
35879
35879
35900
35902
35904
35904
35905
35914
35915
35917
35917
35928
35930
35941
35946
35959
35962
35971
35979
35980
35980
35986
36000
36014
36015
36021
36023
36025
36038
36048
36057
36070
36073
36077
36081
36084
36092
36116
36123
36127
36138
36156
36160
36162
36168
36173
36174
36182
36193
36205
36224
36232
36234
36238
36247
36263
36266
36271
36276
36288
36298
36302
36306
36312
36330
36335
36337
36338
36345
36346
36347
36359
36365
36390
36397
36400
36402
36404
36423
36423
36430
36430
36435
36437
36441
36445
36445
36453
36457
36463
36472
36481
36482
36484
36487
36487
36489
36503
36503
36505
36507
36517
36525
36529
36550
36559
36566
36573
36594
36604
36610
36615
36617
36626
36627
36627
36641
36644
36649
36655
36663
36666
36669
36673
36679
36686
36687
36687
36697
36702
36710
36716
36717
36726
36730
36740
36741
36742
36754
36755
36759
36761
36796
36809
36810
36826
36835
36840
36854
36869
36876
36879
36891
36903
36905
36910
36927
36930
36933
36935
36944
36959
36969
36977
36980
37022
37047
37056
37063
37065
37074
37081
37086
37099
37129
37132
37151
37156
37185
37204
37208
37228
37232
37235
37239
37244
37246
37256
37293
37293
37302
37311
37329
37335
37338
37346
37351
37353
37362
37365
37371
37372
37372
37380
37386
37396
37398
37415
37417
37425
37478
37490
37492
37494
37503
37504
37519
37529
37536
37548
37551
37556
37567
37579
37582
37595
37600
37609
37648
37663
37666
37669
37679
37683
37703
37721
37728
37730
37732
37734
37743
37745
37753
37753
37763
37777
37782
37802
37805
37807
37823
37829
37834
37841
37844
37857
37873
37876
37876
37882
37882
37890
37899
37914
37942
37957
37960
37961
37964
37971
37976
37997
38000
38002
38003
38004
38011
38014
38032
38048
38050
38050
38059
38063
38071
38073
38074
38082
38093
38098
38101
38106
38111
38112
38121
38121
38124
38125
38125
38136
38146
38149
38172
38182
38184
38193
38195
38196
38200
38204
38207
38212
38217
38219
38228
38239
38266
38276
38276
38285
38307
38321
38323
38358
38359
38365
38370
38394
38435
38444
38446
38450
38450
38457
38468
38479
38483
38486
38488
38494
38496
38503
38504
38523
38529
38554
38562
38570
38602
38627
38632
38641
38651
38654
38662
38674
38678
38695
38698
38704
38708
38711
38719
38721
38725
38740
38744
38753
38772
38777
38834
38838
38853
38860
38895
38921
38929
38929
38949
38962
38962
38974
39001
39013
39020
39037
39042
39044
39066
39089
39109
39115
39118
39124
39151
39170
39187
39233
39250
39269
39278
39292
39296
39301
39331
39363
39365
39369
39370
39387
39392
39405
39407
39415
39419
39421
39452
39462
39470
39470
39472
39483
39485
39490
39496
39510
39511
39516
39540
39542
39564
39614
39614
39641
39689
39708
39708
39711
39712
39735
39737
39739
39760
39764
39771
39786
39786
39789
39792
39811
39820
39829
39841
39851
39855
39862
39863
39866
39882
39884
39897
39902
39918
39930
39939
39952
39957
39963
39988
39989
40018
40024
40032
40035
40050
40050
40072
40077
40077
40085
40106
40113
40119
40134
40137
40142
40144
40147
40150
40170
40173
40176
40176
40188
40195
40205
40209
40212
40220
40231
40252
40259
40263
40263
40266
40267
40267
40286
40304
40333
40337
40337
40342
40347
40348
40363
40369
40371
40375
40382
40388
40397
40412
40421
40425
40431
40432
40459
40469
40477
40481
40486
40499
40508
40513
40532
40533
40545
40553
40567
40579
40594
40599
40603
40613
40614
40618
40619
40631
40636
40642
40655
40680
40681
40695
40696
40704
40735
40777
40777
40785
40792
40796
40822
40828
40839
40850
40850
40862
40879
40884
40884
40890
40915
40918
40918
40921
40921
40921
40927
40927
40930
40953
40967
40981
41002
41012
41013
41015
41034
41051
41052
41061
41067
41076
41081
41082
41101
41105
41118
41125
41126
41135
41136
41136
41137
41138
41138
41140
41145
41148
41153
41157
41166
41186
41228
41230
41247
41248
41257
41257
41265
41265
41289
41298
41324
41325
41329
41331
41331
41353
41359
41363
41372
41392
41397
41413
41418
41419
41451
41460
41467
41467
41481
41493
41505
41506
41514
41518
41533
41533
41537
41541
41559
41568
41573
41585
41585
41586
41587
41595
41600
41641
41643
41656
41678
41681
41702
41718
41722
41730
41731
41752
41752
41786
41789
41790
41808
41823
41839
41862
41866
41867
41891
41899
41907
41918
41920
41932
41945
41946
41954
41964
41972
41983
41992
42000
42011
42015
42038
42042
42047
42062
42065
42065
42070
42086
42090
42097
42107
42109
42120
42120
42121
42122
42125
42153
42156
42160
42161
42168
42172
42181
42209
42209
42213
42223
42237
42256
42257
42271
42275
42288
42293
42326
42328
42331
42348
42370
42370
42382
42384
42411
42411
42423
42425
42443
42455
42457
42476
42485
42488
42492
42497
42506
42517
42548
42557
42559
42560
42570
42573
42577
42604
42605
42606
42608
42611
42617
42623
42638
42668
42671
42674
42677
42705
42705
42709
42714
42727
42737
42741
42745
42751
42772
42773
42788
42802
42811
42823
42828
42834
42850
42852
42852
42861
42878
42886
42888
42890
42891
42914
42924
42937
42942
42958
42964
42967
42997
42997
43058
43059
43083
43094
43096
43104
43108
43135
43137
43146
43153
43162
43164
43168
43218
43219
43240
43270
43271
43275
43288
43326
43336
43356
43356
43358
43363
43367
43373
43381
43390
43393
43404
43408
43441
43445
43450
43455
43456
43463
43465
43470
43471
43500
43520
43527
43537
43543
43554
43585
43592
43592
43596
43617
43617
43618
43634
43642
43667
43668
43670
43677
43678
43684
43692
43720
43722
43725
43726
43742
43745
43755
43763
43764
43766
43780
43782
43784
43785
43791
43795
43797
43822
43845
43847
43863
43868
43871
43872
43872
43875
43890
43891
43899
43902
43908
43912
43914
43915
43929
43943
43960
43961
43979
43982
43990
44015
44020
44043
44059
44067
44081
44087
44094
44098
44100
44101
44117
44117
44124
44156
44168
44188
44189
44189
44199
44202
44203
44213
44218
44230
44236
44238
44260
44268
44272
44275
44276
44288
44301
44304
44306
44319
44324
44331
44339
44367
44387
44396
44403
44407
44414
44422
44431
44434
44445
44450
44451
44456
44480
44483
44487
44507
44515
44583
44588
44606
44611
44617
44637
44646
44647
44649
44667
44668
44677
44691
44702
44714
44718
44727
44731
44748
44751
44759
44775
44777
44789
44792
44797
44812
44813
44831
44831
44837
44843
44849
44851
44853
44866
44902
44904
44908
44948
45011
45014
45019
45028
45029
45052
45059
45059
45064
45080
45093
45114
45119
45139
45143
45144
45152
45162
45183
45187
45210
45215
45241
45243
45257
45274
45298
45303
45312
45323
45326
45327
45339
45355
45368
45372
45373
45380
45393
45411
45438
45445
45451
45457
45457
45467
45474
45479
45511
45528
45537
45539
45544
45559
45567
45572
45584
45587
45587
45591
45605
45611
45623
45633
45660
45661
45665
45668
45671
45683
45686
45710
45713
45715
45722
45729
45730
45731
45756
45761
45773
45774
45784
45791
45794
45800
45802
45809
45810
45815
45820
45825
45839
45842
45842
45847
45852
45853
45856
45858
45861
45869
45880
45880
45891
45895
45903
45907
45910
45917
45918
45927
45936
45958
45974
45982
45984
46011
46023
46024
46024
46029
46036
46040
46068
46068
46102
46103
46108
46115
46118
46121
46128
46129
46130
46131
46132
46132
46136
46141
46144
46148
46156
46170
46183
46198
46221
46242
46247
46248
46257
46266
46275
46286
46294
46295
46298
46304
46306
46329
46351
46356
46380
46386
46389
46393
46394
46397
46400
46413
46413
46417
46426
46428
46439
46452
46455
46458
46463
46468
46470
46485
46505
46507
46510
46519
46521
46542
46559
46560
46572
46580
46582
46588
46601
46607
46609
46614
46615
46616
46620
46623
46628
46631
46637
46638
46644
46647
46651
46657
46663
46667
46673
46691
46708
46708
46722
46730
46732
46744
46749
46754
46772
46780
46781
46788
46795
46796
46808
46815
46818
46827
46834
46839
46852
46858
46860
46869
46869
46873
46879
46880
46895
46910
46910
46911
46912
46937
46938
46941
46946
46955
46999
47014
47021
47039
47042
47054
47068
47105
47122
47153
47153
47161
47170
47177
47197
47210
47217
47222
47228
47234
47264
47269
47273
47275
47277
47283
47286
47300
47321
47327
47343
47352
47380
47407
47414
47448
47461
47475
47484
47487
47495
47530
47535
47538
47548
47551
47551
47552
47560
47566
47575
47582
47596
47613
47636
47641
47651
47652
47657
47680
47680
47683
47692
47698
47726
47735
47736
47761
47771
47784
47784
47796
47798
47803
47811
47831
47831
47835
47843
47850
47857
47860
47862
47865
47876
47887
47896
47901
47910
47921
47923
47925
47932
47935
47944
47954
47967
47975
47991
47994
47994
47994
48021
48030
48033
48050
48058
48064
48070
48085
48090
48093
48121
48125
48128
48129
48139
48147
48160
48160
48182
48192
48194
48201
48202
48202
48211
48211
48236
48239
48242
48256
48278
48282
48282
48297
48303
48322
48326
48327
48332
48336
48353
48364
48375
48377
48391
48399
48404
48414
48425
48426
48427
48434
48442
48450
48451
48464
48466
48488
48493
48507
48517
48525
48528
48539
48560
48564
48568
48578
48584
48600
48600
48601
48611
48612
48615
48622
48622
48623
48629
48634
48637
48655
48677
48686
48689
48724
48727
48738
48750
48756
48762
48778
48788
48795
48809
48820
48830
48841
48847
48847
48852
48865
48876
48915
48920
48923
48934
48937
48940
48940
48948
48955
48957
48968
48984
48999
49001
49018
49020
49023
49037
49041
49050
49052
49076
49080
49080
49085
49088
49103
49104
49107
49126
49130
49135
49144
49157
49158
49159
49170
49170
49177
49184
49189
49189
49191
49198
49211
49216
49227
49230
49255
49262
49264
49275
49298
49301
49303
49312
49315
49327
49328
49352
49358
49360
49367
49376
49380
49380
49382
49397
49415
49417
49418
49432
49438
49440
49456
49479
49486
49497
49499
49509
49517
49520
49522
49527
49538
49546
49547
49553
49566
49568
49568
49580
49587
49587
49591
49592
49606
49612
49614
49631
49632
49635
49654
49656
49668
49670
49670
49675
49676
49694
49701
49708
49708
49722
49735
49757
49779
49784
49798
49804
49817
49824
49833
49841
49842
49845
49847
49861
49866
49889
49890
49911
49922
49940
49942
49943
49949
49974
49975
49983
49985
49985
49988
49995
50009
50011
50014
50014
50015
50046
50062
50068
50069
50094
50097
50110
50123
50134
50134
50138
50140
50150
50155
50158
50160
50162
50167
50178
50188
50188
50199
50210
50218
50232
50245
50253
50261
50270
50283
50291
50292
50306
50308
50309
50310
50318
50319
50328
50330
50330
50334
50336
50356
50358
50359
50361
50377
50399
50406
50428
50435
50444
50445
50447
50467
50467
50469
50481
50492
50495
50496
50503
50515
50535
50537
50542
50546
50548
50550
50571
50572
50573
50575
50576
50592
50597
50597
50621
50627
50631
50634
50649
50663
50670
50684
50684
50692
50742
50746
50749
50752
50754
50754
50778
50815
50823
50826
50828
50836
50843
50856
50867
50878
50883
50883
50887
50896
50897
50899
50910
50913
50931
50939
50987
50990
51001
51009
51017
51022
51034
51041
51045
51050
51053
51069
51080
51081
51093
51095
51096
51106
51119
51134
51143
51157
51160
51192
51204
51216
51235
51236
51240
51254
51263
51268
51278
51287
51298
51311
51311
51314
51333
51365
51368
51380
51412
51421
51435
51438
51446
51457
51472
51474
51481
51487
51517
51525
51548
51551
51556
51564
51582
51590
51591
51592
51592
51604
51613
51614
51622
51637
51637
51653
51659
51672
51684
51691
51694
51713
51717
51718
51719
51729
51738
51750
51757
51773
51781
51790
51800
51811
51813
51825
51833
51836
51841
51843
51858
51863
51871
51880
51894
51904
51910
51913
51928
51931
51943
51948
51957
51972
51973
51981
51990
51994
51995
52000
52003
52029
52035
52042
52043
52048
52051
52065
52067
52072
52084
52094
52122
52123
52123
52138
52142
52144
52151
52169
52183
52210
52215
52216
52233
52233
52239
52241
52266
52270
52272
52272
52285
52287
52299
52306
52317
52335
52353
52357
52365
52371
52373
52374
52380
52386
52389
52400
52415
52422
52424
52466
52467
52467
52481
52491
52493
52497
52497
52498
52499
52502
52521
52522
52538
52553
52555
52555
52559
52561
52564
52573
52587
52610
52613
52618
52633
52634
52668
52670
52670
52698
52708
52741
52744
52746
52747
52750
52753
52756
52760
52763
52787
52796
52803
52828
52834
52847
52863
52864
52865
52869
52881
52881
52884
52885
52892
52893
52894
52901
52922
52946
52952
52953
52962
52964
52973
52988
53000
53005
53011
53036
53036
53042
53048
53052
53053
53070
53076
53093
53098
53104
53104
53123
53157
53163
53163
53184
53185
53190
53190
53192
53260
53272
53280
53295
53297
53303
53314
53341
53370
53374
53379
53380
53381
53413
53416
53419
53421
53436
53449
53452
53453
53462
53508
53511
53520
53521
53529
53571
53574
53574
53591
53594
53600
53600
53602
53637
53638
53685
53695
53708
53711
53737
53740
53740
53750
53752
53772
53772
53775
53784
53787
53790
53797
53798
53799
53809
53824
53832
53839
53852
53857
53861
53874
53881
53882
53892
53901
53922
53976
53976
53986
54003
54005
54023
54041
54069
54079
54089
54090
54094
54100
54124
54147
54150
54164
54167
54175
54178
54181
54185
54189
54190
54205
54214
54226
54232
54242
54251
54260
54260
54278
54292
54296
54299
54320
54345
54367
54373
54374
54385
54389
54394
54416
54440
54444
54451
54453
54480
54490
54493
54500
54502
54510
54511
54513
54515
54527
54527
54541
54545
54545
54547
54549
54552
54554
54582
54586
54641
54648
54651
54657
54657
54660
54662
54679
54685
54689
54694
54697
54699
54707
54721
54723
54725
54730
54739
54748
54761
54762
54768
54768
54785
54802
54826
54828
54837
54838
54845
54857
54860
54862
54867
54871
54875
54892
54894
54908
54911
54913
54915
54916
54919
54919
54921
54926
54932
54933
54943
54946
54946
54972
54972
54972
54983
54988
55003
55011
55012
55025
55039
55039
55046
55049
55055
55064
55081
55086
55124
55131
55134
55137
55138
55140
55157
55167
55168
55175
55181
55187
55201
55202
55206
55206
55216
55222
55264
55267
55282
55283
55300
55312
55331
55334
55338
55342
55344
55348
55363
55370
55378
55414
55427
55437
55445
55455
55461
55471
55528
55538
55540
55544
55549
55567
55573
55579
55619
55627
55628
55630
55630
55633
55636
55654
55657
55661
55662
55662
55664
55674
55675
55678
55679
55684
55690
55696
55699
55700
55706
55707
55710
55721
55722
55724
55729
55729
55751
55759
55770
55795
55799
55814
55834
55844
55850
55862
55872
55899
55902
55917
55922
55928
55939
55941
55944
55951
55959
55961
55964
55970
55976
55980
55981
56009
56028
56030
56039
56041
56043
56052
56054
56074
56081
56091
56095
56120
56120
56138
56150
56152
56163
56164
56174
56174
56182
56183
56192
56193
56195
56198
56203
56204
56206
56234
56242
56244
56248
56284
56289
56298
56318
56325
56344
56351
56364
56388
56400
56416
56422
56428
56444
56444
56460
56478
56496
56510
56514
56516
56516
56538
56550
56551
56553
56566
56578
56588
56611
56613
56616
56629
56635
56638
56649
56660
56671
56699
56699
56705
56710
56711
56726
56732
56736
56743
56755
56756
56758
56758
56762
56766
56776
56790
56802
56804
56805
56828
56835
56847
56868
56874
56879
56880
56882
56892
56900
56902
56911
56914
56926
56926
56932
56940
56941
56941
56941
56944
56945
56951
56962
56966
56980
56991
56999
57001
57005
57006
57006
57022
57022
57041
57046
57047
57062
57068
57074
57082
57091
57093
57104
57122
57143
57144
57151
57153
57161
57176
57179
57204
57204
57218
57223
57235
57254
57264
57269
57273
57281
57285
57290
57295
57321
57324
57327
57328
57329
57330
57333
57334
57347
57378
57399
57404
57406
57412
57417
57419
57420
57435
57435
57446
57447
57454
57456
57463
57467
57470
57474
57488
57497
57509
57513
57520
57524
57524
57527
57527
57551
57551
57553
57560
57560
57569
57570
57580
57581
57586
57598
57605
57610
57610
57620
57622
57623
57649
57655
57657
57660
57685
57691
57693
57696
57703
57706
57707
57713
57716
57722
57741
57741
57752
57753
57772
57777
57779
57789
57794
57798
57799
57805
57844
57869
57878
57883
57885
57885
57902
57909
57916
57917
57917
57920
57936
57944
57954
57961
57962
57964
57980
57983
58028
58055
58062
58082
58097
58105
58116
58126
58128
58132
58134
58150
58156
58157
58169
58173
58184
58197
58197
58203
58207
58221
58224
58272
58278
58281
58286
58288
58295
58298
58324
58325
58344
58346
58356
58360
58368
58380
58390
58392
58406
58409
58433
58433
58441
58467
58476
58495
58510
58516
58517
58518
58543
58550
58565
58566
58575
58586
58589
58591
58594
58628
58641
58659
58675
58684
58684
58687
58704
58709
58712
58719
58741
58764
58770
58782
58785
58790
58793
58808
58826
58836
58844
58864
58865
58867
58880
58884
58898
58902
58906
58922
58922
58930
58963
58970
58985
58989
58990
58995
58997
59002
59015
59021
59025
59040
59077
59080
59082
59085
59091
59093
59106
59110
59111
59132
59134
59137
59161
59162
59165
59167
59168
59187
59190
59199
59205
59207
59209
59218
59220
59227
59229
59233
59236
59238
59257
59258
59275
59302
59318
59326
59331
59333
59341
59350
59364
59374
59412
59412
59414
59423
59433
59434
59442
59457
59458
59465
59480
59491
59492
59492
59501
59505
59510
59519
59528
59544
59546
59568
59578
59588
59603
59613
59614
59629
59635
59708
59772
59774
59795
59810
59818
59821
59872
59876
59884
59920
59924
59935
59968
59980
59982
59984
59985
59990
59995
60003
60016
60042
60044
60070
60077
60128
60143
60144
60152
60158
60178
60193
60214
60220
60221
60225
60241
60245
60246
60268
60286
60294
60306
60321
60354
60365
60399
60408
60419
60423
60430
60433
60463
60469
60503
60504
60509
60511
60511
60513
60523
60540
60542
60543
60557
60580
60592
60614
60631
60641
60649
60654
60659
60697
60705
60714
60722
60734
60748
60758
60761
60766
60766
60773
60774
60777
60782
60786
60800
60809
60812
60830
60830
60852
60861
60869
60878
60879
60880
60890
60900
60904
60906
60915
60915
60916
60921
60922
60925
60926
60936
60936
60941
60943
60944
60952
60987
60997
61001
61002
61007
61017
61024
61033
61035
61050
61052
61059
61061
61086
61097
61103
61106
61112
61118
61120
61122
61122
61129
61152
61163
61191
61197
61203
61211
61212
61213
61219
61228
61228
61229
61254
61260
61270
61275
61276
61281
61287
61300
61301
61302
61307
61316
61322
61326
61326
61329
61334
61341
61352
61359
61362
61369
61382
61383
61392
61395
61402
61409
61419
61423
61436
61443
61449
61450
61455
61473
61481
61497
61499
61500
61524
61543
61580
61595
61596
61599
61627
61633
61633
61648
61649
61653
61666
61670
61680
61690
61692
61702
61718
61726
61728
61739
61743
61770
61779
61792
61804
61816
61820
61828
61832
61833
61857
61859
61862
61863
61869
61903
61908
61915
61929
61939
61943
61957
61965
61975
62024
62047
62051
62056
62056
62074
62095
62124
62169
62183
62187
62189
62219
62234
62248
62258
62262
62264
62267
62270
62293
62347
62348
62351
62356
62372
62379
62388
62391
62408
62423
62431
62435
62439
62445
62445
62450
62475
62481
62494
62500
62509
62521
62525
62534
62547
62556
62559
62559
62591
62593
62612
62616
62636
62644
62658
62660
62672
62677
62696
62696
62698
62716
62716
62719
62731
62741
62752
62763
62771
62778
62781
62785
62791
62797
62803
62816
62839
62843
62856
62859
62862
62882
62906
62911
62911
62921
62925
62933
62949
62964
62976
63009
63016
63045
63055
63062
63069
63082
63087
63115
63137
63150
63173
63174
63174
63181
63191
63198
63203
63204
63225
63227
63238
63252
63253
63273
63276
63279
63280
63286
63295
63302
63310
63318
63322
63348
63356
63374
63379
63388
63398
63401
63407
63413
63421
63424
63429
63437
63446
63448
63452
63453
63455
63455
63472
63486
63506
63511
63525
63525
63557
63579
63589
63596
63638
63651
63658
63663
63664
63668
63674
63698
63716
63718
63751
63818
63847
63870
63881
63891
63912
63914
63926
63945
63946
63946
63959
63969
63974
63991
63994
64022
64031
64031
64034
64040
64048
64053
64054
64063
64067
64073
64077
64080
64087
64113
64132
64136
64144
64165
64172
64174
64185
64203
64204
64207
64214
64221
64237
64250
64256
64267
64325
64346
64346
64359
64392
64400
64420
64450
64451
64456
64463
64469
64475
64491
64509
64509
64560
64564
64566
64567
64583
64593
64595
64601
64607
64628
64634
64644
64646
64663
64673
64677
64690
64696
64698
64720
64730
64737
64750
64761
64762
64765
64783
64794
64794
64795
64808
64830
64831
64833
64855
64864
64867
64869
64887
64887
64896
64898
64899
64938
64940
64943
64953
64968
64993
65008
65019
65029
65030
65054
65055
65057
65062
65070
65078
65080
65083
65086
65087
65103
65107
65119
65122
65131
65138
65142
65148
65150
65156
65161
65173
65175
65177
65178
65184
65198
65198
65212
65215
65216
65245
65246
65277
65278
65281
65283
65288
65292
65303
65304
65310
65318
65318
65338
65371
65378
65379
65387
65408
65416
65422
65423
65440
65447
65449
65455
65467
65493
65506
65510
65522
65534
65539
65553
65562
65576
65597
65603
65626
65633
65691
65703
65712
65714
65717
65718
65721
65728
65731
65761
65772
65775
65786
65801
65817
65830
65841
65846
65854
65888
65889
65897
65943
65960
65999
66039
66042
66042
66043
66048
66060
66060
66073
66077
66115
66142
66151
66157
66195
66212
66230
66276
66277
66323
66326
66348
66349
66352
66357
66366
66372
66375
66377
66387
66401
66416
66417
66419
66422
66438
66448
66482
66484
66494
66510
66522
66542
66542
66544
66549
66554
66556
66557
66557
66560
66560
66566
66568
66568
66584
66624
66625
66661
66687
66693
66699
66702
66722
66722
66741
66747
66751
66753
66771
66788
66793
66801
66806
66809
66811
66822
66834
66838
66839
66872
66878
66889
66894
66901
66936
66942
66954
66962
66969
66998
67009
67009
67010
67014
67033
67040
67048
67058
67063
67071
67074
67084
67087
67096
67101
67111
67114
67120
67148
67152
67153
67157
67161
67171
67176
67193
67198
67207
67211
67211
67214
67233
67240
67248
67250
67262
67279
67287
67289
67332
67347
67349
67359
67361
67370
67378
67379
67387
67389
67403
67406
67426
67436
67444
67446
67448
67482
67485
67488
67488
67493
67499
67516
67518
67525
67528
67529
67539
67547
67551
67555
67593
67628
67631
67635
67640
67653
67658
67675
67676
67694
67697
67705
67707
67714
67796
67815
67817
67823
67856
67868
67885
67921
67953
67969
68028
68045
68084
68084
68096
68096
68097
68098
68115
68141
68148
68150
68150
68150
68153
68183
68190
68199
68204
68227
68228
68231
68233
68276
68281
68298
68302
68303
68318
68323
68354
68383
68388
68403
68415
68431
68434
68438
68442
68443
68445
68449
68478
68488
68511
68514
68542
68544
68553
68553
68565
68566
68574
68591
68601
68608
68609
68616
68624
68627
68628
68631
68631
68632
68634
68663
68678
68679
68708
68709
68716
68738
68751
68755
68774
68819
68819
68827
68834
68874
68885
68889
68895
68896
68897
68899
68906
68928
68950
68966
68969
68973
68975
68980
68982
68983
68998
69017
69025
69031
69033
69034
69042
69051
69064
69066
69070
69074
69075
69095
69108
69113
69122
69153
69166
69169
69181
69195
69199
69213
69239
69251
69252
69252
69254
69279
69279
69288
69292
69294
69321
69344
69347
69348
69352
69352
69363
69367
69386
69397
69419
69433
69448
69479
69482
69526
69533
69541
69545
69556
69560
69582
69641
69689
69694
69707
69719
69751
69752
69757
69770
69770
69789
69810
69811
69815
69837
69853
69889
69916
69926
69952
69966
69970
70007
70021
70026
70033
70052
70070
70084
70085
70089
70135
70152
70152
70171
70171
70173
70194
70203
70203
70203
70204
70226
70244
70250
70251
70274
70291
70326
70404
70405
70419
70431
70440
70441
70454
70463
70464
70465
70467
70482
70492
70495
70519
70520
70520
70525
70532
70537
70548
70565
70577
70596
70610
70611
70615
70621
70624
70645
70652
70653
70662
70662
70665
70674
70687
70688
70711
70721
70725
70725
70730
70750
70765
70767
70783
70783
70786
70791
70794
70812
70835
70844
70853
70854
70872
70875
70902
70902
70907
70932
70943
70945
70964
70996
70999
71005
71012
71024
71080
71091
71115
71117
71118
71131
71135
71140
71148
71152
71157
71178
71184
71191
71198
71203
71215
71216
71218
71222
71230
71231
71235
71236
71244
71244
71259
71265
71267
71291
71296
71308
71337
71343
71344
71353
71354
71361
71363
71367
71378
71379
71380
71394
71395
71407
71410
71411
71432
71440
71464
71467
71469
71477
71481
71482
71509
71510
71511
71512
71514
71521
71521
71532
71544
71559
71562
71567
71574
71585
71596
71610
71632
71633
71634
71637
71667
71667
71669
71675
71721
71725
71736
71736
71737
71760
71761
71761
71767
71794
71795
71796
71797
71828
71847
71852
71854
71855
71858
71862
71874
71891
71939
71948
71948
71958
71958
71961
71962
71966
71974
71978
71986
71995
72021
72029
72037
72038
72054
72068
72095
72096
72118
72127
72153
72157
72165
72173
72174
72177
72200
72207
72217
72235
72244
72252
72261
72262
72264
72272
72274
72286
72298
72370
72376
72379
72387
72389
72392
72403
72405
72411
72430
72437
72449
72453
72473
72483
72488
72493
72502
72504
72515
72538
72552
72565
72570
72579
72581
72582
72591
72612
72613
72616
72621
72637
72640
72654
72654
72676
72683
72690
72699
72748
72749
72753
72757
72761
72763
72773
72780
72793
72795
72799
72810
72816
72847
72848
72855
72856
72859
72873
72884
72904
72905
72911
72918
72933
72933
72935
72944
72953
72956
72966
72971
72975
72992
73005
73021
73051
73055
73074
73077
73088
73093
73129
73144
73150
73161
73172
73193
73205
73210
73237
73261
73271
73281
73295
73297
73316
73327
73337
73350
73352
73356
73358
73378
73378
73386
73403
73406
73406
73421
73435
73448
73450
73451
73453
73454
73468
73472
73484
73498
73499
73499
73525
73526
73543
73546
73576
73586
73597
73616
73620
73625
73643
73644
73647
73659
73664
73665
73666
73706
73721
73727
73729
73738
73745
73753
73775
73784
73796
73796
73797
73829
73839
73844
73846
73847
73856
73866
73888
73901
73903
73942
73948
73955
73956
73964
73986
73986
74002
74018
74019
74048
74054
74057
74057
74063
74070
74073
74075
74100
74107
74137
74144
74145
74148
74156
74165
74171
74182
74192
74193
74195
74195
74197
74202
74206
74216
74240
74258
74261
74276
74277
74279
74284
74320
74328
74340
74353
74359
74360
74360
74362
74372
74372
74372
74375
74377
74386
74391
74392
74401
74404
74408
74435
74437
74439
74446
74454
74462
74463
74469
74485
74490
74502
74505
74511
74515
74520
74522
74525
74539
74543
74549
74550
74563
74571
74571
74580
74582
74585
74593
74594
74610
74621
74637
74643
74651
74655
74678
74685
74692
74705
74707
74707
74711
74715
74732
74739
74742
74746
74778
74783
74788
74790
74816
74816
74819
74844
74849
74856
74865
74867
74869
74872
74877
74892
74903
74908
74914
74920
74956
74959
74966
74967
74974
74978
74981
74990
74997
75001
75002
75011
75012
75016
75022
75023
75025
75028
75044
75071
75075
75076
75080
75088
75089
75092
75099
75102
75110
75117
75125
75134
75145
75155
75155
75156
75159
75163
75185
75187
75198
75242
75245
75251
75252
75269
75281
75294
75298
75303
75335
75345
75361
75361
75371
75371
75383
75405
75414
75421
75421
75434
75440
75457
75459
75472
75477
75499
75517
75531
75571
75573
75577
75588
75629
75634
75651
75653
75671
75679
75698
75706
75716
75726
75776
75795
75805
75817
75835
75838
75843
75861
75868
75869
75869
75906
75908
75911
75912
75931
75935
75935
75945
75956
75957
75957
75958
75961
75962
75969
76007
76047
76050
76084
76093
76104
76104
76108
76119
76136
76150
76186
76186
76191
76207
76217
76217
76231
76242
76263
76282
76305
76313
76323
76336
76337
76343
76348
76357
76359
76363
76367
76379
76381
76383
76389
76412
76425
76437
76465
76484
76508
76539
76542
76562
76582
76589
76594
76609
76617
76620
76620
76622
76628
76653
76664
76665
76665
76681
76685
76708
76713
76722
76733
76745
76765
76766
76766
76774
76775
76792
76796
76796
76803
76803
76809
76834
76836
76836
76837
76852
76853
76865
76878
76878
76889
76891
76898
76906
76939
76943
76946
76948
76952
76953
76956
76979
76980
76992
77012
77017
77034
77043
77048
77063
77065
77072
77073
77073
77075
77092
77097
77106
77146
77156
77167
77173
77194
77201
77226
77226
77242
77252
77253
77257
77258
77260
77299
77333
77340
77342
77345
77354
77359
77368
77424
77425
77453
77469
77472
77497
77510
77521
77537
77585
77598
77612
77658
77687
77729
77731
77732
77749
77753
77810
77828
77832
77854
77888
77891
77905
77943
77988
78022
78022
78035
78039
78052
78106
78109
78121
78161
78167
78180
78185
78190
78217
78219
78256
78266
78267
78302
78302
78311
78311
78319
78326
78330
78332
78338
78369
78383
78398
78434
78440
78451
78457
78466
78491
78516
78518
78535
78545
78558
78573
78596
78600
78627
78635
78635
78639
78674
78677
78718
78724
78734
78753
78754
78757
78758
78759
78766
78786
78814
78827
78831
78842
78843
78857
78872
78874
78874
78886
78887
78898
78915
78915
78917
78923
78942
78958
78982
78984
78996
79008
79010
79016
79059
79071
79085
79090
79108
79111
79114
79116
79121
79124
79143
79161
79165
79174
79183
79214
79224
79253
79255
79260
79261
79268
79282
79295
79301
79306
79349
79351
79364
79365
79381
79426
79427
79460
79479
79488
79495
79519
79521
79534
79562
79564
79640
79643
79657
79660
79662
79664
79665
79721
79784
79867
79889
79889
79913
79914
79924
79934
79934
79934
79941
79953
80000
80005
80031
80033
80044
80064
80064
80091
80103
80104
80120
80125
80135
80174
80174
80221
80246
80259
80282
80290
80290
80294
80306
80321
80329
80337
80344
80347
80354
80362
80367
80368
80369
80370
80381
80382
80385
80389
80416
80426
80437
80453
80459
80470
80472
80482
80484
80485
80504
80505
80519
80533
80533
80541
80546
80553
80558
80595
80599
80600
80625
80636
80642
80653
80656
80674
80682
80683
80688
80688
80709
80716
80719
80727
80758
80769
80815
80821
80832
80833
80840
80852
80862
80874
80881
80890
80915
80930
80946
80954
80956
80998
81004
81006
81011
81018
81020
81034
81037
81052
81054
81059
81079
81103
81122
81138
81145
81147
81154
81159
81163
81168
81169
81172
81175
81181
81185
81186
81191
81206
81211
81242
81246
81248
81260
81261
81269
81283
81299
81301
81304
81327
81350
81352
81354
81388
81405
81413
81444
81451
81456
81457
81474
81478
81485
81497
81512
81528
81530
81531
81537
81566
81568
81569
81576
81588
81591
81600
81605
81635
81643
81644
81684
81695
81696
81701
81712
81727
81732
81745
81747
81767
81770
81772
81787
81789
81803
81807
81828
81835
81867
81870
81894
81900
81900
81903
81912
81927
81939
81940
81943
81948
81951
81958
81962
81963
81977
81979
81993
82008
82011
82033
82037
82038
82039
82069
82078
82085
82131
82132
82147
82153
82158
82163
82169
82173
82177
82185
82185
82198
82199
82220
82225
82232
82238
82259
82276
82278
82294
82294
82309
82312
82317
82330
82336
82344
82357
82365
82399
82402
82429
82438
82445
82461
82492
82497
82504
82511
82514
82520
82523
82542
82550
82555
82556
82561
82567
82585
82588
82594
82599
82614
82617
82631
82650
82658
82681
82692
82693
82693
82700
82709
82720
82742
82748
82752
82755
82759
82778
82781
82787
82790
82829
82844
82845
82846
82854
82884
82904
82908
82912
82921
82924
82925
82928
82933
82941
82942
82948
82951
82958
82963
82980
83005
83029
83033
83034
83037
83038
83042
83043
83043
83070
83072
83075
83078
83097
83113
83124
83128
83161
83167
83167
83183
83185
83187
83195
83195
83222
83241
83242
83252
83256
83257
83259
83260
83262
83268
83295
83298
83334
83354
83365
83373
83436
83516
83523
83529
83535
83554
83563
83563
83569
83584
83597
83612
83629
83640
83647
83650
83664
83671
83704
83717
83723
83765
83770
83785
83790
83800
83836
83859
83884
83898
83900
83901
83909
83920
83925
83947
83948
83954
83955
83972
83973
83974
83977
83978
84008
84009
84033
84034
84041
84056
84057
84061
84065
84096
84128
84156
84187
84197
84230
84231
84243
84246
84271
84288
84296
84314
84323
84338
84341
84356
84356
84375
84377
84395
84395
84406
84429
84446
84469
84480
84492
84501
84501
84505
84526
84527
84528
84532
84539
84549
84562
84586
84593
84608
84615
84615
84618
84620
84629
84638
84641
84642
84654
84663
84667
84676
84683
84694
84703
84719
84731
84743
84759
84771
84803
84816
84840
84852
84857
84896
84899
84906
84936
84945
84952
84984
84987
84988
85007
85033
85055
85058
85058
85088
85104
85109
85126
85127
85133
85139
85174
85191
85197
85208
85210
85227
85230
85249
85255
85255
85258
85277
85278
85312
85325
85332
85333
85335
85341
85378
85379
85388
85392
85396
85399
85412
85415
85428
85428
85429
85456
85460
85466
85481
85482
85493
85516
85519
85524
85539
85546
85564
85569
85595
85623
85658
85679
85682
85703
85711
85721
85726
85745
85757
85759
85766
85777
85777
85783
85786
85830
85845
85856
85863
85882
85893
85896
85911
85913
85915
86004
86009
86011
86054
86057
86058
86059
86082
86091
86092
86107
86156
86158
86160
86177
86189
86206
86213
86220
86234
86241
86259
86261
86271
86275
86307
86310
86312
86316
86318
86338
86338
86339
86345
86349
86362
86364
86365
86376
86378
86379
86390
86403
86420
86422
86427
86427
86448
86453
86462
86487
86487
86491
86493
86501
86502
86503
86511
86519
86532
86537
86556
86559
86566
86569
86575
86575
86578
86579
86580
86595
86607
86607
86613
86628
86635
86642
86647
86662
86663
86664
86667
86687
86728
86740
86742
86743
86749
86762
86763
86766
86773
86774
86775
86779
86799
86830
86835
86845
86853
86855
86867
86868
86877
86881
86887
86894
86906
86922
86941
86947
86957
86964
86975
86981
86988
87020
87036
87036
87056
87067
87071
87090
87099
87120
87123
87124
87152
87153
87184
87186
87186
87205
87216
87229
87301
87302
87304
87308
87313
87319
87342
87343
87354
87372
87382
87415
87425
87427
87440
87443
87447
87448
87452
87462
87473
87478
87485
87496
87501
87502
87512
87525
87526
87528
87530
87532
87546
87549
87561
87563
87564
87581
87594
87595
87612
87613
87641
87651
87654
87654
87663
87684
87685
87718
87750
87764
87779
87795
87802
87828
87834
87834
87889
87895
87954
87957
87977
88005
88010
88018
88023
88032
88080
88088
88088
88092
88093
88096
88127
88128
88135
88140
88142
88145
88151
88155
88160
88173
88177
88181
88185
88187
88187
88190
88194
88195
88212
88248
88248
88249
88252
88277
88298
88303
88309
88316
88329
88340
88355
88357
88360
88362
88363
88364
88370
88388
88408
88424
88427
88437
88454
88457
88460
88467
88469
88475
88478
88506
88511
88512
88517
88518
88518
88520
88534
88544
88577
88583
88584
88589
88592
88611
88619
88634
88635
88636
88651
88656
88683
88683
88699
88704
88707
88709
88716
88719
88728
88732
88741
88763
88778
88783
88801
88809
88810
88832
88834
88863
88864
88867
88869
88881
88881
88887
88924
88936
88937
88956
89013
89023
89034
89035
89044
89066
89075
89080
89085
89100
89102
89132
89152
89154
89157
89195
89199
89206
89224
89241
89261
89297
89312
89323
89354
89375
89384
89386
89390
89406
89421
89448
89459
89480
89488
89508
89529
89534
89547
89593
89621
89627
89648
89653
89656
89680
89699
89715
89755
89800
89856
89886
89887
89935
89936
89951
89962
89964
89967
89970
89995
90002
90012
90030
90072
90094
90096
90113
90113
90115
90118
90118
90162
90167
90168
90173
90191
90194
90198
90198
90206
90216
90224
90242
90245
90256
90258
90259
90266
90278
90283
90298
90302
90328
90336
90344
90356
90365
90368
90368
90373
90377
90403
90406
90438
90442
90447
90454
90469
90471
90500
90502
90531
90546
90547
90552
90571
90579
90587
90629
90632
90643
90647
90655
90657
90658
90659
90664
90693
90704
90713
90721
90722
90732
90738
90744
90744
90750
90754
90763
90795
90798
90799
90801
90810
90812
90815
90821
90824
90837
90846
90857
90863
90870
90878
90897
90914
90920
90924
90925
90931
90932
90941
90950
90984
90991
90994
91009
91013
91013
91021
91021
91023
91031
91039
91054
91071
91072
91078
91085
91088
91092
91098
91103
91103
91105
91113
91125
91128
91130
91130
91138
91145
91158
91175
91229
91230
91267
91271
91287
91355
91368
91376
91384
91385
91392
91396
91403
91436
91442
91442
91470
91473
91475
91484
91508
91549
91566
91579
91583
91597
91601
91602
91602
91617
91620
91624
91632
91650
91653
91664
91704
91729
91791
91826
91857
91858
91867
91880
91888
91920
91924
91972
91998
92018
92021
92026
92040
92059
92086
92094
92101
92105
92112
92116
92121
92137
92165
92175
92179
92181
92185
92188
92197
92200
92211
92237
92245
92251
92257
92261
92268
92274
92276
92290
92292
92317
92322
92322
92332
92344
92358
92381
92385
92387
92393
92406
92407
92413
92414
92443
92456
92484
92487
92510
92512
92517
92520
92520
92522
92527
92529
92538
92544
92553
92557
92558
92565
92566
92580
92606
92608
92611
92646
92649
92662
92674
92677
92681
92684
92685
92704
92712
92717
92721
92725
92739
92771
92783
92793
92803
92819
92827
92848
92850
92852
92864
92866
92873
92876
92890
92897
92901
92923
92932
92934
92940
92967
92969
92971
92979
92982
92992
93000
93003
93020
93028
93029
93032
93050
93059
93059
93065
93075
93086
93086
93107
93113
93120
93128
93134
93142
93163
93164
93167
93182
93229
93231
93238
93263
93282
93284
93285
93290
93297
93311
93320
93333
93374
93385
93387
93388
93420
93421
93434
93434
93487
93505
93507
93509
93522
93545
93549
93560
93570
93588
93591
93619
93627
93660
93660
93661
93687
93721
93766
93767
93770
93772
93793
93828
93846
93848
93878
93879
93890
93923
93929
93945
93969
93985
93991
94007
94024
94027
94028
94043
94065
94082
94093
94119
94129
94141
94208
94213
94217
94227
94246
94252
94264
94275
94287
94293
94308
94315
94325
94343
94343
94359
94369
94370
94371
94377
94378
94383
94402
94417
94430
94437
94459
94469
94495
94500
94515
94538
94538
94575
94584
94588
94589
94589
94589
94592
94592
94592
94597
94606
94606
94615
94617
94624
94637
94638
94641
94650
94651
94653
94655
94663
94668
94699
94700
94711
94719
94721
94724
94724
94732
94736
94740
94753
94761
94783
94809
94822
94825
94826
94828
94849
94849
94869
94870
94883
94897
94901
94908
94910
94916
94930
94950
94966
94988
94992
94998
95000
95001
95003
95006
95029
95036
95042
95048
95050
95051
95053
95061
95064
95070
95084
95093
95100
95114
95118
95127
95152
95153
95153
95155
95163
95163
95178
95183
95191
95193
95195
95201
95202
95204
95229
95229
95235
95241
95245
95251
95254
95256
95260
95269
95295
95306
95307
95316
95321
95327
95344
95368
95385
95385
95390
95391
95393
95410
95414
95420
95425
95439
95441
95444
95446
95460
95462
95463
95465
95466
95480
95480
95484
95485
95486
95490
95501
95509
95520
95531
95541
95543
95545
95548
95553
95555
95569
95577
95583
95585
95588
95591
95601
95616
95633
95643
95645
95654
95668
95672
95673
95674
95692
95695
95695
95698
95700
95702
95714
95715
95719
95730
95741
95743
95744
95759
95761
95775
95797
95803
95820
95826
95845
95854
95856
95857
95863
95864
95874
95889
95897
95898
95908
95910
95911
95914
95917
95921
95936
95960
95961
95961
95985
95996
96006
96007
96012
96013
96017
96021
96024
96036
96062
96063
96067
96075
96075
96079
96085
96093
96100
96110
96111
96130
96148
96150
96151
96163
96166
96172
96173
96174
96214
96215
96217
96225
96235
96263
96269
96289
96294
96306
96316
96332
96363
96366
96370
96388
96389
96391
96394
96401
96401
96407
96413
96416
96435
96436
96438
96441
96443
96449
96450
96450
96452
96455
96457
96468
96471
96481
96485
96503
96511
96528
96535
96543
96545
96554
96560
96562
96569
96577
96582
96609
96614
96634
96646
96653
96654
96656
96659
96671
96673
96674
96677
96687
96690
96699
96700
96705
96706
96708
96710
96712
96719
96721
96723
96723
96732
96746
96748
96750
96760
96761
96766
96785
96786
96790
96792
96799
96807
96811
96818
96829
96840
96845
96855
96863
96863
96863
96864
96872
96891
96898
96899
96920
96930
96940
96956
96963
96980
96986
96996
97002
97005
97025
97042
97050
97052
97060
97063
97073
97100
97119
97119
97128
97140
97157
97163
97172
97174
97184
97186
97200
97206
97230
97231
97260
97262
97268
97269
97273
97276
97291
97302
97312
97314
97324
97329
97360
97361
97385
97415
97417
97429
97430
97434
97449
97462
97463
97472
97481
97485
97487
97492
97543
97544
97578
97583
97592
97604
97608
97612
97621
97625
97626
97640
97647
97650
97675
97685
97696
97699
97700
97745
97763
97766
97766
97803
97804
97828
97834
97837
97845
97854
97870
97897
97929
97930
97932
97943
97973
97988
98005
98011
98012
98015
98019
98022
98065
98066
98071
98076
98097
98104
98105
98138
98148
98162
98168
98170
98175
98192
98256
98268
98289
98298
98307
98310
98313
98317
98323
98333
98334
98339
98345
98348
98368
98373
98384
98387
98410
98421
98428
98431
98440
98448
98451
98453
98464
98471
98510
98511
98517
98531
98531
98542
98544
98549
98559
98562
98565
98573
98584
98585
98586
98589
98592
98593
98602
98611
98653
98668
98678
98679
98686
98691
98696
98706
98718
98718
98731
98732
98756
98761
98785
98797
98804
98806
98806
98807
98813
98839
98848
98877
98883
98905
98907
98923
98926
98930
98944
98949
98953
98960
98985
98990
98996
99000
