3
25
38
48
74
76
80
84
86
92
110
111
157
184
199
229
241
275
288
289
294
302
314
324
354
356
358
405
406
409
422
456
458
458
459
516
519
545
570
575
588
592
625
641
733
743
781
813
814
815
826
829
860
860
870
876
901
916
943
956
964
967
992
993
998
1002
1011
1045
1056
1117
1121
1153
1177
1179
1183
1191
1201
1207
1212
1229
1244
1248
1253
1267
1295
1295
1317
1326
1333
1343
1346
1355
1374
1386
1392
1405
1411
1422
1430
1438
1441
1447
1474
1521
1541
1572
1574
1586
1610
1614
1621
1689
1690
1703
1713
1752
1766
1781
1785
1794
1805
1809
1813
1854
1916
1924
1967
1974
1984
1988
1990
1991
2001
2016
2016
2024
2045
2057
2069
2072
2084
2088
2157
2195
2239
2250
2263
2272
2277
2279
2280
2282
2287
2315
2333
2346
2359
2375
2391
2396
2409
2426
2427
2437
2438
2447
2449
2462
2472
2477
2495
2530
2532
2558
2589
2603
2611
2621
2638
2642
2671
2671
2672
2677
2697
2702
2716
2723
2723
2740
2752
2767
2775
2776
2783
2791
2802
2805
2811
2823
2823
2830
2840
2844
2850
2861
2896
2902
2946
2957
2963
2973
2976
2980
2990
2996
3005
3006
3007
3039
3040
3043
3048
3048
3052
3052
3070
3084
3098
3099
3101
3117
3124
3136
3139
3140
3144
3150
3165
3171
3174
3194
3202
3226
3230
3233
3258
3262
3268
3277
3278
3286
3298
3301
3323
3325
3342
3356
3359
3361
3361
3361
3372
3378
3379
3379
3394
3410
3411
3429
3444
3460
3463
3479
3494
3496
3519
3530
3594
3594
3603
3608
3611
3636
3653
3687
3707
3719
3741
3755
3759
3774
3798
3810
3811
3814
3830
3875
3875
3881
3888
3889
3895
3898
3920
3931
3962
3966
3971
3980
3990
3992
4037
4045
4046
4054
4062
4065
4075
4081
4087
4103
4105
4121
4157
4163
4165
4165
4172
4185
4200
4211
4234
4245
4249
4250
4270
4274
4301
4315
4325
4325
4332
4349
4367
4380
4404
4410
4431
4431
4440
4468
4477
4487
4490
4505
4509
4510
4514
4532
4542
4543
4544
4560
4569
4585
4586
4609
4621
4648
4650
4653
4661
4669
4684
4716
4729
4730
4733
4739
4747
4763
4780
4793
4801
4811
4828
4843
4871
4873
4876
4901
4902
4913
4929
4931
4931
4957
4960
4963
4971
4973
4975
4984
4992
5022
5022
5025
5067
5075
5088
5091
5117
5147
5150
5152
5160
5161
5167
5168
5168
5197
5201
5221
5227
5235
5244
5256
5264
5266
5267
5286
5298
5299
5302
5316
5320
5326
5337
5347
5382
5386
5387
5400
5417
5434
5447
5461
5473
5481
5483
5519
5523
5530
5535
5546
5559
5565
5575
5585
5586
5591
5595
5604
5611
5622
5630
5644
5651
5657
5673
5685
5702
5717
5750
5768
5771
5778
5804
5805
5811
5834
5839
5849
5878
5883
5894
5898
5936
5941
5959
5964
5998
6003
6008
6019
6031
6033
6033
6042
6047
6085
6137
6139
6164
6179
6181
6185
6192
6201
6202
6204
6216
6217
6230
6239
6260
6283
6287
6294
6311
6360
6364
6365
6385
6394
6396
6398
6443
6444
6449
6455
6461
6464
6478
6501
6502
6515
6523
6525
6528
6548
6549
6561
6562
6573
6597
6598
6601
6612
6623
6625
6628
6642
6646
6654
6656
6667
6679
6706
6718
6727
6732
6737
6757
6792
6795
6796
6809
6844
6857
6890
6899
6916
6933
6945
6975
7050
7123
7199
7204
7219
7305
7348
7370
7430
7444
7445
7517
7519
7541
7597
7622
7632
7746
7929
7936
8137
8327
8381
8415
8636
8753
8813
8813
8814
8820
8824
8828
8829
8831
8832
8847
8862
8863
8875
8883
8884
8885
8888
8891
8898
8913
8928
8932
8934
8936
8940
8947
8950
8964
9001
9001
9021
9042
9047
9073
9075
9078
9091
9101
9102
9105
9109
9112
9122
9130
9142
9151
9154
9159
9160
9170
9183
9187
9226
9233
9236
9246
9283
9288
9288
9300
9312
9331
9334
9337
9340
9342
9350
9353
9374
9386
9386
9387
9412
9418
9429
9446
9450
9453
9494
9495
9501
9504
9508
9532
9543
9554
9562
9562
9574
9584
9586
9587
9601
9606
9626
9631
9643
9666
9674
9678
9679
9680
9680
9687
9700
9711
9713
9717
9724
9735
9746
9747
9760
9762
9764
9770
9774
9775
9776
9778
9793
9794
9805
9810
9811
10022
10025
10069
10209
10210
10219
10271
10274
10329
10336
10408
10474
10521
10542
10561
10631
10712
10738
10777
10803
10810
10817
10825
10868
10955
10973
10986
10995
11002
11071
11114
11120
11126
11143
11187
11194
11199
11214
11232
11237
11285
11289
11346
11354
11359
11405
11407
11488
11523
11529
11566
11593
11614
11632
11641
11642
11659
11685
11704
11717
11741
11751
11766
11768
11788
11840
11929
11990
11999
12100
12112
12113
12138
12155
12162
12167
12181
12192
12198
12199
12230
12240
12243
12269
12282
12354
12388
12394
12413
12452
12466
12515
12529
12592
12603
12627
12628
12690
12704
12707
12728
12735
12743
12749
12766
12784
12815
12816
12818
12821
12884
12889
12896
12912
12921
12927
12933
12935
12939
12974
12979
12989
12998
13002
13005
13007
13017
13020
13028
13050
13051
13073
13096
13109
13117
13118
13146
13167
13172
13191
13195
13196
13200
13206
13227
13262
13263
13281
13316
13318
13321
13321
13361
13376
13385
13386
13401
13420
13424
13446
13456
13469
13479
13496
13510
13539
13541
13566
13616
13623
13630
13644
13654
13696
13696
13702
13708
13711
13718
13732
13732
13744
13755
13785
13787
13806
13807
13811
13813
13818
13827
13830
13836
13840
13849
13854
13869
13905
13919
13920
13924
13927
13947
13970
13975
13983
13983
13992
14003
14008
14011
14014
14032
14043
14056
14058
14061
14065
14069
14085
14090
14091
14091
14098
14101
14115
14119
14153
14182
14193
14206
14219
14243
14250
14257
14262
14263
14276
14296
14306
14325
14326
14326
14331
14338
14343
14348
14359
14380
14392
14398
14405
14417
14419
14440
14451
14454
14459
14466
14467
14484
14486
14486
14505
14511
14520
14521
14522
14529
14531
14544
14550
14563
14564
14571
14571
14578
14579
14582
14584
14585
14591
14599
14607
14609
14611
14624
14631
14631
14635
14640
14647
14671
14672
14674
14683
14691
14711
14712
14713
14724
14737
14757
14768
14774
14776
14793
14802
14808
14825
14837
14848
14871
14871
14871
14874
14874
14884
14894
14896
14904
14907
14907
14916
14930
14961
14962
14979
14984
14986
14994
14997
15003
15014
15022
15034
15040
15043
15060
15069
15079
15091
15100
15104
15113
15116
15121
15130
15137
15151
15180
15183
15184
15211
15220
15226
15227
15236
15241
15264
15266
15266
15267
15294
15299
15305
15309
15316
15321
15348
15370
15402
15420
15421
15423
15426
15428
15432
15437
15439
15451
15455
15459
15485
15486
15495
15500
15509
15517
15551
15575
15621
15624
15633
15648
15672
15726
15738
15769
15771
15773
15778
15793
15794
15795
15801
15831
15844
15851
15858
15869
15873
15893
15902
15911
15926
15926
15942
16013
16032
16038
16065
16065
16068
16083
16085
16096
16116
16120
16123
16125
16126
16142
16179
16194
16196
16200
16228
16230
16243
16269
16291
16295
16313
16317
16331
16332
16335
16339
16355
16394
16418
16435
16439
16448
16455
16470
16482
16520
16521
16530
16532
16542
16554
16557
16562
16566
16580
16584
16590
16593
16601
16613
16613
16616
16617
16642
16643
16652
16656
16664
16679
16749
16756
16772
16802
16819
16820
16856
16858
16899
16912
16919
16932
16936
16943
17028
17085
17095
17126
17158
17182
17183
17190
17255
17272
17278
17307
17337
17355
17356
17356
17370
17375
17394
17398
17399
17418
17422
17424
17434
17444
17451
17456
17457
17473
17473
17490
17511
17513
17553
17635
17639
17644
17653
17654
17665
17665
17694
17701
17706
17714
17728
17729
17747
17780
17795
17806
17808
17814
17818
17829
17831
17832
17863
17871
17884
17885
17916
17943
17944
17945
17952
17952
17957
17960
17964
17973
17975
18000
18005
18044
18052
18055
18056
18059
18062
18089
18092
18108
18108
18110
18111
18113
18114
18127
18185
18190
18209
18226
18239
18261
18261
18265
18280
18281
18283
18293
18293
18297
18299
18304
18304
18312
18312
18313
18320
18322
18335
18344
18359
18364
18375
18376
18381
18384
18399
18413
18447
18450
18462
18472
18485
18491
18502
18505
18512
18517
18535
18554
18588
18592
18593
18607
18612
18618
18637
18639
18660
18668
18693
18700
18721
18786
18793
18801
18808
18811
18819
18830
18837
18887
18961
18967
18970
18982
19039
19055
19057
19059
19072
19081
19093
19111
19112
19133
19151
19155
19165
19170
19184
19195
19204
19210
19213
19217
19229
19262
19265
19299
19300
19332
19337
19347
19354
19358
19362
19380
19415
19445
19452
19478
19545
19553
19562
19576
19598
19609
19614
19620
19629
19676
19702
19749
19758
19762
19777
19780
19782
19786
19787
19821
19843
19845
19861
19894
19917
19961
20017
20170
20189
20192
20216
20216
20225
20272
20275
20327
20401
20406
20417
20445
20455
20477
20502
20524
20528
20549
20564
20574
20610
20611
20622
20624
20643
20648
20653
20662
20662
20668
20673
20683
20695
20697
20704
20733
20742
20749
20767
20782
20787
20788
20791
20813
20818
20824
20831
20843
20864
20872
20881
20891
20916
20936
20948
20952
21000
21012
21022
21024
21027
21031
21038
21042
21046
21060
21083
21086
21090
21097
21107
21109
21152
21153
21162
21163
21166
21168
21171
21176
21185
21193
21205
21208
21238
21240
21246
21253
21270
21305
21310
21318
21326
21336
21341
21342
21344
21346
21352
21363
21379
21380
21387
21391
21395
21395
21422
21424
21430
21434
21447
21465
21476
21488
21489
21490
21495
21496
21525
21530
21535
21539
21549
21557
21559
21564
21567
21584
21594
21604
21607
21617
21620
21636
21639
21645
21649
21651
21670
21673
21727
21744
21744
21766
21784
21789
21798
21803
21807
21831
21833
21839
21857
21857
21877
21910
21922
21932
21933
21947
21951
21970
21978
21980
21996
22007
22031
22032
22034
22037
22048
22051
22061
22075
22087
22089
22107
22141
22163
22204
22219
22223
22223
22230
22232
22239
22242
22254
22258
22265
22277
22292
22327
22330
22331
22336
22343
22358
22370
22377
22391
22395
22416
22438
22443
22466
22483
22499
22501
22508
22508
22509
22511
22515
22519
22519
22519
22544
22570
22578
22583
22598
22599
22601
22609
22612
22614
22620
22634
22643
22646
22647
22650
22658
22659
22661
22663
22669
22678
22714
22718
22722
22741
22761
22762
22772
22792
22794
22824
22828
22835
22845
22894
22910
22917
22937
22948
22953
22955
23013
23025
23035
23053
23056
23065
23066
23087
23089
23096
23099
23103
23116
23118
23127
23151
23160
23161
23164
23166
23175
23180
23181
23186
23189
23196
23211
23222
23224
23228
23229
23230
23244
23250
23257
23272
23326
23351
23355
23367
23372
23387
23396
23398
23418
23438
23443
23455
23504
23505
23515
23535
23545
23545
23555
23583
23585
23587
23600
23601
23606
23614
23627
23630
23633
23651
23676
23677
23679
23723
23726
23727
23731
23733
23735
23741
23750
23768
23771
23786
23806
23809
23828
23830
23833
23839
23853
23887
23908
23932
23970
23971
23974
23979
23981
23984
23989
23991
23994
23997
24007
24009
24021
24041
24042
24042
24051
24053
24057
24084
24095
24095
24097
24099
24100
24106
24109
24114
24117
24137
24139
24141
24142
24145
24152
24152
24171
24177
24194
24204
24207
24212
24229
24233
24246
24249
24253
24256
24270
24275
24310
24324
24333
24337
24339
24343
24370
24377
24396
24399
24401
24402
24403
24411
24419
24420
24429
24446
24460
24468
24472
24474
24479
24485
24510
24513
24513
24518
24519
24520
24548
24549
24561
24582
24583
24583
24590
24604
24624
24624
24629
24639
24646
24647
24654
24658
24662
24669
24673
24680
24696
24714
24746
24760
24761
24787
24796
24797
24797
24807
24809
24819
24834
24834
24839
24850
24851
24864
24868
24877
24885
24886
24887
24918
24919
24926
24940
24960
24962
24965
24997
25003
25025
25025
25040
25042
25047
25057
25100
25100
25109
25109
25142
25153
25159
25163
25173
25196
25202
25205
25206
25210
25231
25231
25233
25252
25268
25273
25277
25304
25304
25324
25326
25329
25353
25357
25377
25384
25401
25405
25407
25408
25417
25420
25460
25480
25510
25543
25550
25554
25561
25573
25579
25581
25585
25587
25614
25645
25652
25668
25682
25697
25700
25706
25708
25733
25741
25748
25804
25823
25823
25844
25864
25875
25894
25900
25932
25947
25976
25986
26011
26042
26113
26128
26130
26140
26140
26140
26187
26193
26238
26247
26273
26274
26295
26297
26298
26310
26322
26322
26333
26335
26339
26344
26391
26392
26423
26436
26468
26476
26503
26509
26513
26524
26529
26534
26549
26569
26571
26587
26604
26620
26620
26621
26630
26631
26649
26653
26669
26701
26701
26703
26710
26728
26732
26736
26745
26753
26767
26796
26801
26809
26818
26824
26833
26833
26843
26850
26856
26863
26878
26895
26914
26922
26947
26981
26997
26999
27009
27020
27022
27038
27054
27056
27059
27063
27069
27076
27083
27089
27089
27109
27117
27119
27126
27126
27155
27162
27169
27169
27171
27172
27173
27183
27205
27209
27210
27224
27233
27234
27240
27261
27267
27269
27282
27283
27288
27297
27319
27330
27337
27345
27348
27364
27371
27383
27400
27406
27416
27425
27450
27462
27467
27472
27481
27495
27500
27504
27510
27533
27543
27551
27556
27570
27585
27606
27628
27633
27633
27634
27636
27657
27672
27673
27684
27692
27713
27715
27721
27726
27739
27751
27755
27782
27796
27799
27812
27852
27865
27869
27878
27889
27899
27902
27936
27950
27957
27960
27968
27973
27978
28001
28020
28031
28038
28047
28048
28053
28054
28060
28063
28064
28069
28080
28090
28094
28102
28112
28129
28129
28133
28148
28168
28168
28173
28188
28195
28200
28201
28213
28230
28232
28234
28254
28258
28259
28260
28268
28291
28297
28299
28336
28359
28370
28383
28420
28433
28445
28452
28454
28459
28483
28488
28504
28509
28525
28531
28535
28539
28548
28556
28562
28562
28564
28568
28578
28585
28589
28611
28621
28633
28640
28659
28673
28677
28704
28710
28711
28738
28742
28757
28760
28768
28786
28796
28798
28807
28855
28856
28903
28904
28913
28927
28935
28945
28954
28955
28955
28960
28960
28967
28984
29002
29018
29031
29040
29042
29047
29055
29055
29071
29080
29083
29086
29096
29098
29119
29123
29125
29127
29145
29158
29183
29192
29200
29207
29212
29230
29237
29237
29238
29248
29274
29294
29296
29301
29335
29343
29398
29424
29455
29460
29473
29478
29478
29513
29515
29518
29529
29561
29566
29590
29710
29793
29817
29823
29831
30025
30030
30085
30100
30116
30135
30279
30363
30409
30511
30671
30694
30723
30726
30731
30749
30753
30774
30779
30808
30845
30859
30883
30896
30918
30938
30960
30965
30970
31027
31048
31063
31082
31092
31170
31176
31225
31245
31272
31294
31314
31386
31393
31457
31476
31487
31496
31503
31519
31520
31534
31538
31539
31540
31553
31559
31563
31579
31588
31600
31613
31616
31666
31691
31753
31763
31766
31810
31829
31832
31836
31840
31852
31856
31861
31894
31899
31900
31901
31938
31946
31949
31979
31999
32011
32018
32029
32030
32030
32030
32036
32052
32080
32086
32089
32098
32114
32133
32134
32148
32149
32156
32162
32174
32224
32231
32284
32312
32334
32347
32353
32372
32375
32429
32429
32473
32494
32504
32515
32539
32563
32570
32602
32627
32672
32676
32704
32719
32725
32726
32739
32743
32768
32770
32777
32782
32784
32784
32795
32797
32804
32814
32823
32833
32833
32838
32845
32851
32856
32863
32869
32870
32895
32895
32896
32921
32928
32944
32960
32966
32969
32991
32999
33000
33001
33047
33055
33068
33073
33087
33111
33187
33189
33242
33256
33258
33309
33349
33355
33358
33381
33386
33404
33405
33435
33440
33448
33450
33523
33529
33531
33544
33614
33642
33703
33821
33851
33876
33923
33929
33976
34055
34075
34102
34299
34310
34329
34379
34397
34399
34463
34510
34526
34599
34619
34636
34651
34828
34843
34847
34851
34876
34942
34951
35008
35012
35056
35064
35084
35136
35161
35177
35192
35263
35298
35309
35357
35381
35432
35450
35457
35472
35495
35512
35520
35528
35548
35550
35552
35594
35601
35604
35628
35643
35646
35651
35667
35669
35824
35893
35907
35916
35930
36045
36079
36112
36122
36139
36169
36194
36216
36266
36276
36295
36298
36301
36310
36310
36331
36337
36365
36368
36389
36392
36422
36438
36453
36478
36480
36491
36513
36532
36533
36544
36559
36580
36600
36604
36618
36638
36639
36640
36650
36658
36665
36674
36689
36707
36718
36724
36727
36734
36737
36754
36773
36777
36779
36783
36798
36809
36823
36825
36826
36827
36839
36842
36847
36851
36867
36877
36878
36879
36904
36928
36943
36950
36964
36975
36993
37010
37012
37012
37012
37015
37016
37028
37034
37049
37062
37076
37079
37095
37105
37114
37125
37131
37158
37176
37179
37217
37222
37224
37241
37249
37253
37261
37271
37272
37287
37298
37310
37325
37340
37343
37343
37347
37359
37362
37384
37402
37406
37411
37445
37449
37457
37518
37533
37543
37590
37599
37616
37617
37622
37628
37640
37642
37647
37647
37697
37709
37714
37777
37782
37782
37786
37788
37792
37804
37820
37853
37905
37910
37920
37933
37941
37959
38013
38031
38039
38054
38087
38112
38116
38148
38159
38209
38223
38231
38262
38262
38266
38277
38284
38306
38306
38308
38316
38317
38320
38378
38388
38391
38392
38395
38404
38404
38410
38411
38437
38444
38456
38467
38475
38477
38480
38499
38519
38522
38529
38533
38555
38562
38572
38597
38619
38628
38630
38633
38637
38639
38655
38670
38670
38674
38684
38684
38684
38705
38713
38713
38717
38725
38733
38740
38751
38759
38763
38765
38770
38805
38825
38827
38832
38835
38843
38856
38870
38879
38882
38898
38914
38916
38919
38931
38935
38940
38954
38962
38964
38977
38983
38985
39015
39022
39023
39024
39025
39059
39079
39086
39095
39102
39119
39132
39134
39136
39137
39165
39173
39174
39175
39204
39216
39223
39224
39241
39246
39268
39283
39284
39323
39328
39341
39344
39345
39355
39365
39366
39379
39384
39397
39402
39408
39412
39416
39427
39437
39471
39484
39497
39500
39503
39514
39521
39531
39557
39558
39559
39569
39581
39583
39588
39591
39596
39603
39620
39624
39635
39640
39642
39647
39657
39659
39673
39674
39685
39703
39706
39709
39738
39744
39759
39763
39764
39792
39792
39819
39820
39823
39823
39865
39867
39881
39881
39882
39890
39901
39901
39902
39902
39903
39904
39904
39905
39913
39926
39941
39946
39952
39960
39995
39996
39998
39999
40006
40008
40012
40030
40031
40055
40067
40076
40092
40101
40118
40129
40137
40157
40161
40185
40194
40196
40197
40202
40204
40208
40223
40227
40236
40242
40244
40251
40276
40283
40320
40331
40345
40407
40419
40420
40425
40437
40445
40466
40485
40488
40503
40510
40518
40529
40542
40562
40567
40568
40568
40578
40609
40617
40620
40624
40644
40681
40684
40686
40690
40704
40706
40733
40745
40780
40788
40788
40795
40815
40837
40849
40854
40857
40880
40885
40891
40893
40904
40905
40925
40943
40945
40981
40990
41008
41017
41074
41077
41083
41084
41091
41104
41130
41155
41177
41178
41180
41183
41183
41203
41206
41207
41218
41248
41258
41265
41273
41278
42139
42214
42220
42286
42449
42511
42583
42954
42999
43019
43084
43086
43092
43123
43139
43166
43175
43178
43178
43188
43213
43248
43258
43263
43266
43273
43275
43276
43305
43315
43321
43336
43353
43383
43391
43392
43437
43476
43483
43504
43513
43534
43543
43558
43597
43645
43654
43735
43745
43751
43761
43797
43819
43822
43826
43935
43970
43971
43998
44012
44013
44020
44029
44067
44074
44090
44112
44120
44129
44129
44143
44160
44163
44170
44179
44189
44208
44226
44282
44290
44304
44305
44326
44329
44338
44361
44363
44364
44390
44410
44415
44417
44418
44449
44474
44480
44499
44505
44540
44544
44553
44557
44559
44602
44642
44643
44645
44654
44674
44710
44777
44783
44790
44812
44842
44849
44860
44874
44901
44930
44933
44959
44970
44978
45013
45019
45020
45021
45039
45044
45059
45069
45081
45083
45088
45101
45106
45211
45329
45448
45460
45562
45672
45732
45794
46048
46064
46065
46078
46114
46135
46146
46165
46170
46175
46177
46179
46203
46227
46238
46256
46303
46330
46427
46427
46434
46436
46442
46465
46470
46472
46495
46505
46511
46538
46540
46542
46551
46566
46579
46581
46612
46613
46652
46661
46718
46727
46740
46754
46763
46790
46825
46830
46867
46871
46879
46883
46914
46925
46975
46988
47008
47018
47045
47075
47080
47089
47101
47140
47152
47190
47191
47207
47215
47227
47281
47291
47311
47316
47316
47329
47345
47347
47361
47376
47385
47444
47446
47469
47483
47502
47506
47525
47568
47586
47597
47610
47627
47632
47642
47647
47647
47685
47727
47730
47743
47778
47796
47817
47834
47860
47885
47889
47901
47919
47937
47942
47946
47947
47978
47996
47998
48006
48035
48041
48047
48072
48076
48123
48123
48137
48154
48155
48156
48164
48180
48184
48186
48212
48235
48239
48241
48243
48255
48274
48278
48297
48330
48363
48366
48371
48380
48405
48422
48430
48435
48441
48455
48462
48478
48488
48510
48515
48518
48538
48541
48568
48577
48626
48629
48644
48654
48657
48687
48690
48720
48780
48818
48835
48851
48861
48874
48875
48884
48898
48902
48906
48910
48913
48933
48937
48944
48954
48963
48963
48974
48986
49026
49035
49050
49054
49062
49062
49096
49108
49132
49132
49148
49195
49224
49233
49247
49253
49267
49271
49304
49322
49352
49362
49365
49366
49370
49381
49403
49410
49435
49455
49458
49460
49515
49519
49526
49574
49620
49624
49705
49710
49717
49755
49764
49787
49788
49790
49812
49832
49833
49914
49915
49941
49942
49948
49954
49968
49969
49971
49973
49982
49982
49989
49994
50001
50005
50009
50023
50043
50065
50066
50066
50077
50114
50147
50151
50181
50188
50201
50209
50209
50250
50252
50278
50294
50301
50310
50313
50313
50346
50348
50349
50360
50368
50400
50422
50425
50459
50464
50464
50467
50469
50480
50490
50492
50493
50510
50537
50545
50562
50563
50563
50567
50568
50584
50617
50646
50670
50690
50713
50766
50784
50793
50798
50801
50839
50861
50891
50896
50912
50953
50961
50964
51007
51012
51015
51018
51034
51043
51071
51075
51076
51084
51119
51119
51128
51129
51133
51135
51138
51169
51187
51189
51193
51195
51203
51215
51215
51226
51234
51235
51237
51238
51240
51240
51252
51255
51265
51274
51292
51343
51360
51363
51371
51381
51421
51423
51439
51460
51486
51503
51505
51507
51509
51517
51532
51533
51547
51570
51574
51580
51585
51611
51612
51625
51646
51646
51696
51743
51754
51777
51782
51788
51795
51803
51811
51817
51823
51828
51846
51862
51876
51881
51885
51899
51935
51940
51944
51949
51971
52060
52077
52084
52148
52178
52193
52206
52216
52316
52343
52345
52367
52375
52395
52464
52469
52481
52512
52517
52518
52528
52560
52631
52669
52717
52731
52741
52758
52774
52805
52834
52842
52850
52874
52890
52940
52986
53052
53054
53076
53110
53112
53127
53128
53134
53143
53176
53178
53246
53258
53272
53283
53293
53297
53310
53325
53382
53392
53408
53430
53448
53460
53471
53478
53483
53488
53522
53570
53586
53606
53606
53644
53653
53660
53686
53714
53738
53757
53785
53803
53893
53912
53929
53936
53945
53962
53967
53971
53989
53991
54002
54006
54010
54014
54026
54039
54041
54086
54098
54104
54113
54113
54118
54120
54121
54137
54158
54169
54178
54191
54209
54212
54239
54244
54253
54254
54262
54265
54282
54294
54308
54311
54316
54320
54322
54339
54358
54360
54381
54428
54434
54441
54447
54502
54510
54540
54558
54567
54569
54571
54576
54584
54585
54587
54597
54609
54610
54631
54633
54645
54681
54684
54686
54688
54698
54708
54718
54732
54738
54760
54794
54810
54816
54818
54843
54848
54859
54865
54873
54878
54879
54896
54904
54912
54918
54928
54932
54934
54984
55034
55221
55407
55415
55469
55479
55562
55589
55617
55724
55799
55831
55929
56013
56127
56269
56304
56329
56396
56528
56633
56699
56727
56737
56761
56768
56782
56802
56803
56806
56817
56826
56827
56832
56834
56836
56844
56852
56855
56875
56877
56879
56882
56884
56890
56911
56925
56963
57006
57007
57010
57016
57025
57040
57049
57054
57063
57063
57066
57073
57074
57075
57077
57087
57087
57112
57113
57135
57141
57150
57156
57178
57181
57182
57184
57193
57201
57202
57211
57212
57219
57227
57229
57230
57239
57244
57252
57258
57264
57268
57297
57299
57312
57330
57333
57348
57364
57367
57379
57405
57410
57413
57414
57422
57439
57445
57455
57460
57475
57485
57516
57544
57557
57563
57571
57584
57586
57591
57596
57606
57616
57632
57636
57641
57646
57654
57688
57691
57703
57711
57713
57724
57754
57770
57797
57826
57831
57843
57850
57858
57864
57870
57876
57880
57891
57892
57897
57898
57898
57901
57927
57929
57936
57947
57964
57967
57967
58009
58024
58027
58055
58059
58104
58132
58157
58180
58213
58216
58216
58237
58238
58240
58249
58253
58275
58282
58282
58308
58326
58337
58355
58357
58383
58408
58415
58415
58435
58448
58472
58484
58489
58495
58497
58506
58508
58536
58540
58570
58602
58607
58617
58621
58632
58643
58652
58664
58676
58677
58688
58716
58740
58752
58755
58774
58788
58789
58841
58843
58847
58847
58856
58961
58974
58988
59038
59049
59063
59069
59109
59109
59127
59171
59187
59237
59294
59305
59306
59307
59312
59342
59343
59347
59360
59385
59396
59412
59425
59444
59446
59466
59480
59483
59517
59527
59564
59570
59589
59612
59616
59647
59658
59661
59676
59676
59686
59689
59699
59701
59708
59716
59728
59750
59772
59786
59787
59790
59803
59815
59815
59815
59831
59843
59850
59851
59858
59877
59878
59901
59901
59904
59908
59941
59946
59950
59956
59956
59963
59964
59982
59984
59987
59988
59989
59990
59991
59993
60009
60011
60014
60023
60032
60034
60036
60043
60050
60050
60056
60058
60061
60071
60077
60085
60093
60101
60102
60104
60126
60134
60135
60139
60168
60182
60196
60206
60221
60234
60234
60240
60252
60259
60263
60264
60272
60290
60298
60329
60336
60361
60375
60380
60384
60385
60386
60408
60419
60438
60439
60440
60450
60480
60484
60495
60495
60503
60516
60524
60545
60551
60552
60571
60571
60583
60585
60593
60596
60597
60601
60604
60615
60618
60627
60632
60638
60640
60651
60651
60654
60654
60660
60662
60674
60688
60691
60693
60693
60698
60716
60717
60727
60731
60738
60739
60740
60740
60743
60746
60752
60762
60783
60785
60791
60792
60801
60817
60833
60838
60839
60841
60858
60874
60882
60889
60890
60909
60920
60928
60938
60956
60965
60973
60974
60976
60988
60993
60995
61015
61031
61037
61053
61062
61078
61087
61095
61108
61121
61123
61144
61146
61148
61148
61153
61168
61169
61177
61188
61188
61192
61240
61250
61274
61274
61282
61286
61321
61332
61334
61348
61367
61372
61388
61393
61394
61402
61407
61448
61462
61467
61468
61482
61486
61496
61499
61500
61501
61503
61513
61516
61531
61539
61549
61567
61571
61584
61593
61597
61609
61618
61623
61629
61631
61632
61641
61643
61653
61677
61681
61706
61706
61723
61754
61759
61777
61779
61784
61786
61795
61850
61853
61853
61862
61863
61864
61866
61876
61882
61898
61944
61948
61950
61974
61980
62011
62012
62020
62034
62041
62050
62062
62074
62076
62109
62120
62129
62137
62147
62155
62155
62156
62159
62162
62173
62174
62179
62179
62210
62225
62237
62241
62250
62251
62270
62274
62287
62289
62292
62296
62305
62347
62362
62373
62373
62381
62381
62387
62393
62410
62413
62413
62415
62425
62429
62433
62434
62483
62488
62516
62524
62527
62547
62554
62570
62571
62574
62577
62581
62585
62586
62592
62600
62605
62632
62639
62645
62667
62673
62681
62692
62702
62719
62726
62727
62734
62739
62760
62765
62783
62787
62787
62790
62791
62815
62823
62827
62837
62837
62839
62888
62902
62925
62929
62949
62959
62975
62992
63008
63011
63022
63037
63114
63119
63122
63126
63126
63144
63153
63202
63203
63203
63208
63209
63238
63254
63266
63285
63289
63289
63292
63313
63320
63337
63343
63351
63366
63375
63382
63401
63405
63411
63412
63430
63433
63437
63439
63443
63454
63465
63468
63474
63476
63482
63485
63507
63511
63516
63531
63539
63543
63544
63560
63585
63590
63596
63597
63610
63626
63627
63628
63629
63632
63649
63651
63652
63658
63662
63686
63728
63734
63749
63764
63770
63787
63800
63837
63874
63894
63895
63906
63918
63943
63946
63964
63971
63973
63985
63987
63996
64033
64062
64074
64099
64119
64132
64133
64137
64142
64177
64179
64214
64214
64216
64217
64218
64247
64253
64258
64261
64262
64265
64285
64288
64288
64297
64305
64305
64323
64389
64400
64421
64423
64425
64442
64469
64474
64479
64488
64497
64499
64511
64515
64524
64533
64537
64541
64547
64549
64592
64599
64600
64601
64602
64604
64645
64647
64661
64663
64693
64700
64704
64705
64707
64731
64736
64742
64744
64746
64783
64784
64788
64789
64795
64797
64804
64818
64825
64835
64846
64866
64870
64894
64900
64910
64912
64918
64953
64967
65010
65053
65055
65068
65069
65110
65121
65134
65145
65163
65170
65184
65185
65186
65188
65237
65245
65249
65259
65264
65266
65266
65273
65281
65284
65290
65311
65312
65317
65338
65340
65355
65374
65376
65386
65391
65396
65413
65427
65432
65434
65438
65440
65441
65444
65446
65448
65452
65452
65453
65463
65472
65490
65501
65512
65521
65521
65529
65546
65547
65548
65550
65558
65560
65574
65586
65588
65606
65626
65632
65636
65642
65644
65648
65650
65652
65653
65658
65663
65667
65671
65682
65683
65685
65696
65699
65743
65744
65747
65750
65752
65776
65776
65778
65803
65803
65835
65840
65841
65859
65859
65862
65867
65867
65891
65919
65928
65928
65962
65968
65974
65975
66016
66017
66019
66023
66027
66040
66043
66051
66065
66092
66094
66095
66130
66148
66158
66158
66158
66171
66180
66189
66193
66212
66250
66251
66252
66254
66285
66288
66288
66300
66305
66308
66319
66331
66336
66346
66350
66368
66381
66383
66391
66392
66400
66404
66451
66451
66455
66465
66466
66480
66515
66521
66522
66524
66528
66532
66532
66539
66549
66578
66579
66586
66597
66608
66636
66729
66735
66738
66757
66769
66788
66807
66818
66825
66840
66841
66857
66870
66872
66874
66889
66897
66911
66927
66935
66937
66941
66982
66987
66994
67027
67030
67055
67071
67074
67076
67093
67106
67107
67132
67145
67201
67209
67212
67213
67234
67236
67283
67288
67301
67303
67344
67369
67373
67433
67449
67461
67476
67492
67493
67497
67501
67511
67541
67553
67570
67698
67737
67826
67978
68086
68136
68477
68494
68520
68546
68590
68599
68655
68672
68681
68688
68712
68714
68718
68731
68745
68771
68782
68788
68801
68805
68828
68856
68866
68894
68896
68897
68923
68931
68937
68940
68946
68972
68976
68977
69011
69098
69101
69104
69107
69129
69129
69149
69154
69182
69193
69203
69220
69225
69246
69248
69251
69254
69270
69276
69295
69306
69319
69323
69328
69335
69340
69358
69390
69403
69433
69445
69453
69481
69490
69521
69532
69550
69562
69575
69586
69623
69647
69649
69662
69666
69677
69681
69710
69714
69729
69731
69749
69759
69764
69786
69798
69803
69807
69816
69819
69855
69900
69937
69956
69958
69962
69984
70034
70051
70066
70079
70080
70085
70110
70127
70136
70146
70153
70157
70179
70214
70239
70275
70275
70279
70305
70317
70317
70324
70347
70370
70376
70382
70384
70390
70410
70422
70422
70447
70449
70601
70627
70659
70681
70814
70963
71198
71211
71220
71238
71256
71396
71422
71436
71444
71482
71526
71541
71561
71591
71604
71711
71788
71798
71825
71850
71925
71940
71949
71974
71981
72016
72096
72102
72116
72134
72170
72197
72209
72245
72259
72259
72289
72293
72302
72311
72321
72347
72355
72413
72499
72511
72523
72574
72597
72609
72613
72661
72677
72728
72745
72749
72841
72848
72893
72926
72937
73003
73199
73259
73290
73372
73388
73408
73464
73492
73510
73530
73532
73557
73573
73577
73612
73701
73708
73810
73845
73908
73925
73959
73978
73995
74001
74015
74038
74066
74095
74119
74144
74150
74160
74185
74190
74195
74223
74223
74241
74244
74271
74308
74314
74322
74328
74366
74395
74408
74408
74430
74448
74460
74469
74474
74491
74503
74521
74538
74541
74550
74557
74567
74589
74606
74626
74642
74677
74680
74701
74729
74733
74763
74774
74789
74800
74806
74837
74841
74852
74860
74942
74971
74971
74987
74990
75027
75030
75034
75052
75053
75072
75073
75092
75106
75107
75110
75113
75141
75143
75151
75182
75189
75193
75198
75208
75236
75238
75261
75271
75318
75327
75333
75349
75362
75390
75399
75425
75433
75437
75440
75443
75445
75451
75461
75469
75478
75506
75510
75560
75586
75586
75603
75612
75654
75676
75677
75709
75718
75740
75765
75793
75801
75817
75823
75827
75842
75850
75858
75870
75895
75901
75906
75935
75944
75953
75957
75973
75974
75974
75992
76006
76015
76028
76049
76050
76057
76059
76076
76110
76125
76129
76137
76142
76173
76173
76175
76189
76200
76234
76237
76241
76260
76271
76285
76297
76310
76328
76343
76346
76352
76373
76379
76384
76386
76434
76438
76439
76487
76493
76527
76528
76539
76548
76573
76576
76585
76609
76633
76636
76643
76645
76646
76649
76650
76657
76684
76687
76690
76701
76703
76725
76730
76737
76785
76787
76790
76804
76809
76822
76822
76823
76825
76850
76850
76861
76865
76905
76911
76925
76941
76957
76979
76993
77000
77020
77023
77051
77052
77059
77061
77068
77091
77095
77114
77116
77143
77150
77152
77154
77160
77167
77171
77172
77173
77179
77191
77201
77210
77221
77225
77232
77244
77244
77247
77272
77292
77294
77304
77319
77354
77415
77418
77444
77455
77480
77488
77506
77516
77528
77539
77546
77554
77572
77581
77581
77590
77595
77603
77604
77613
77620
77671
77685
77696
77698
77712
77715
77726
77734
77744
77747
77756
77760
77777
77786
77794
77795
77805
77824
77854
77855
77857
77896
77912
77959
77964
77969
77974
77983
77984
77984
77998
78000
78005
78016
78055
78058
78066
78071
78089
78112
78115
78134
78135
78139
78145
78148
78166
78171
78195
78199
78206
78227
78228
78246
78249
78293
78342
78346
78355
78399
78464
78467
78469
78505
78532
78533
78558
78578
78602
78632
78644
78647
78676
78677
78679
78682
78701
78704
78714
78731
78735
78743
78750
78794
78845
78862
78875
78878
78890
78921
78923
78949
78963
78974
78981
78991
79017
79024
79033
79034
79043
79107
79148
79176
79210
79212
79215
79262
79341
79448
79495
79679
79872
79909
80086
80087
80101
80151
80161
80165
80166
80188
80208
80217
80222
80223
80225
80229
80230
80239
80241
80248
80249
80255
80260
80268
80282
80291
80301
80309
80331
80339
80340
80341
80350
80354
80358
80363
80369
80371
80390
80405
80414
80419
80433
80442
80448
80458
80464
80466
80468
80482
80484
80489
80492
80493
80498
80508
80511
80521
80531
80550
80551
80562
80563
80568
80573
80577
80585
80585
80586
80602
80606
80622
80638
80645
80653
80670
80674
80678
80684
80692
80692
80693
80697
80707
80710
80721
80727
80730
80739
80756
80759
80807
80807
80819
80826
80841
80842
80879
80893
80898
80901
80905
80905
80910
80910
80911
80912
80923
80947
80949
80962
80963
80964
81000
81001
81005
81006
81011
81021
81026
81028
81034
81062
81076
81080
81098
81101
81123
81129
81132
81136
81137
81174
81187
81188
81190
81203
81210
81224
81233
81245
81260
81267
81269
81293
81306
81308
81311
81312
81342
81361
81368
81391
81416
81417
81418
81449
81458
81461
81461
81467
81477
81490
81498
81511
81521
81524
81540
81542
81545
81549
81554
81563
81575
81593
81615
81626
81634
81639
81657
81674
81674
81677
81694
81728
81730
81735
81758
81761
81764
81779
81786
81787
81789
81795
81820
81829
81830
81848
81849
81854
81866
81866
81867
81869
81871
81876
81899
81915
81916
81922
81924
81946
81961
81968
81988
81999
82004
82013
82040
82047
82059
82064
82092
82100
82147
82163
82169
82186
82195
82215
82239
82249
82251
82271
82276
82295
82297
82302
82311
82312
82344
82377
82412
82454
82455
82489
82496
82500
82501
82509
82557
82583
82594
82602
82604
82614
82751
82792
82818
82842
82848
82871
82883
82918
82932
82943
82944
82955
82977
83015
83016
83023
83032
83038
83040
83042
83053
83061
83062
83064
83064
83066
83079
83080
83086
83101
83102
83118
83145
83154
83159
83184
83188
83202
83202
83202
83205
83212
83216
83220
83220
83221
83223
83233
83240
83241
83246
83264
83281
83289
83306
83312
83322
83323
83325
83344
83359
83360
83361
83363
83380
83386
83412
83453
83455
83468
83498
83501
83526
83535
83548
83549
83551
83558
83559
83569
83573
83582
83587
83591
83592
83626
83626
83628
83658
83658
83668
83680
83695
83704
83708
83718
83729
83738
83746
83767
83769
83791
83797
83807
83827
83830
83844
83846
83849
83850
83860
83862
83874
83883
83898
83913
83936
83952
83980
83992
83998
84000
84011
84014
84040
84046
84052
84054
84055
84061
84079
84090
84095
84102
84148
84151
84163
84164
84169
84172
84181
84193
84200
84209
84213
84219
84221
84266
84295
84314
84315
84325
84325
84332
84349
84350
84357
84361
84374
84378
84384
84391
84398
84402
84447
84448
84463
84466
84467
84481
84483
84490
84505
84506
84524
84526
84529
84532
84543
84557
84569
84578
84586
84596
84596
84596
84614
84658
84668
84668
84669
84688
84698
84700
84710
84712
84720
84730
84754
84756
84760
84771
84781
84788
84790
84804
84805
84822
84826
84836
84846
84856
84863
84866
84870
84873
84877
84894
84904
84905
84910
84916
84928
84929
84933
84959
84968
84975
84985
84992
85002
85040
85050
85061
85070
85072
85073
85073
85084
85104
85107
85114
85126
85140
85155
85162
85163
85166
85167
85181
85206
85208
85208
85214
85220
85226
85258
85260
85260
85267
85272
85300
85302
85306
85313
85315
85352
85359
85373
85374
85385
85409
85415
85416
85417
85424
85440
85458
85460
85476
85477
85479
85491
85496
85505
85524
85547
85555
85556
85559
85574
85582
85592
85606
85612
85612
85621
85623
85626
85633
85653
85655
85670
85672
85673
85676
85696
85697
85705
85746
85757
85764
85780
85793
85802
85802
85815
85824
85835
85842
85848
85883
85905
85906
85949
85963
85977
85978
85984
85985
86022
86026
86034
86042
86062
86078
86082
86102
86104
86115
86118
86124
86127
86133
86154
86167
86177
86191
86196
86201
86217
86232
86235
86236
86237
86283
86288
86314
86317
86321
86327
86337
86343
86347
86356
86360
86375
86402
86411
86414
86416
86462
86463
86464
86465
86482
86485
86508
86508
86512
86512
86530
86530
86538
86540
86543
86603
86607
86612
86613
86638
86638
86647
86658
86660
86669
86679
86683
86715
86722
86724
86741
86747
86749
86762
86773
86794
86823
86825
86844
86859
86886
86888
86889
86891
86893
86909
86919
86934
86953
86997
86999
87008
87014
87031
87039
87079
87098
87098
87101
87127
87131
87136
87142
87148
87148
87166
87170
87174
87190
87201
87204
87205
87215
87217
87228
87239
87242
87249
87271
87281
87281
87283
87295
87301
87313
87326
87328
87329
87330
87343
87356
87361
87361
87362
87372
87396
87404
87413
87414
87433
87435
87449
87467
87472
87472
87484
87501
87509
87511
87515
87520
87524
87526
87531
87535
87552
87582
87593
87614
87621
87627
87633
87634
87639
87656
87681
87694
87697
87709
87712
87712
87713
87726
87739
87782
87797
87805
87816
87825
87853
87856
87858
87872
87899
87901
87911
87913
87913
87917
87918
87919
87921
87948
87950
87986
87989
88005
88008
88009
88009
88014
88022
88031
88040
88064
88074
88075
88077
88083
88094
88129
88156
88166
88175
88181
88196
88207
88222
88224
88224
88229
88230
88236
88242
88248
88250
88257
88262
88275
88281
88299
88299
88304
88308
88346
88353
88366
88394
88398
88403
88405
88407
88442
88445
88449
88467
88478
88482
88510
88517
88547
88562
88575
88585
88588
88591
88597
88604
88607
88628
88653
88664
88675
88678
88680
88697
88703
88739
88744
88759
88760
88769
88773
88781
88814
88825
88831
88842
88844
88851
88860
88861
88865
88870
88911
88923
88949
88956
88963
88964
88978
88987
88999
88999
89001
89007
89014
89027
89073
89093
89094
89096
89096
89115
89115
89118
89124
89136
89156
89170
89172
89180
89181
89210
89227
89230
89232
89233
89237
89251
89252
89255
89274
89289
89328
89333
89347
89351
89364
89376
89389
89391
89398
89398
89405
89419
89431
89449
89456
89458
89471
89480
89485
89507
89514
89535
89538
89545
89551
89555
89575
89603
89619
89622
89628
89633
89646
89655
89656
89664
89667
89674
89682
89688
89690
89692
89709
89712
89734
89743
89760
89769
89786
89787
89789
89819
89842
89843
89843
89854
89874
89880
89906
89913
89915
89925
89928
89930
89957
89960
89962
89963
89969
89976
89982
90008
90016
90018
90038
90044
90048
90055
90056
90068
90073
90078
90081
90092
90114
90134
90135
90135
90142
90142
90143
90145
90148
90156
90165
90173
90187
90187
90195
90203
90208
90236
90246
90260
90272
90306
90342
90348
90360
90376
90377
90388
90396
90407
90410
90445
90453
90462
90474
90478
90488
90499
90501
90503
90506
90536
90550
90553
90557
90588
90593
90612
90617
90618
90620
90637
90649
90677
90680
90680
90710
90723
90724
90731
90738
90741
90750
90752
90774
90781
90786
90786
90797
90819
90822
90838
90864
90874
90884
90891
90898
90900
90901
90923
90924
90926
90926
90931
90951
90960
90998
91002
91005
91006
91031
91038
91039
91054
91056
91067
91074
91083
91088
91092
91119
91135
91137
91141
91161
91162
91165
91171
91176
91193
91197
91219
91234
91241
91243
91261
91271
91277
91307
91318
91320
91335
91340
91355
91371
91391
91396
91401
91405
91407
91407
91412
91440
91455
91492
91493
91494
91503
91508
91513
91518
91564
91564
91573
91581
91583
91606
91610
91611
91620
91620
91631
91649
91674
91685
91686
91692
91699
91701
91705
91712
91721
91724
91733
91734
91734
91741
91755
91761
91791
91792
91798
91818
91820
91826
91828
91836
91842
91844
91848
91895
91914
91921
91923
91927
91932
91939
91947
91950
91956
91956
91957
91962
91972
91976
91986
91990
91994
92005
92013
92033
92034
92037
92043
92049
92053
92053
92055
92062
92074
92076
92077
92110
92123
92130
92148
92150
92180
92188
92203
92206
92208
92215
92218
92221
92225
92229
92234
92237
92243
92254
92265
92270
92277
92285
92306
92318
92320
92343
92355
92366
92366
92387
92406
92408
92426
92432
92440
92446
92460
92477
92484
92498
92515
92516
92521
92528
92529
92541
92546
92549
92567
92574
92576
92593
92595
92597
92605
92628
92644
92647
92649
92653
92702
92705
92706
92710
92716
92723
92725
92727
92741
92750
92758
92766
92767
92768
92784
92795
92808
92818
92838
92841
92848
92850
92853
92860
92878
92890
92914
92941
92945
92947
92957
92957
92983
92992
93011
93018
93018
93021
93055
93055
93067
93069
93079
93081
93085
93088
93105
93106
93118
93119
93139
93180
93192
93221
93246
93247
93249
93263
93272
93279
93310
93312
93314
93317
93327
93329
93338
93350
93358
93376
93403
93404
93416
93425
93432
93435
93441
93447
93456
93458
93458
93461
93462
93479
93484
93508
93511
93520
93529
93530
93555
93571
93571
93585
93586
93595
93611
93620
93624
93663
93666
93678
93690
93706
93709
93729
93735
93736
93746
93750
93755
93756
93759
93760
93805
93812
93827
93840
93842
93857
93865
93884
93884
93888
93889
93904
93941
93942
93962
93972
93986
93986
93992
94046
94070
94072
94074
94080
94123
94183
94188
94203
94206
94212
94233
94234
94241
94260
94269
94306
94324
94349
94361
94366
94388
94392
94421
94426
94458
94458
94468
94483
94483
94495
94501
94522
94543
94550
94578
94594
94594
94605
94619
94640
94654
94673
94694
94695
94754
94755
94758
94780
94803
94810
94817
94841
94842
94845
94858
94896
94898
94923
94938
94939
94942
94952
94955
94970
94978
94982
94996
94998
95000
95000
95006
95007
95014
95016
95016
95026
95031
95032
95034
95040
95048
95053
95070
95074
95085
95088
95090
95093
95117
95158
95164
95166
95173
95180
95184
95189
95193
95205
95224
95227
95255
95271
95280
95292
95294
95300
95300
95304
95314
95328
95328
95343
95343
95343
95349
95366
95366
95370
95370
95376
95376
95385
95385
95392
95401
95401
95405
95411
95425
95426
95430
95464
95471
95476
95483
95485
95501
95504
95515
95516
95523
95537
95541
95547
95552
95574
95575
95576
95579
95587
95592
95619
95654
95657
95662
95663
95670
95670
95670
95691
95701
95717
95722
95741
95742
95752
95757
95761
95767
95768
95774
95798
95804
95806
95807
95807
95822
95822
95829
95860
95872
95887
95894
95911
95916
95917
95918
95932
95936
95950
95953
95960
95994
96005
96010
96011
96034
96041
96046
96048
96052
96052
96071
96080
96089
96098
96100
96102
96102
96123
96125
96133
96146
96160
96175
96179
96189
96192
96193
96202
96204
96208
96208
96250
96258
96266
96312
96313
96318
96321
96350
96366
96369
96373
96381
96382
96383
96384
96398
96418
96444
96447
96449
96453
96453
96491
96501
96508
96509
96512
96515
96516
96517
96517
96523
96533
96537
96538
96543
96553
96553
96560
96563
96569
96574
96581
96582
96600
96612
96613
96613
96614
96623
96653
96659
96679
96694
96695
96706
96718
96722
96729
96742
96764
96787
96796
96827
96827
96827
96834
96845
96866
96868
96883
96892
96894
96919
96923
