1
19
25
26
42
68
80
85
99
108
115
133
137
141
141
182
195
205
216
231
269
270
271
280
289
309
324
356
358
373
379
405
415
426
427
432
437
457
494
513
515
531
531
546
548
550
557
572
573
612
619
627
639
641
670
699
707
719
759
761
768
770
771
777
781
787
799
812
826
827
830
857
861
884
896
903
913
925
942
955
982
987
1079
1088
1298
1323
1386
1421
1450
1515
1524
1552
1633
1738
1768
1864
1894
1929
1952
1973
1982
1983
1986
2062
2077
2084
2238
2270
2284
2340
2424
2440
2451
2453
2470
2483
2620
2630
2727
2769
2779
2791
2795
2905
2907
2911
2923
2927
2944
2951
2965
3034
3042
3069
3085
3097
3098
3109
3119
3123
3131
3147
3148
3153
3180
3188
3222
3289
3307
3356
3388
3389
3438
3449
3472
3472
3494
3529
3559
3571
3576
3593
3609
3648
3660
3680
3683
3694
3697
3773
3810
3812
3839
3881
3902
3905
3916
3916
3918
3942
3956
3975
3978
4028
4035
4040
4045
4047
4054
4057
4064
4065
4087
4110
4113
4120
4138
4149
4161
4176
4208
4215
4223
4255
4262
4272
4272
4291
4305
4305
4314
4329
4337
4341
4360
4390
4407
4414
4422
4430
4430
4430
4432
4445
4489
4495
4497
4526
4535
4538
4555
4579
4583
4624
4633
4651
4652
4655
4655
4657
4754
4764
4765
4782
4806
4814
4815
4837
4839
4839
4856
4857
4929
4959
5010
5029
5037
5041
5078
5106
5131
5234
5259
5291
5331
5339
5340
5353
5359
5370
5428
5508
5611
5612
5629
5653
5682
5709
5719
5795
5801
5830
5833
5853
5855
5868
5911
5911
5934
5959
5977
6002
6013
6028
6059
6059
6108
6111
6166
6202
6227
6240
6242
6259
6260
6263
6329
6334
6335
6409
6433
6452
6473
6476
6503
6518
6532
6543
6550
6550
6552
6553
6568
6620
6628
6630
6658
6686
6727
6736
6746
6769
6794
6803
6830
6849
6862
6872
6917
6929
6933
6939
6941
6964
7003
7030
7060
7063
7069
7073
7077
7126
7133
7151
7163
7171
7177
7188
7203
7212
7216
7237
7290
7298
7305
7326
7337
7349
7395
7430
7449
7464
7466
7467
7474
7475
7481
7489
7494
7499
7513
7545
7554
7565
7580
7585
7603
7609
7626
7644
7708
7723
7727
7774
7780
7781
7807
7810
7826
7865
7902
7904
7926
7976
7977
7979
8008
8040
8077
8102
8106
8121
8131
8168
8199
8207
8292
8349
8369
8464
8465
8481
8486
8491
8510
8511
8514
8514
8533
8587
8778
8814
8816
8852
8894
8939
8962
9009
9039
9082
9093
9098
9122
9131
9133
9134
9178
9291
9292
9352
9358
9372
9396
9449
9462
9487
9555
9558
9583
9627
9633
9685
9723
9724
9786
9800
9806
9824
9851
9853
9861
9932
9977
9979
10002
10023
10043
10046
10048
10064
10094
10101
10204
10232
10241
10259
10283
10326
10336
10343
10346
10368
10370
10388
10397
10405
10441
10447
10489
10489
10492
10496
10550
10575
10599
10603
10611
10613
10630
10634
10647
10667
10668
10677
10687
10727
10727
10744
10758
10766
10816
10817
10827
10835
10843
10851
10912
10929
10965
11010
11017
11038
11050
11073
11108
11120
11120
11125
11137
11151
11187
11203
11218
11228
11232
11237
11250
11258
11269
11292
11302
11310
11315
11328
11328
11329
11356
11375
11412
11415
11418
11427
11428
11429
11458
11464
11481
11504
11509
11520
11525
11561
11581
11598
11608
11612
11629
11631
11639
11639
11641
11641
11645
11657
11664
11680
11690
11706
11707
11727
11731
11731
11782
11835
11856
11908
11938
11953
11963
11969
11986
12004
12020
12107
12141
12200
12415
12418
12436
12475
12528
12563
12618
12633
12635
12667
12670
12703
12737
12747
12789
12792
12811
12907
12973
12994
12999
13024
13024
13030
13078
13115
13152
13174
13220
13221
13237
13241
13262
13278
13298
13299
13305
13313
13320
13337
13342
13358
13400
13415
13447
13454
13519
13523
13534
13580
13594
13641
13685
13692
13707
13708
13726
13728
13733
13739
13750
13769
13801
13805
13824
13835
13857
13871
13913
13930
13931
13940
13959
13969
13982
13990
14007
14068
14096
14105
14147
14157
14193
14194
14202
14204
14257
14257
14271
14278
14298
14305
14338
14359
14363
14394
14399
14437
14439
14450
14451
14454
14457
14482
14492
14501
14530
14534
14539
14558
14562
14588
14599
14629
14696
14699
14724
14726
14733
14755
14769
14811
14812
14881
14916
14944
14947
14975
15016
15043
15048
15051
15052
15057
15061
15068
15070
15085
15106
15130
15140
15168
15189
15236
15246
15276
15284
15289
15295
15296
15333
15334
15363
15369
15379
15404
15440
15454
15480
15491
15496
15576
15591
15630
15637
15720
15736
15768
15781
15826
15831
15857
15863
15867
15873
15874
15886
15891
15967
15972
15990
15998
16017
16029
16083
16123
16124
16129
16174
16176
16178
16233
16276
16347
16373
16413
16424
16435
16456
16475
16500
16559
16647
16657
16671
16702
16717
16743
16751
16767
16770
16846
16857
16873
16878
16890
16891
16893
16949
16951
16966
16971
16972
16995
17028
17045
17128
17161
17173
17203
17206
17210
17240
17249
17266
17273
17307
17333
17336
17374
17397
17435
17436
17451
17460
17487
17497
17509
17532
17551
17556
17572
17598
17606
17629
17632
17658
17659
17662
17667
17684
17697
17715
17724
17726
17736
17743
17749
17757
17757
17779
17780
17781
17798
17809
17823
17827
17827
17832
17836
17852
17865
17878
17880
17881
17885
17898
17903
17907
17961
17963
17976
18022
18041
18067
18074
18100
18102
18120
18121
18127
18127
18128
18149
18156
18167
18181
18187
18194
18213
18231
18246
18264
18291
18306
18325
18353
18361
18417
18420
18426
18427
18437
18445
18450
18460
18487
18515
18518
18523
18537
18539
18549
18550
18583
18596
18644
18653
18716
18821
18849
18853
18872
18920
18979
18980
19041
19061
19067
19081
19111
19123
19164
19209
19257
19338
19340
19344
19383
19392
19396
19428
19467
19508
19521
19537
19541
19546
19558
19596
19619
19621
19677
19728
19732
19787
19789
19793
19829
19831
19851
19855
19863
19943
19960
19967
20016
20058
20086
20088
20091
20107
20138
20143
20156
20170
20174
20183
20188
20190
20233
20266
20271
20272
20312
20347
20376
20406
20427
20437
20447
20506
20508
20539
20552
20582
20604
20608
20660
20698
20733
20735
20815
20837
20842
20843
20889
20926
20944
20954
20974
20990
20998
21009
21023
21039
21045
21057
21084
21134
21144
21200
21210
21245
21252
21278
21289
21324
21354
21388
21409
21440
21512
21530
21546
21553
21579
21581
21581
21583
21585
21593
21617
21619
21621
21624
21643
21676
21694
21698
21701
21712
21723
21727
21729
21763
21764
21781
21786
21787
21802
21810
21866
21870
21881
21897
21925
21949
21997
22004
22004
22040
22054
22057
22059
22081
22099
22112
22132
22139
22148
22163
22170
22195
22202
22255
22288
22290
22294
22312
22335
22354
22364
22373
22403
22405
22407
22407
22460
22472
22480
22553
22570
22571
22594
22649
22692
22744
22753
22772
22774
22877
22877
22878
22892
23021
23022
23049
23059
23074
23082
23121
23130
23148
23240
23249
23254
23280
23301
23307
23334
23358
23367
23374
23378
23387
23391
23395
23397
23408
23416
23425
23434
23436
23437
23475
23484
23505
23518
23553
23565
23568
23584
23596
23636
23638
23639
23704
23706
23721
23738
23749
23750
23767
23767
23778
23795
23808
23812
23823
23836
23853
23890
23892
23900
23901
23919
23926
23929
23960
23970
23974
23991
24038
24059
24067
24070
24113
24114
24118
24134
24134
24157
24168
24168
24177
24179
24185
24218
24229
24240
24257
24292
24294
24310
24375
24376
24393
24420
24421
24437
24439
24500
24529
24546
24557
24568
24581
24595
24603
24612
24629
24636
24653
24677
24681
24698
24700
24702
24720
24730
24735
24743
24812
24819
24846
24912
24936
24943
24953
25002
25003
25017
25031
25042
25056
25059
25064
25081
25089
25098
25100
25139
25144
25150
25184
25227
25247
25254
25288
25288
25290
25321
25326
25355
25355
25370
25416
25417
25421
25457
25474
25489
25492
25498
25619
25656
25673
25709
25825
25848
25865
25899
25929
25937
25961
26000
26016
26016
26085
26131
26148
26167
26174
26210
26246
26308
26333
26391
26454
26482
26499
26504
26522
26586
26600
26607
26608
26627
26660
26662
26669
26674
26734
26751
26788
26846
26862
26914
26914
26939
26958
26963
26964
26981
27033
27114
27122
27131
27244
27261
27268
27275
27314
27322
27327
27345
27351
27365
27369
27394
27394
27435
27444
27462
27469
27485
27494
27508
27519
27519
27548
27556
27571
27587
27592
27632
27639
27656
27703
27707
27721
27742
27751
27787
27790
27790
27818
27826
27832
27842
27844
27847
27860
27863
27936
27941
27943
27945
27993
27995
28053
28101
28109
28127
28143
28147
28192
28212
28213
28214
28280
28283
28304
28306
28313
28313
28321
28344
28350
28359
28371
28409
28433
28445
28486
28494
28495
28527
28530
28535
28540
28547
28547
28552
28567
28573
28581
28600
28641
28643
28667
28700
28708
28739
28750
28754
28754
28762
28779
28789
28789
28790
28808
28813
28824
28828
28830
28836
28853
28858
28859
28889
28902
28911
28911
28920
28921
28924
28949
28961
28968
28968
29019
29019
29035
29038
29045
29059
29063
29065
29068
29072
29082
29100
29108
29114
29120
29129
29149
29157
29163
29182
29191
29193
29245
29251
29255
29261
29261
29272
29275
29293
29303
29307
29309
29350
29379
29457
29500
29559
29571
29594
29666
29691
29702
29722
29750
29757
29797
29813
29862
29894
29955
29992
29993
30079
30130
30131
30216
30218
30242
30274
30276
30286
30287
30334
30346
30348
30376
30420
30431
30431
30440
30463
30467
30613
30643
30671
30672
30779
30792
30798
30858
30888
30898
30916
30936
31004
31009
31058
31062
31097
31100
31133
31150
31163
31171
31172
31175
31180
31196
31204
31213
31215
31221
31221
31227
31233
31237
31247
31255
31278
31288
31295
31311
31321
31353
31357
31359
31398
31404
31404
31464
31491
31494
31506
31546
31559
31568
31572
31575
31585
31601
31605
31655
31668
31675
31675
31679
31715
31716
31720
31727
31729
31741
31745
31756
31763
31766
31777
31794
31813
31818
31819
31829
31841
31851
31863
31863
31877
31912
31919
31923
31939
31943
31978
31985
31995
32009
32011
32013
32026
32032
32037
32072
32073
32136
32144
32170
32170
32224
32240
32305
32346
32410
32418
32434
32465
32469
32528
32559
32579
32590
32607
32639
32664
32667
32937
33013
33080
33081
33124
33138
33157
33170
33229
33260
33288
33296
33306
33317
33399
33420
33445
33478
33482
33528
33558
33574
33596
33598
33609
33625
33627
33669
33675
33676
33698
33700
33702
33708
33755
33772
33810
33821
33837
33861
33893
33902
33932
33944
33983
33993
34017
34058
34069
34100
34106
34142
34187
34211
34213
34230
34256
34263
34300
34301
34314
34315
34324
34386
34387
34396
34403
34412
34444
34472
34473
34506
34527
34528
34530
34564
34606
34636
34644
34648
34674
34689
34710
34713
34739
34744
34760
34767
34782
34786
34789
34845
34886
34889
34904
34915
34930
34953
34965
34973
34977
35005
35009
35027
35065
35129
35136
35151
35168
35173
35183
35195
35214
35246
35282
35328
35364
35399
35423
35423
35430
35438
35440
35470
35474
35475
35511
35514
35533
35533
35557
35568
35570
35570
35572
35578
35589
35599
35613
35628
35632
35633
35664
35688
35692
35740
35762
35785
35791
35795
35797
35798
35806
35813
35821
35838
35842
35859
35860
35860
35871
35875
35877
35902
35905
35907
35910
35916
35948
35951
35972
36002
36002
36019
36038
36047
36105
36108
36167
36210
36226
36241
36257
36268
36289
36375
36446
36483
36499
36505
36557
36575
36576
36651
36670
36751
36757
36807
36886
36921
36932
36942
36951
36963
36974
37020
37023
37084
37094
37096
37099
37125
37146
37157
37198
37201
37261
37262
37266
37300
37321
37329
37334
37365
37374
37380
37400
37403
37417
37456
37483
37514
37527
37541
37565
37587
37609
37622
37647
37675
37699
37743
37772
37781
37819
37848
37857
37866
37868
37882
37883
37928
37930
37945
37946
37954
37968
38014
38033
38036
38047
38057
38068
38077
38089
38105
38107
38118
38134
38136
38164
38170
38193
38222
38247
38268
38285
38300
38317
38343
38362
38376
38387
38390
38404
38405
38408
38415
38428
38459
38466
38466
38485
38492
38499
38562
38573
38580
38580
38631
38634
38645
38647
38662
38681
38684
38697
38708
38744
38747
38755
38767
38773
38783
38814
38817
38836
38890
38902
38909
38916
38928
38940
38956
39021
39032
39045
39061
39116
39159
39179
39180
39206
39210
39271
39274
39276
39277
39280
39285
39291
39341
39391
39394
39441
39467
39472
39480
39525
39533
39553
39571
39571
39600
39627
39629
39636
39737
39748
39801
39804
39809
39836
39871
39909
39911
39915
39932
39951
39952
39960
40013
40019
40032
40069
40071
40083
40111
40130
40131
40138
40156
40157
40182
40230
40282
40284
40293
40307
40346
40356
40371
40372
40387
40391
40398
40416
40520
40534
40586
40681
40711
40759
40791
40813
40846
40848
40858
40872
40888
40969
40990
41027
41048
41067
41069
41085
41093
41108
41127
41166
41168
41176
41180
41187
41212
41220
41243
41252
41279
41281
41282
41283
41292
41293
41317
41347
41361
41380
41399
41426
41440
41452
41469
41504
41508
41511
41512
41538
41552
41567
41593
41630
41669
41688
41691
41775
41801
41802
41810
41820
41838
41842
41842
41848
41855
41861
41867
41883
41892
41906
41912
41913
41915
41923
41934
41945
41950
41956
41969
41972
41976
41986
42002
42003
42005
42028
42045
42065
42074
42075
42089
42093
42095
42114
42125
42131
42133
42144
42155
42180
42187
42200
42219
42228
42229
42229
42257
42278
42304
42346
42391
42403
42426
42435
42448
42458
42458
42484
42486
42490
42518
42528
42533
42544
42546
42553
42567
42574
42595
42614
42617
42638
42640
42648
42657
42664
42666
42672
42702
42710
42718
42720
42733
42740
42749
42750
42786
42791
42793
42800
42802
42811
42828
42835
42841
42870
42881
42885
42942
42955
42970
42977
42990
43080
43091
43103
43121
43133
43147
43156
43165
43245
43256
43257
43260
43282
43297
43322
43346
43346
43364
43367
43402
43406
43418
43420
43487
43508
43541
43584
43592
43599
43605
43633
43633
43680
43698
43705
43730
43802
43808
43819
43821
43831
43835
43838
43839
43872
43877
43880
43885
43892
43895
43901
43911
43914
43947
43950
43955
44006
44034
44034
44054
44067
44106
44106
44121
44170
44170
44171
44197
44200
44206
44207
44208
44216
44228
44250
44251
44267
44268
44279
44307
44338
44359
44362
44385
44408
44420
44423
44425
44426
44436
44462
44496
44502
44527
44565
44569
44580
44637
44670
44690
44716
44774
44776
44793
44794
44872
44893
44907
44907
44936
44946
44984
44995
45003
45004
45017
45023
45036
45043
45050
45054
45057
45063
45065
45066
45087
45104
45108
45117
45135
45156
45243
45256
45263
45268
45279
45287
45294
45300
45330
45351
45358
45361
45397
45414
45422
45427
45433
45438
45448
45453
45487
45516
45523
45523
45567
45576
45621
45623
45647
45688
45700
45700
45709
45726
45739
45754
45756
45760
45762
45762
45791
45828
45847
45878
45890
45892
45919
45929
45940
45946
45957
45959
45975
45997
45999
46000
46030
46035
46055
46077
46096
46097
46115
46150
46152
46167
46171
46175
46184
46192
46195
46197
46245
46252
46263
46274
46283
46322
46324
46327
46332
46336
46345
46354
46354
46373
46377
46431
46439
46440
46445
46460
46460
46480
46482
46487
46492
46493
46534
46541
46576
46594
46633
46641
46644
46647
46650
46651
46667
46668
46684
46684
46684
46686
46688
46688
46700
46745
46747
46749
46771
46773
46778
46780
46797
46821
46843
46846
46856
46884
46892
46900
46931
46937
46942
46955
46974
46978
46981
47000
47009
47041
47063
47064
47071
47103
47106
47140
47141
47156
47166
47180
47198
47206
47207
47212
47238
47328
47362
47369
47376
47403
47499
47517
47526
47551
47587
47633
47641
47703
47739
47745
47745
47747
47749
47749
47756
47790
47805
47810
47812
47823
47855
47856
47870
47872
47914
47923
47954
47960
47975
48013
48022
48032
48073
48076
48104
48113
48118
48122
48130
48134
48177
48196
48259
48266
48331
48332
48341
48356
48360
48374
48375
48385
48392
48490
48503
48519
48542
48544
48559
48568
48581
48585
48605
48606
48607
48628
48649
48651
48660
48669
48682
48724
48741
48745
48753
48754
48760
48773
48817
48848
48860
48863
48932
48935
48941
48960
48962
48966
48975
48983
48986
48996
49008
49028
49039
49054
49076
49078
49090
49100
49100
49119
49120
49129
49136
49164
49176
49176
49196
49198
49208
49213
49221
49222
49234
49240
49241
49242
49250
49278
49292
49301
49302
49323
49328
49332
49332
49349
49362
49369
49372
49389
49420
49420
49425
49443
49461
49462
49465
49475
49502
49503
49512
49539
49549
49571
49573
49580
49593
49595
49624
49665
49679
49687
49699
49713
49725
49727
49733
49734
49742
49749
49793
49802
49823
49824
49839
49845
49856
49863
49866
49891
49925
49944
49947
49951
49969
49993
50003
50027
50035
50048
50068
50069
50110
50136
50138
50145
50154
50240
50271
50274
50300
50311
50323
50364
50371
50418
50421
50460
50469
50527
50545
50584
50590
50619
50649
50654
50658
50696
50733
50740
50746
50756
50766
50777
50784
50814
50816
50940
50959
50967
50992
51051
51066
51069
51071
51093
51100
51106
51133
51145
51145
51171
51204
51210
51215
51232
51300
51309
51312
51312
51333
51348
51349
51386
51394
51489
51489
51502
51537
51564
51585
51606
51615
51621
51648
51672
51720
51725
51726
51743
51794
51801
51813
51820
51858
51887
51894
51917
51923
51936
51941
51950
51955
51968
51976
52000
52004
52018
52027
52028
52047
52051
52061
52067
52084
52098
52099
52117
52119
52127
52136
52153
52175
52190
52207
52216
52229
52245
52270
52304
52319
52334
52334
52340
52340
52350
52382
52386
52408
52421
52433
52446
52466
52495
52506
52541
52548
52550
52556
52561
52580
52588
52619
52620
52630
52643
52654
52672
52677
52689
52689
52700
52715
52716
52722
52728
52731
52734
52752
52753
52768
52784
52791
52796
52818
52821
52824
52825
52849
52864
52875
52882
52909
52913
52919
52925
52925
52929
52948
52956
52960
52990
53020
53023
53024
53030
53044
53047
53053
53057
53084
53085
53089
53142
53154
53165
53170
53170
53193
53195
53213
53213
53214
53245
53251
53268
53277
53278
53313
53338
53365
53368
53377
53379
53379
53390
53400
53402
53416
53435
53461
53467
53467
53473
53478
53481
53499
53500
53516
53529
53546
53551
53566
53572
53572
53576
53588
53608
53613
53617
53623
53625
53634
53635
53645
53665
53666
53675
53685
53687
53691
53697
53721
53751
53755
53792
53805
53849
53863
53865
53869
53914
53924
53926
53933
53945
53946
53984
53999
54058
54061
54116
54121
54150
54158
54231
54275
54306
54339
54351
54382
54384
54421
54458
54461
54477
54503
54509
54544
54563
54585
54598
54599
54607
54621
54655
54666
54690
54698
54725
54740
54792
54793
54809
54819
54822
54823
54843
54858
54896
54914
54921
54924
54933
54972
54985
54988
54991
55003
55024
55040
55068
55132
55138
55161
55178
55181
55192
55194
55221
55277
55283
55286
55292
55302
55325
55362
55379
55468
55480
55490
55517
55539
55551
55559
55563
55573
55616
55635
55646
55649
55657
55659
55659
55662
55700
55716
55718
55732
55739
55741
55743
55746
55768
55773
55780
55797
55800
55802
55821
55878
55882
55913
55920
55929
55933
55941
55966
55974
56008
56011
56023
56031
56034
56076
56084
56092
56121
56129
56160
56171
56172
56194
56196
56206
56228
56239
56243
56260
56269
56279
56280
56300
56317
56324
56326
56328
56339
56341
56344
56344
56366
56390
56393
56447
56460
56462
56472
56475
56486
56517
56544
56556
56573
56576
56586
56588
56598
56604
56673
56674
56676
56684
56686
56734
56734
56747
56758
56759
56772
56802
56837
56840
56850
56859
56882
56901
56903
56912
56924
56931
56935
56937
56940
56963
56969
56998
57007
57022
57024
57030
57046
57051
57071
57080
57125
57167
57192
57210
57228
57241
57257
57265
57323
57325
57346
57398
57415
57416
57442
57477
57499
57507
57508
57515
57534
57548
57565
57594
57656
57690
57753
57829
57861
57960
58231
58335
58411
58412
58433
58509
58514
58535
58538
58546
58560
58575
58624
58633
58646
58661
58664
58712
58715
58727
58733
58737
58765
58783
58797
58828
58832
58860
58866
58870
58886
58930
58968
58985
58987
58998
59084
59093
59116
59143
59149
59152
59152
59165
59180
59187
59193
59249
59255
59262
59285
59297
59318
59342
59344
59346
59358
59381
59386
59403
59411
59428
59449
59460
59466
59502
59556
59561
59561
59584
59589
59620
59666
59679
59689
59692
59697
59700
59718
59747
59809
59818
59852
59861
59884
59899
59905
59910
59915
59971
59984
59986
59986
59988
59999
60018
60018
60019
60049
60049
60073
60077
60079
60088
60097
60098
60100
60117
60148
60172
60174
60182
60200
60222
60235
60238
60244
60256
60259
60267
60281
60328
60357
60360
60364
60384
60390
60401
60411
60446
60458
60480
60490
60499
60528
60563
60568
60597
60599
60616
60626
60640
60642
60679
60710
60717
60722
60755
60760
60761
60764
60805
60813
60816
60824
60829
60838
60840
60850
60878
60881
60894
60894
60898
60911
60921
60936
60949
60949
60950
60993
61033
61039
61048
61054
61065
61066
61069
61080
61085
61106
61108
61132
61135
61147
61172
61176
61176
61213
61223
61224
61233
61243
61262
61291
61313
61323
61343
61345
61349
61359
61360
61373
61373
61375
61378
61388
61393
61397
61413
61436
61456
61468
61472
61497
61497
61522
61539
61563
61582
61593
61596
61764
61815
61916
61966
62010
62066
62124
62155
62168
62180
62205
62235
62265
62271
62288
62288
62387
62453
62481
62493
62515
62539
62549
62557
62566
62581
62612
62616
62634
62703
62736
62746
62775
62785
62821
62825
62902
62910
62934
62952
62964
62971
63091
63093
63096
63112
63115
63124
63141
63160
63162
63165
63175
63178
63189
63222
63229
63261
63277
63363
63386
63423
63432
63451
63460
63514
63524
63526
63533
63543
63562
63570
63576
63597
63611
63618
63626
63639
63676
63693
63720
63723
63741
63742
63748
63769
63791
63858
63895
63903
63934
63935
63942
63957
63958
63971
64021
64059
64109
64114
64124
64164
64195
64294
64314
64320
64322
64335
64350
64351
64399
64418
64420
64440
64443
64458
64493
64508
64517
64563
64564
64575
64584
64625
64626
64632
64658
64667
64670
64695
64756
64767
64774
64784
64804
64808
64827
64833
64861
64865
64882
64890
64898
64900
64927
64962
64969
64972
64982
65018
65027
65034
65049
65079
65080
65090
65097
65100
65109
65154
65156
65192
65195
65210
65221
65252
65328
65373
65374
65386
65392
65420
65433
65445
65479
65509
65530
65533
65535
65580
65586
65601
65603
65604
65618
65649
65662
65673
65698
65699
65715
65728
65746
65761
65779
65828
65835
65836
65838
65854
65869
65889
65907
65921
65936
65973
65995
66019
66025
66027
66047
66059
66101
66107
66125
66140
66158
66163
66193
66227
66248
66295
66304
66305
66331
66345
66350
66356
66372
66381
66386
66401
66409
66431
66437
66444
66454
66470
66479
66495
66517
66519
66528
66551
66563
66573
66608
66628
66643
66653
66669
66690
66721
66738
66767
66794
66848
66852
66855
66878
66893
66910
66913
66928
66929
66930
66934
66938
66942
66953
67011
67015
67040
67053
67056
67065
67072
67081
67088
67111
67113
67136
67186
67265
67279
67298
67308
67314
67321
67380
67427
67440
67448
67455
67477
67485
67485
67571
67581
67603
67610
67652
67662
67675
67680
67687
67758
67776
67808
67810
67844
67852
67875
67907
67924
68014
68029
68050
68063
68069
68093
68106
68118
68180
68203
68216
68226
68232
68238
68285
68313
68335
68347
68355
68369
68376
68420
68427
68461
68467
68471
68482
68489
68500
68505
68520
68535
68539
68542
68612
68635
68649
68676
68703
68732
68737
68744
68770
68781
68819
68850
68915
68978
69004
69077
69080
69092
69148
69179
69186
69202
69218
69230
69277
69340
69349
69350
69352
69358
69367
69367
69374
69397
69435
69457
69464
69484
69492
69507
69532
69555
69562
69584
69587
69604
69623
69626
69642
69644
69658
69668
69696
69776
69788
69800
69807
69819
69866
69870
69876
69916
69946
69972
69981
69982
69999
70013
70013
70056
70081
70083
70094
70125
70169
70169
70173
70190
70224
70232
70244
70260
70264
70312
70315
70322
70325
70326
70333
70373
70382
70428
70432
70434
70437
70450
70454
70459
70470
70475
70493
70510
70530
70577
70592
70611
70620
70666
70674
70686
70747
70750
70786
70809
70848
70874
70925
70948
71024
71037
71038
71057
71058
71060
71061
71109
71110
71123
71131
71134
71135
71136
71151
71159
71166
71182
71193
71228
71259
71322
71324
71329
71339
71392
71411
71414
71416
71420
71426
71432
71433
71442
71446
71507
71561
71566
71576
71594
71632
71653
71693
71752
71778
71788
71872
71877
71891
71896
71928
71930
71947
71991
72010
72049
72051
72065
72095
72101
72124
72133
72174
72185
72205
72237
72247
72286
72301
72309
72336
72343
72394
72415
72430
72437
72480
72480
72486
72521
72528
72540
72541
72544
72556
72556
72570
72591
72619
72635
72651
72659
72675
72691
72692
72716
72738
72750
72752
72760
72799
72804
72810
72814
72821
72839
72852
72874
72876
72876
72904
72909
72914
72917
72918
72927
72928
72939
72945
72962
72974
72989
73003
73014
73039
73086
73106
73120
73132
73140
73150
73186
73189
73198
73232
73239
73266
73291
73301
73304
73323
73327
73331
73331
73333
73333
73346
73351
73352
73355
73358
73360
73380
73388
73401
73422
73450
73451
73461
73471
73476
73596
73599
73629
73664
73695
73697
73734
73760
73771
73776
73836
73843
73856
73876
73885
73906
73949
73983
74032
74051
74058
74080
74083
74093
74114
74146
74164
74207
74232
74267
74276
74285
74299
74338
74408
74416
74436
74458
74464
74529
74541
74547
74564
74594
74599
74603
74624
74644
74671
74677
74699
74720
74733
74744
74744
74770
74774
74814
74826
74835
74856
74869
74871
74952
74969
75000
75002
75014
75077
75102
75114
75162
75205
75242
75272
75274
75283
75296
75306
75311
75318
75335
75348
75350
75369
75384
75392
75417
75539
75540
75556
75558
75573
75583
75621
75631
75686
75718
75788
75801
75834
75875
75896
75925
76016
76036
76037
76060
76066
76088
76093
76132
76181
76202
76239
76255
76276
76294
76300
76312
76359
76365
76436
76460
76466
76488
76497
76503
76536
76542
76554
76570
76579
76599
76606
76651
76668
76701
76706
76707
76717
76722
76726
76738
76746
76748
76753
76773
76778
76787
76811
76857
76862
76869
76907
76912
76925
76961
76971
76977
76984
76988
77051
77054
77091
77098
77103
77113
77142
77184
77186
77205
77232
77252
77252
77256
77271
77276
77277
77295
77328
77348
77349
77353
77364
77366
77383
77393
77405
77426
77451
77462
77494
77509
77537
77543
77545
77548
77552
77555
77559
77602
77604
77622
77626
77634
77679
77694
77696
77698
77701
77701
77724
77736
77775
77800
77841
77852
77858
77872
77874
77881
77898
77901
77954
77988
77996
78003
78004
78015
78027
78030
78048
78053
78060
78065
78069
78086
78090
78125
78133
78155
78182
78192
78210
78211
78220
78233
78235
78240
78256
78279
78283
78318
78341
78472
78513
78538
78548
78591
78650
78659
78667
78711
78722
78723
78737
78751
78771
78785
78787
78806
78819
78859
78864
78865
78872
78930
78968
78991
78996
79004
79027
79058
79087
79116
79119
79180
79188
79198
79229
79237
79259
79261
79305
79307
79315
79358
79374
79431
79445
79469
79523
79533
79543
79587
79678
79689
79704
79722
79731
79743
79784
79788
79790
79835
79876
79880
79976
80017
80027
80069
80072
80082
80127
80165
80173
80176
80200
80220
80222
80244
80257
80266
80274
80287
80331
80368
80369
80395
80454
80470
80503
80524
80586
80598
80599
80653
80691
80696
80752
80773
80788
80798
80798
80825
80846
80917
80936
80940
80942
80968
81023
81029
81033
81070
81072
81105
81138
81154
81157
81162
81181
81186
81189
81228
81273
81307
81315
81337
81348
81356
81402
81416
81422
81440
81449
81452
81465
81469
81478
81493
81503
81566
81597
81615
81644
81676
81689
81691
81691
81725
81740
81752
81782
81786
81795
81804
81816
81850
81883
81888
81889
81890
81917
81935
81950
81992
81997
82026
82036
82067
82076
82088
82091
82093
82097
82107
82136
82149
82150
82162
82171
82188
82192
82257
82266
82278
82337
82338
82401
82409
82418
82455
82462
82462
82474
82589
82595
82633
82659
82660
82683
82704
82733
82744
82806
82824
82826
82835
82851
82865
82871
82902
82936
82978
83008
83008
83059
83067
83101
83149
83181
83203
83204
83249
83314
83319
83325
83401
83411
83411
83419
83428
83470
83486
83513
83518
83534
83543
83552
83568
83597
83600
83605
83618
83623
83673
83695
83703
83709
83759
83780
83786
83798
83815
83819
83847
83854
83890
83968
83980
83988
83996
84023
84026
84028
84034
84090
84096
84124
84128
84135
84140
84148
84148
84180
84190
84201
84225
84254
84265
84280
84300
84351
84412
84415
84423
84429
84432
84436
84469
84516
84529
84546
84562
84616
84616
84629
84648
84669
84671
84687
84700
84703
84714
84714
84755
84758
84781
84792
84793
84810
84824
84845
84922
84954
84959
84963
84970
84978
84992
85015
85022
85054
85079
85094
85110
85142
85151
85163
85179
85250
85254
85296
85310
85314
85332
85361
85389
85401
85411
85462
85478
85492
85547
85566
85588
85595
85616
85620
85621
85660
85711
85712
85734
85734
85736
85790
85811
85828
85834
85840
85842
85847
85913
85918
85940
85944
85963
85971
85992
86020
86039
86046
86058
86061
86085
86086
86127
86128
86133
86144
86158
86168
86178
86234
86263
86266
86291
86297
86315
86364
86446
86446
86448
86476
86486
86512
86514
86586
86596
86642
86705
86750
86789
86819
86842
86851
86884
86886
86892
86923
86951
86954
86994
87030
87034
87111
87120
87123
87145
87152
87159
87187
87194
87224
87230
87239
87239
87282
87298
87305
87327
87349
87351
87361
87376
87387
87408
87425
87436
87440
87448
87487
87502
87505
87510
87521
87547
87548
87551
87565
87602
87602
87620
87650
87672
87692
87750
87786
87796
87803
87813
87823
87857
87858
87905
87908
87990
87997
88018
88053
88095
88096
88097
88104
88123
88125
88126
88158
88160
88162
88170
88172
88181
88193
88203
88220
88229
88266
88269
88283
88301
88324
88339
88342
88362
88372
88377
88387
88393
88411
88451
88455
88461
88464
88480
88485
88491
88528
88534
88556
88560
88579
88583
88634
88647
88670
88676
88676
88680
88684
88686
88707
88719
88727
88732
88734
88742
88757
88763
88773
88773
88775
88798
88809
88819
88855
88893
88920
88930
89048
89056
89073
89094
89134
89161
89214
89236
89241
89261
89289
89294
89353
89371
89385
89392
89408
89431
89469
89490
89529
89540
89543
89554
89566
89620
89626
89679
89693
89709
89721
89753
89781
89827
89972
90001
90004
90008
90015
90043
90064
90070
90093
90104
90116
90120
90138
90139
90180
90180
90191
90198
90207
90221
90243
90243
90261
90268
90289
90300
90317
90337
90339
90364
90426
90455
90503
90504
90526
90535
90555
90572
90573
90574
90585
90591
90627
90629
90646
90648
90650
90680
90689
90761
90768
90778
90781
90792
90798
90825
90890
90913
90933
90940
90943
90969
91001
91004
91049
91064
91064
91066
91068
91113
91131
91156
91156
91165
91166
91203
91206
91233
91262
91264
91267
91288
91315
91335
91356
91358
91384
91403
91420
91434
91441
91449
91464
91488
91499
91512
91537
91547
91568
91578
91637
91740
91740
91750
91809
91832
91845
91853
91865
91871
91981
91995
91997
92111
92146
92181
92215
92239
92271
92289
92297
92298
92316
92331
92361
92368
92390
92410
92420
92455
92475
92476
92478
92483
92525
92573
92637
92638
92687
92703
92716
92786
92923
92940
92942
92957
92964
92984
93018
93080
93097
93104
93123
93195
93207
93230
93260
93395
93493
93509
93609
93695
93804
93833
93839
93853
93859
93875
93918
93929
93937
93963
93979
93996
94003
94074
94081
94083
94085
94099
94102
94107
94124
94126
94165
94189
94202
94207
94216
94217
94254
94274
94291
94292
94314
94315
94317
94408
94419
94429
94431
94433
94450
94459
94463
94555
94560
94560
94621
94641
94643
94646
94659
94666
94668
94681
94684
94692
94692
94703
94703
94707
94732
94737
94755
94759
94782
94810
94837
94842
94844
94846
94891
94915
94921
94930
94940
94962
94995
94997
94997
95074
95104
95118
95141
95147
95164
95181
95192
95218
95250
95291
95307
95321
95349
95351
95362
95363
95389
95395
95397
95426
95429
95448
95470
95497
95521
95563
95569
95634
95640
95640
95650
95654
95656
95674
95696
95701
95711
95724
95767
95777
95793
95824
95841
95870
95872
95954
96069
96094
96148
96151
96170
96210
96234
96271
96281
96285
96318
96380
96400
96401
96421
96433
96594
96629
96650
96703
96706
96722
96728
96748
96759
96781
96813
96818
96833
96856
96870
96944
96964
96982
96982
96983
96996
97104
97119
97167
97171
97186
97205
97248
97346
97349
97382
97410
97427
97465
97492
97494
97499
97510
97517
97525
97547
97565
97565
97571
97657
97668
97759
97768
97809
