51
63
74
109
127
146
162
174
177
189
244
262
296
299
302
306
354
360
372
382
383
387
407
417
422
423
442
453
471
474
478
481
483
525
534
551
555
564
591
600
636
656
666
685
685
692
705
725
731
734
738
759
775
782
801
820
825
827
827
837
842
848
849
868
876
883
906
909
910
914
937
942
945
948
958
958
973
979
984
990
994
1010
1027
1066
1077
1123
1125
1129
1138
1158
1161
1190
1195
1254
1259
1281
1287
1291
1303
1315
1322
1374
1383
1384
1391
1437
1470
1500
1514
1515
1515
1519
1522
1528
1541
1557
1571
1583
1607
1608
1626
1628
1635
1653
1674
1692
1703
1721
1767
1804
1810
1845
1854
1855
1874
1885
1887
1891
1915
1918
1945
1969
1969
1991
1998
2012
2015
2018
2046
2061
2073
2081
2081
2084
2091
2112
2119
2124
2161
2166
2210
2213
2228
2233
2240
2252
2255
2280
2286
2345
2367
2379
2404
2412
2424
2432
2444
2478
2481
2502
2534
2538
2540
2548
2551
2553
2560
2563
2571
2578
2579
2582
2617
2633
2635
2636
2648
2660
2661
2665
2673
2680
2686
2739
2770
2801
2837
2878
2900
2907
2910
2911
2921
2932
2937
2937
2947
2951
2957
2962
2970
2995
3006
3019
3045
3065
3099
3112
3130
3140
3154
3158
3159
3164
3202
3223
3232
3239
3252
3254
3265
3268
3319
3334
3347
3398
3417
3443
3477
3492
3509
3511
3533
3537
3538
3548
3584
3652
3682
3689
3693
3696
3701
3709
3724
3740
3746
3748
3758
3782
3799
3803
3822
3824
3829
3886
3901
3925
3951
3964
3967
3975
3977
3981
3994
4015
4019
4024
4070
4094
4111
4117
4119
4128
4203
4207
4215
4217
4247
4248
4277
4286
4300
4304
4312
4315
4337
4361
4364
4383
4419
4424
4435
4449
4457
4461
4481
4487
4564
4569
4577
4585
4590
4609
4610
4620
4634
4635
4640
4663
4674
4680
4695
4713
4728
4752
4783
4790
4812
4813
4814
4877
4877
4895
4943
4962
4977
4991
4991
4995
4997
5005
5043
5056
5074
5082
5089
5099
5111
5155
5172
5188
5191
5192
5202
5261
5273
5280
5293
5295
5306
5342
5371
5386
5393
5393
5426
5430
5453
5459
5480
5483
5485
5543
5559
5560
5570
5577
5578
5598
5601
5650
5664
5688
5702
5720
5724
5742
5745
5782
5786
5788
5804
5811
5830
5845
5848
5850
5850
5858
5868
5871
5881
5905
5905
5906
5917
5940
5946
5950
5958
5960
5991
5991
6000
6008
6022
6038
6040
6053
6076
6088
6088
6093
6104
6119
6122
6146
6167
6167
6231
6265
6318
6323
6353
6353
6402
6406
6407
6427
6431
6433
6433
6433
6459
6476
6488
6488
6489
6499
6512
6517
6536
6551
6551
6556
6556
6566
6569
6578
6594
6636
6647
6656
6686
6704
6712
6720
6741
6754
6754
6781
6788
6797
6799
6805
6812
6819
6826
6826
6874
6891
6907
6921
6931
6932
6933
6941
6946
6958
6990
7008
7008
7018
7046
7081
7107
7141
7152
7153
7162
7166
7170
7190
7205
7207
7231
7273
7273
7274
7297
7303
7315
7319
7322
7338
7339
7387
7421
7428
7429
7440
7473
7489
7492
7498
7537
7544
7547
7553
7574
7629
7661
7670
7679
7688
7720
7769
7796
7830
7845
7861
7902
7918
7922
7940
7954
7962
7976
8014
8022
8026
8035
8041
8064
8078
8090
8097
8108
8111
8114
8129
8129
8132
8166
8167
8175
8188
8198
8208
8233
8239
8245
8250
8263
8276
8291
8294
8312
8327
8328
8340
8344
8357
8364
8404
8406
8435
8440
8444
8448
8455
8455
8459
8459
8464
8475
8497
8497
8507
8561
8567
8574
8578
8593
8594
8615
8637
8638
8652
8687
8691
8708
8712
8714
8718
8735
8763
8765
8795
8804
8828
8844
8857
8860
8876
8878
8891
8920
8921
8923
8929
8932
8934
8937
8944
8951
8957
8961
8962
9000
9008
9013
9037
9039
9046
9053
9057
9067
9071
9082
9087
9141
9142
9149
9155
9159
9175
9179
9188
9190
9200
9201
9206
9225
9246
9252
9266
9280
9284
9292
9318
9342
9345
9374
9440
9445
9447
9453
9454
9461
9468
9470
9486
9490
9496
9499
9504
9510
9529
9546
9549
9550
9557
9560
9560
9561
9562
9585
9586
9588
9606
9606
9621
9626
9632
9636
9647
9658
9660
9661
9700
9712
9722
9723
9733
9734
9746
9779
9804
9805
9876
9903
9910
9916
9917
9933
9935
9959
9961
9966
9970
10024
10029
10046
10053
10085
10122
10126
10127
10145
10151
10176
10205
10221
10236
10239
10260
10263
10268
10289
10362
10367
10400
10407
10425
10426
10426
10457
10514
10516
10522
10523
10541
10550
10566
10571
10580
10581
10600
10617
10634
10637
10649
10688
10697
10712
10734
10742
10748
10759
10808
10815
10816
10848
10858
10868
10870
10878
10887
10905
10911
10915
10949
10949
10974
10976
10980
10997
11000
11020
11042
11044
11081
11084
11090
11091
11098
11101
11109
11114
11119
11131
11141
11143
11148
11149
11151
11155
11158
11168
11206
11206
11214
11244
11251
11275
11293
11328
11351
11372
11376
11391
11391
11400
11420
11427
11467
11491
11513
11517
11519
11524
11528
11541
11546
11564
11566
11607
11609
11614
11617
11678
11678
11682
11689
11691
11708
11719
11720
11721
11729
11746
11751
11779
11791
11795
11807
11813
11824
11826
11829
11858
11899
11904
11909
11909
11935
11961
11965
11968
11970
11986
11996
12000
12002
12013
12014
12020
12024
12057
12069
12071
12075
12075
12078
12088
12094
12110
12130
12140
12164
12168
12197
12200
12206
12216
12230
12252
12254
12260
12263
12278
12292
12313
12314
12330
12357
12390
12400
12426
12431
12434
12443
12451
12455
12462
12465
12493
12493
12497
12500
12501
12509
12520
12536
12542
12544
12548
12582
12607
12618
12625
12632
12650
12669
12680
12686
12748
12754
12761
12763
12765
12771
12775
12777
12778
12800
12804
12829
12831
12836
12841
12853
12855
12872
12890
12895
12903
12914
12917
12920
12928
12931
12937
12948
12952
12958
12964
12966
12972
12994
13020
13049
13054
13057
13057
13063
13074
13086
13098
13103
13107
13108
13115
13135
13140
13141
13173
13174
13174
13189
13204
13207
13218
13240
13245
13262
13272
13274
13285
13301
13307
13332
13337
13374
13379
13415
13422
13431
13446
13456
13457
13461
13472
13487
13490
13495
13518
13519
13527
13534
13535
13535
13538
13544
13548
13553
13560
13566
13585
13607
13626
13653
13657
13667
13671
13672
13672
13674
13680
13683
13689
13695
13703
13716
13721
13725
13729
13736
13769
13816
13847
13852
13852
13859
13862
13873
13878
13882
13882
13887
13894
13930
14004
14007
14019
14031
14047
14073
14105
14146
14148
14160
14169
14194
14198
14209
14236
14238
14247
14264
14271
14292
14295
14296
14306
14326
14328
14332
14346
14352
14366
14367
14377
14383
14403
14417
14423
14425
14472
14477
14520
14521
14538
14539
14539
14542
14545
14546
14559
14589
14593
14597
14602
14607
14612
14612
14657
14663
14678
14679
14682
14723
14742
14743
14744
14764
14778
14795
14796
14824
14831
14862
14865
14865
14868
14875
14877
14887
14930
14935
14944
14971
14972
14976
14984
15016
15019
15048
15077
15103
15128
15197
15210
15219
15230
15256
15257
15258
15289
15303
15314
15344
15359
15385
15394
15396
15431
15433
15456
15464
15473
15476
15477
15487
15501
15505
15506
15508
15517
15542
15546
15573
15579
15613
15634
15657
15670
15680
15694
15701
15738
15741
15747
15747
15770
15784
15791
15791
15816
15818
15833
15836
15865
15869
15881
15886
15910
15914
15915
15919
15920
15927
15928
15951
15955
15956
15960
15970
15977
15991
15999
16001
16005
16036
16052
16058
16064
16066
16074
16088
16100
16101
16107
16112
16156
16157
16157
16157
16165
16166
16181
16198
16204
16209
16219
16253
16267
16286
16293
16304
16312
16340
16357
16361
16371
16381
16395
16402
16426
16436
16436
16438
16444
16446
16456
16459
16478
16488
16497
16510
16512
16538
16551
16574
16581
16583
16615
16628
16648
16653
16661
16668
16669
16673
16675
16679
16692
16694
16699
16700
16712
16719
16726
16727
16727
16736
16760
16771
16773
16784
16796
16812
16817
16855
16857
16868
16884
16895
16897
16900
16908
16925
16928
16983
16985
17018
17020
17053
17064
17069
17077
17084
17110
17111
17119
17128
17139
17142
17149
17156
17156
17157
17179
17194
17199
17210
17255
17300
17315
17321
17322
17327
17338
17348
17367
17383
17394
17398
17411
17437
17456
17460
17464
17488
17488
17497
17503
17527
17564
17583
17591
17598
17600
17610
17611
17615
17629
17634
17646
17649
17663
17686
17691
17704
17736
17736
17754
17756
17770
17772
17773
17776
17791
17793
17795
17809
17817
17857
17865
17867
17878
17882
17888
17894
17896
17896
17912
17916
17929
17940
17947
17961
17981
17986
17992
17998
18021
18051
18057
18069
18094
18114
18122
18126
18136
18146
18176
18177
18189
18206
18219
18242
18245
18256
18275
18286
18287
18295
18298
18309
18350
18359
18384
18391
18402
18411
18448
18455
18477
18493
18497
18499
18509
18523
18528
18549
18562
18583
18594
18599
18600
18609
18625
18632
18639
18647
18669
18689
18692
18693
18705
18708
18709
18713
18717
18721
18729
18759
18765
18774
18781
18787
18787
18792
18807
18817
18817
18823
18828
18836
18837
18840
18851
18863
18871
18876
18899
18901
18902
18902
18912
18916
18920
18922
18924
18954
18966
18969
18971
18972
18975
18976
18983
19007
19015
19050
19060
19061
19079
19081
19086
19093
19117
19119
19143
19167
19178
19187
19188
19205
19211
19242
19246
19247
19252
19262
19272
19279
19280
19290
19310
19336
19337
19389
19407
19409
19412
19415
19425
19437
19465
19497
19507
19513
19513
19534
19544
19566
19593
19604
19607
19622
19622
19627
19636
19636
19643
19722
19740
19756
19760
19789
19789
19790
19823
19828
19838
19843
19849
19861
19879
19880
19883
19897
19901
19914
19931
19979
19982
19990
19996
20007
20028
20045
20046
20054
20063
20109
20120
20157
20157
20188
20191
20193
20216
20220
20243
20243
20255
20296
20302
20317
20334
20341
20350
20361
20366
20378
20381
20398
20401
20415
20422
20437
20440
20442
20443
20450
20454
20463
20465
20466
20488
20500
20512
20521
20524
20535
20536
20555
20587
20597
20599
20599
20607
20611
20620
20628
20637
20639
20640
20646
20679
20682
20689
20695
20695
20708
20715
20716
20748
20784
20791
20791
20799
20814
20820
20831
20832
20835
20851
20864
20871
20880
20890
20906
20908
20914
20914
20925
20927
20932
20950
20952
20959
20968
20975
21021
21022
21026
21035
21085
21092
21100
21100
21107
21123
21137
21150
21166
21172
21178
21182
21191
21200
21229
21229
21240
21241
21268
21280
21306
21307
21320
21339
21355
21372
21377
21386
21407
21417
21417
21419
21421
21426
21428
21455
21458
21462
21502
21511
21516
21540
21562
21571
21590
21595
21605
21631
21644
21648
21688
21693
21713
21715
21726
21731
21744
21746
21757
21766
21769
21769
21793
21813
21815
21823
21848
21857
21861
21865
21867
21872
21876
21914
21923
21930
21944
21960
21965
21970
21974
21976
21980
21983
21996
21998
22027
22031
22040
22046
22051
22058
22060
22060
22063
22085
22091
22092
22105
22124
22141
22142
22146
22157
22178
22186
22187
22225
22236
22252
22252
22270
22270
22277
22301
22316
22323
22333
22342
22359
22363
22373
22384
22397
22414
22416
22419
22454
22462
22487
22499
22508
22517
22524
22535
22555
22561
22565
22599
22614
22618
22626
22643
22654
22662
22679
22695
22699
22700
22707
22712
22713
22742
22750
22761
22771
22805
22817
22832
22832
22833
22839
22843
22846
22851
22855
22880
22889
22906
22921
22926
22930
22938
22947
22951
22970
22972
23006
23008
23027
23029
23049
23057
23072
23102
23104
23122
23138
23140
23154
23155
23156
23158
23175
23184
23195
23205
23209
23214
23215
23226
23236
23245
23255
23260
23279
23286
23288
23294
23306
23327
23327
23342
23349
23365
23369
23379
23418
23430
23436
23438
23449
23465
23487
23489
23496
23509
23520
23522
23525
23530
23533
23535
23537
23547
23552
23566
23591
23596
23608
23645
23649
23657
23670
23679
23702
23717
23718
23721
23723
23726
23728
23732
23756
23766
23768
23771
23775
23779
23801
23807
23839
23851
23874
23883
23895
23910
23914
23915
23936
23938
23944
23947
23954
23962
23965
23970
23970
23975
24020
24036
24041
24060
24080
24085
24092
24103
24112
24138
24139
24148
24165
24173
24182
24183
24194
24198
24209
24254
24260
24263
24265
24266
24278
24300
24301
24322
24324
24326
24339
24342
24344
24346
24349
24358
24362
24376
24379
24383
24387
24392
24398
24423
24425
24435
24443
24443
24450
24453
24454
24474
24478
24481
24482
24484
24512
24514
24514
24516
24520
24526
24536
24544
24568
24576
24594
24598
24600
24623
24628
24641
24647
24665
24668
24669
24672
24722
24732
24774
24777
24779
24787
24801
24817
24818
24830
24834
24841
24846
24848
24862
24868
24870
24872
24876
24880
24885
24893
24894
24895
24900
24904
24908
24911
24911
24920
24944
24947
24968
24973
25005
25019
25034
25050
25062
25074
25095
25098
25099
25101
25109
25137
25154
25159
25170
25198
25226
25237
25238
25240
25251
25263
25267
25267
25275
25278
25280
25284
25305
25317
25337
25338
25342
25367
25380
25405
25423
25430
25434
25435
25447
25450
25472
25481
25483
25495
25499
25510
25513
25525
25536
25536
25549
25549
25553
25584
25588
25590
25595
25596
25613
25616
25619
25636
25648
25648
25662
25686
25707
25711
25737
25758
25759
25763
25776
25787
25796
25809
25810
25818
25829
25837
25841
25849
25859
25860
25875
25878
25891
25894
25896
25916
25924
25927
25929
25937
25954
25981
25983
25987
25990
25995
26005
26023
26027
26028
26030
26034
26037
26038
26061
26066
26084
26088
26099
26110
26153
26167
26169
26179
26189
26199
26215
26224
26225
26231
26234
26240
26244
26251
26267
26274
26300
26309
26326
26330
26343
26351
26353
26353
26367
26375
26381
26383
26385
26385
26393
26396
26401
26409
26412
26412
26441
26451
26471
26471
26484
26486
26502
26520
26537
26551
26559
26591
26607
26617
26618
26629
26633
26635
26637
26641
26644
26648
26658
26670
26685
26694
26711
26734
26734
26746
26747
26751
26764
26766
26779
26785
26788
26789
26790
26792
26804
26821
26823
26827
26828
26868
26880
26882
26891
26893
26897
26898
26916
26929
26930
26935
26960
26990
26991
27023
27026
27043
27050
27050
27054
27058
27058
27066
27067
27089
27103
27106
27108
27117
27124
27129
27130
27140
27146
27151
27157
27161
27170
27170
27173
27183
27198
27202
27222
27243
27244
27245
27245
27246
27247
27248
27255
27271
27285
27297
27301
27306
27307
27308
27317
27322
27324
27328
27347
27348
27350
27372
27381
27383
27385
27408
27415
27418
27420
27439
27446
27447
27448
27448
27452
27456
27467
27484
27488
27503
27505
27505
27506
27538
27544
27562
27592
27599
27599
27616
27636
27639
27640
27650
27666
27691
27697
27697
27698
27704
27708
27717
27718
27719
27729
27739
27741
27744
27747
27747
27750
27753
27754
27760
27787
27788
27795
27811
27813
27822
27832
27842
27851
27856
27860
27864
27866
27867
27867
27870
27895
27898
27899
27905
27906
27910
27934
27953
27957
27957
27958
27967
27968
27971
27980
27983
27990
27999
28003
28006
28013
28013
28022
28024
28024
28026
28030
28030
28032
28043
28045
28048
28051
28060
28067
28067
28081
28082
28097
28100
28101
28105
28108
28119
28139
28156
28174
28190
28190
28191
28196
28199
28209
28212
28212
28223
28231
28239
28239
28243
28257
28258
28261
28274
28279
28289
28290
28292
28296
28299
28310
28314
28318
28330
28331
28337
28356
28378
28385
28385
28391
28403
28410
28413
28414
28426
28435
28441
28456
28463
28473
28484
28487
28493
28500
28528
28531
28539
28543
28548
28554
28573
28582
28585
28593
28609
28619
28635
28636
28636
28639
28643
28659
28663
28664
28689
28695
28700
28710
28716
28716
28718
28721
28725
28727
28732
28736
28750
28758
28762
28763
28765
28769
28779
28784
28808
28828
28836
28843
28883
28883
28887
28887
28891
28905
28918
28922
28931
28947
28951
28955
28956
28972
28975
28986
29000
29010
29019
29025
29035
29042
29052
29053
29055
29085
29086
29100
29120
29122
29141
29143
29146
29159
29165
29170
29172
29174
29221
29230
29230
29243
29254
29265
29268
29283
29284
29301
29318
29321
29327
29334
29334
29344
29345
29356
29360
29368
29374
29374
29381
29390
29396
29418
29420
29421
29445
29465
29471
29478
29503
29506
29523
29525
29527
29528
29528
29534
29536
29546
29557
29560
29569
29577
29581
29583
29585
29600
29603
29612
29620
29621
29635
29635
29640
29640
29648
29651
29658
29682
29688
29689
29700
29743
29749
29750
29759
29761
29767
29770
29770
29788
29791
29792
29794
29822
29822
29833
29845
29854
29863
29866
29867
29883
29896
29915
29916
29922
29923
29924
29937
29939
29949
29987
30000
30023
30049
30056
30060
30063
30077
30093
30095
30138
30141
30147
30171
30173
30175
30178
30197
30212
30246
30260
30265
30266
30280
30284
30286
30287
30304
30308
30308
30309
30311
30320
30320
30339
30347
30352
30354
30355
30371
30377
30386
30387
30397
30401
30409
30428
30446
30463
30466
30484
30485
30491
30511
30530
30532
30535
30546
30547
30552
30558
30562
30565
30578
30583
30583
30589
30592
30596
30603
30616
30622
30622
30623
30636
30637
30644
30676
30703
30711
30715
30751
30752
30760
30768
30784
30803
30830
30847
30850
30850
30853
30853
30870
30884
30903
30904
30920
30934
30937
30938
30963
30964
30967
30971
30985
30986
30986
30996
31011
31019
31031
31047
31049
31051
31053
31054
31054
31055
31058
31066
31069
31082
31093
31097
31115
31116
31119
31126
31127
31138
31149
31156
31156
31163
31186
31192
31213
31225
31236
31238
31244
31249
31251
31265
31272
31306
31333
31350
31375
31383
31385
31388
31389
31402
31403
31411
31414
31416
31418
31423
31425
31432
31439
31449
31466
31483
31501
31520
31521
31530
31531
31531
31580
31583
31588
31589
31601
31616
31631
31633
31642
31652
31664
31675
31678
31691
31693
31695
31703
31703
31704
31710
31718
31723
31737
31744
31766
31776
31782
31791
31791
31821
31835
31838
31838
31851
31862
31869
31871
31877
31883
31894
31895
31902
31903
31915
31922
31923
31929
31941
31971
31971
31975
31976
31998
32027
32039
32043
32046
32055
32055
32056
32061
32067
32086
32089
32096
32098
32115
32128
32147
32161
32169
32176
32182
32186
32188
32192
32198
32199
32207
32217
32224
32229
32245
32251
32251
32263
32279
32281
32281
32285
32287
32291
32301
32304
32317
32323
32324
32333
32343
32343
32345
32345
32349
32364
32364
32366
32390
32390
32419
32423
32429
32430
32435
32441
32480
32480
32484
32519
32525
32539
32571
32579
32585
32592
32616
32629
32630
32630
32638
32639
32643
32656
32660
32667
32676
32680
32686
32693
32718
32722
32723
32733
32738
32740
32745
32756
32759
32763
32763
32770
32804
32821
32830
32848
32851
32853
32859
32862
32866
32874
32892
32894
32907
32922
32953
32956
32958
32978
32997
33008
33010
33011
33027
33027
33030
33035
33039
33041
33042
33045
33048
33049
33054
33056
33058
33060
33070
33071
33079
33081
33086
33087
33098
33100
33100
33101
33108
33128
33139
33141
33173
33177
33191
33199
33200
33209
33230
33238
33247
33251
33255
33257
33262
33273
33273
33278
33294
33308
33313
33315
33317
33319
33327
33328
33328
33329
33335
33344
33363
33365
33370
33376
33400
33409
33416
33417
33419
33428
33436
33437
33439
33444
33451
33453
33458
33459
33461
33471
33479
33479
33481
33483
33483
33488
33492
33493
33493
33493
33515
33517
33524
33541
33548
33552
33558
33582
33585
33611
33611
33640
33640
33658
33659
33677
33684
33684
33689
33695
33710
33714
33715
33722
33725
33731
33733
33735
33739
33747
33763
33765
33773
33778
33780
33785
33788
33796
33800
33808
33808
33809
33819
33819
33822
33825
33832
33847
33850
33858
33865
33879
33893
33918
33928
33944
33951
33973
33974
33980
33982
33996
34005
34033
34054
34063
34067
34071
34080
34085
34088
34120
34132
34151
34161
34183
34188
34192
34209
34212
34224
34242
34263
34264
34280
34297
34318
34323
34336
34343
34347
34348
34349
34353
34361
34366
34368
34379
34379
34384
34385
34394
34395
34399
34404
34406
34409
34410
34412
34421
34429
34436
34450
34453
34454
34463
34469
34481
34484
34495
34497
34500
34500
34516
34535
34566
34567
34569
34572
34575
34580
34584
34598
34603
34621
34621
34631
34646
34649
34653
34661
34669
34681
34699
34708
34711
34719
34724
34724
34725
34728
34732
34740
34753
34758
34759
34764
34765
34770
34773
34773
34776
34787
34820
34825
34847
34849
34852
34853
34877
34892
34892
34893
34903
34904
34910
34919
34925
34927
34927
34949
34956
34959
34961
34964
34973
34976
34978
34980
34981
34983
34986
34989
34992
35001
35007
35011
35017
35019
35023
35026
35035
35039
35048
35055
35056
35063
35076
35094
35106
35117
35118
35119
35123
35161
35164
35164
35166
35167
35177
35179
35180
35210
35226
35231
35252
35256
35259
35261
35274
35284
35287
35288
35291
35295
35301
35336
35340
35371
35378
35379
35390
35391
35395
35412
35423
35424
35424
35435
35439
35444
35455
35462
35465
35469
35469
35476
35476
35483
35494
35510
35512
35518
35520
35535
35542
35553
35569
35581
35590
35596
35603
35609
35610
35613
35623
35624
35632
35634
35638
35639
35658
35659
35663
35665
35670
35672
35681
35691
35692
35693
35696
35697
35701
35703
35707
35719
35722
35727
35743
35759
35768
35769
35780
35788
35806
35808
35812
35813
35822
35824
35836
35839
35842
35847
35852
35891
35901
35903
35907
35914
35924
35925
35936
35942
35947
35972
35972
35982
35993
35996
35998
36004
36005
36010
36014
36023
36028
36057
36069
36071
36073
36098
36126
36129
36139
36153
36164
36165
36169
36179
36199
36203
36211
36214
36226
36226
36229
36239
36242
36244
36256
36265
36269
36271
36288
36294
36295
36299
36313
36316
36317
36323
36328
36332
36339
36342
36343
36344
36356
36376
36376
36384
36397
36398
36407
36422
36423
36437
36449
36454
36456
36459
36509
36513
36514
36518
36525
36532
36552
36559
36577
36595
36604
36611
36624
36624
36628
36629
36643
36655
36657
36665
36677
36680
36684
36685
36695
36705
36705
36706
36707
36715
36717
36717
36723
36725
36738
36747
36750
36752
36756
36759
36782
36783
36785
36806
36808
36808
36808
36810
36811
36813
36818
36821
36835
36841
36850
36851
36861
36864
36865
36877
36890
36897
36908
36909
36912
36921
36930
36931
36946
36948
36951
36955
36957
36963
36965
36971
36988
36992
37006
37016
37017
37044
37045
37057
37078
37081
37087
37089
37091
37104
37119
37130
37134
37134
37156
37159
37165
37168
37184
37189
37213
37225
37235
37263
37268
37273
37287
37288
37290
37292
37307
37312
37315
37324
37329
37334
37347
37348
37352
37353
37358
37365
37378
37383
37414
37428
37441
37460
37462
37468
37470
37472
37498
37505
37508
37511
37514
37514
37522
37526
37529
37543
37552
37570
37573
37576
37582
37585
37586
37592
37594
37595
37599
37636
37643
37648
37657
37663
37664
37692
37698
37703
37711
37724
37727
37730
37737
37757
37771
37778
37783
37789
37804
37807
37808
37813
37815
37817
37817
37826
37831
37840
37842
37866
37883
37897
37902
37919
37941
37949
37961
37967
37978
37983
37986
38009
38015
38017
38026
38033
38042
38059
38062
38076
38096
38096
38101
38102
38104
38112
38122
38129
38133
38134
38136
38138
38143
38158
38166
38185
38191
38192
38193
38209
38210
38212
38223
38229
38237
38262
38265
38273
38283
38285
38292
38324
38325
38325
38346
38347
38349
38353
38364
38364
38385
38389
38399
38406
38415
38416
38416
38418
38421
38422
38436
38441
38442
38448
38449
38450
38453
38457
38472
38478
38490
38495
38500
38501
38502
38513
38523
38554
38558
38562
38567
38570
38578
38596
38598
38608
38618
38629
38631
38647
38652
38663
38667
38670
38675
38689
38690
38693
38695
38710
38712
38712
38712
38714
38718
38723
38739
38742
38775
38778
38780
38786
38802
38804
38807
38809
38821
38824
38831
38846
38862
38876
38898
38902
38930
38934
38958
38973
38984
38984
38994
39001
39004
39013
39019
39025
39027
39032
39033
39040
39054
39055
39059
39061
39061
39061
39066
39067
39072
39074
39076
39103
39104
39106
39112
39112
39121
39122
39140
39144
39151
39156
39160
39166
39171
39181
39185
39218
39218
39232
39251
39252
39253
39253
39257
39263
39264
39273
39286
39307
39325
39329
39354
39355
39362
39364
39370
39373
39376
39381
39410
39418
39419
39420
39424
39440
39440
39442
39445
39449
39451
39457
39460
39461
39467
39485
39491
39492
39496
39500
39517
39531
39534
39535
39540
39550
39552
39565
39567
39569
39570
39579
39580
39582
39590
39593
39601
39610
39610
39613
39624
39645
39680
39685
39686
39687
39700
39705
39709
39724
39732
39733
39745
39759
39772
39774
39796
39796
39804
39817
39822
39823
39824
39825
39827
39828
39836
39836
39840
39846
39847
39869
39875
39879
39888
39889
39891
39894
39898
39919
39924
39925
39927
39928
39945
39963
39963
39966
39967
39972
39973
39988
40004
40020
40020
40021
40023
40025
40035
40044
40048
40061
40065
40075
40083
40084
40085
40091
40093
40096
40099
40106
40131
40159
40164
40175
40177
40185
40186
40189
40191
40195
40197
40206
40216
40225
40229
40233
40241
40242
40257
40257
40278
40279
40290
40307
40314
40321
40326
40342
40352
40356
40358
40358
40359
40363
40379
40390
40398
40399
40399
40401
40405
40408
40435
40437
40438
40444
40457
40465
40476
40483
40488
40498
40499
40505
40545
40545
40573
40585
40585
40585
40587
40596
40600
40606
40615
40616
40619
40625
40626
40633
40649
40671
40674
40681
40704
40712
40715
40724
40726
40747
40759
40767
40779
40779
40780
40786
40794
40799
40801
40802
40804
40808
40812
40814
40817
40821
40832
40839
40860
40872
40874
40874
40878
40879
40883
40888
40888
40895
40898
40903
40932
40933
40941
40941
40947
40957
40959
40966
40969
40979
40985
40995
41003
41005
41008
41031
41044
41056
41065
41065
41067
41070
41071
41071
41078
41081
41081
41092
41096
41102
41111
41119
41124
41127
41141
41145
41146
41151
41153
41161
41162
41162
41164
41173
41173
41173
41179
41187
41192
41192
41213
41215
41219
41220
41221
41238
41242
41252
41253
41254
41255
41258
41267
41269
41270
41282
41284
41288
41292
41298
41300
41302
41308
41308
41321
41327
41340
41343
41345
41347
41363
41381
41387
41389
41398
41405
41422
41434
41448
41459
41462
41463
41469
41473
41474
41484
41492
41492
41508
41512
41519
41527
41530
41539
41555
41559
41559
41571
41576
41608
41609
41611
41621
41625
41625
41649
41650
41650
41665
41667
41669
41677
41685
41686
41692
41697
41698
41709
41717
41720
41726
41733
41735
41752
41756
41759
41768
41771
41777
41778
41785
41785
41801
41808
41811
41829
41836
41840
41848
41852
41853
41856
41857
41869
41869
41874
41881
41884
41888
41893
41895
41906
41907
41948
41956
41965
41972
41972
41974
41983
41984
41985
41993
42009
42024
42025
42032
42034
42039
42039
42048
42064
42067
42079
42082
42084
42095
42099
42103
42109
42123
42124
42142
42160
42162
42165
42187
42198
42202
42211
42214
42218
42223
42225
42235
42239
42252
42263
42268
42268
42268
42291
42300
42301
42306
42309
42315
42324
42328
42343
42351
42354
42355
42356
42370
42371
42376
42379
42384
42404
42419
42420
42422
42425
42443
42450
42460
42464
42496
42496
42502
42514
42527
42538
42540
42541
42547
42580
42584
42586
42586
42599
42601
42618
42621
42625
42639
42646
42648
42663
42663
42685
42686
42701
42706
42708
42711
42718
42722
42732
42737
42752
42757
42758
42762
42764
42765
42772
42777
42783
42791
42811
42833
42838
42847
42853
42854
42854
42855
42859
42881
42884
42891
42892
42902
42904
42904
42908
42917
42920
42932
42945
42946
42951
42959
42974
42994
42996
42997
42998
43000
43008
43019
43026
43039
43042
43052
43058
43059
43061
43071
43083
43083
43085
43086
43093
43094
43109
43113
43114
43131
43144
43146
43156
43178
43185
43191
43191
43200
43205
43206
43220
43221
43222
43224
43249
43252
43259
43260
43264
43265
43275
43278
43285
43302
43306
43307
43318
43324
43331
43336
43337
43363
43368
43369
43375
43378
43383
43401
43407
43410
43416
43433
43436
43443
43444
43450
43455
43455
43460
43462
43471
43472
43474
43474
43474
43476
43483
43487
43487
43493
43500
43511
43520
43523
43525
43538
43552
43558
43564
43566
43572
43577
43581
43585
43591
43594
43598
43615
43625
43627
43635
43641
43646
43651
43651
43661
43663
43663
43683
43700
43704
43708
43711
43714
43720
43732
43732
43740
43746
43749
43753
43759
43770
43778
43782
43790
43795
43805
43807
43812
43814
43816
43830
43843
43845
43847
43851
43861
43863
43878
43882
43883
43883
43884
43890
43894
43895
43901
43903
43908
43916
43922
43944
43951
43961
43966
43970
43988
43995
44031
44039
44044
44055
44055
44056
44061
44068
44073
44081
44086
44144
44150
44205
44229
44234
44260
44303
44303
44309
44310
44312
44319
44322
44328
44330
44344
44353
44364
44378
44393
44398
44432
44443
44447
44455
44460
44471
44480
44483
44496
44498
44518
44523
44526
44528
44535
44536
44539
44543
44547
44569
44585
44589
44601
44632
44633
44643
44646
44647
44648
44674
44692
44692
44694
44695
44695
44698
44704
44706
44706
44707
44714
44722
44734
44738
44741
44748
44766
44766
44770
44782
44783
44786
44795
44798
44812
44816
44823
44828
44835
44838
44878
44879
44881
44883
44885
44901
44911
44920
44923
44931
44934
44938
44938
44947
44952
44953
44959
44963
44970
44971
44971
44978
44979
44981
44982
44983
45006
45012
45024
45035
45041
45044
45050
45054
45055
45063
45074
45085
45086
45087
45089
45096
45097
45101
45115
45119
45119
45120
45122
45144
45160
45165
45173
45174
45178
45180
45181
45187
45192
45193
45194
45213
45216
45246
45264
45283
45292
45334
45335
45370
45376
45410
45421
45427
45455
45455
45458
45470
45473
45478
45490
45491
45495
45497
45504
45514
45526
45526
45535
45539
45549
45550
45569
45575
45578
45579
45583
45586
45594
45596
45602
45607
45611
45622
45628
45631
45636
45641
45656
45672
45678
45694
45700
45702
45709
45720
45725
45732
45732
45743
45745
45748
45749
45751
45757
45768
45770
45778
45798
45800
45804
45812
45823
45830
45845
45845
45848
45851
45855
45862
45865
45866
45869
45872
45876
45891
45892
45894
45894
45897
45902
45907
45921
45928
45936
45938
45944
45950
45957
45977
45992
45994
45999
46007
46009
46013
46021
46022
46031
46035
46038
46044
46073
46074
46076
46095
46102
46120
46131
46141
46141
46148
46160
46166
46175
46184
46188
46204
46244
46244
46253
46254
46259
46264
46277
46279
46281
46283
46285
46291
46303
46309
46315
46321
46326
46329
46329
46349
46349
46359
46372
46383
46388
46435
46436
46448
46460
46463
46479
46480
46480
46488
46490
46494
46502
46503
46503
46504
46532
46539
46547
46551
46581
46587
46589
46607
46624
46626
46628
46630
46630
46631
46631
46635
46635
46642
46644
46647
46654
46654
46661
46664
46695
46700
46705
46709
46712
46715
46732
46750
46750
46750
46752
46770
46782
46785
46793
46794
46798
46806
46807
46807
46814
46815
46816
46822
46828
46835
46844
46853
46857
46861
46879
46887
46889
46890
46892
46896
46897
46904
46906
46910
46910
46913
46916
46920
46935
46938
46943
46946
46946
46959
46976
46982
47016
47019
47026
47031
47034
47035
47047
47053
47054
47078
47083
47086
47106
47107
47109
47109
47114
47120
47142
47172
47183
47192
47210
47234
47236
47245
47248
47277
47278
47283
47298
47312
47314
47323
47329
47332
47346
47348
47362
47372
47381
47382
47390
47404
47414
47418
47437
47453
47460
47461
47462
47462
47468
47504
47505
47509
47509
47514
47542
47561
47571
47581
47581
47582
47583
47587
47596
47609
47613
47618
47621
47622
47624
47635
47640
47640
47643
47657
47658
47669
47675
47679
47689
47706
47711
47714
47722
47728
47729
47733
47735
47738
47749
47769
47772
47781
47782
47794
47803
47810
47832
47888
47892
47894
47909
47911
47912
47919
47947
47953
47956
47971
47977
47979
48001
48016
48028
48034
48044
48047
48066
48104
48114
48125
48132
48132
48133
48143
48149
48153
48184
48186
48187
48195
48200
48218
48223
48228
48244
48248
48249
48250
48251
48257
48259
48268
48273
48275
48278
48290
48293
48310
48320
48325
48334
48360
48371
48373
48375
48385
48392
48405
48411
48411
48414
48429
48435
48459
48484
48488
48488
48503
48504
48510
48511
48513
48520
48521
48532
48537
48540
48543
48554
48568
48577
48591
48593
48595
48596
48596
48602
48602
48616
48624
48632
48634
48640
48646
48648
48652
48661
48672
48683
48690
48690
48691
48706
48713
48731
48738
48739
48739
48770
48770
48772
48777
48791
48810
48834
48834
48844
48851
48900
48900
48903
48905
48909
48914
48922
48938
48950
48951
48955
48958
48965
48967
48970
48972
48980
48983
49001
49020
49023
49034
49038
49050
49054
49056
49060
49066
49080
49082
49086
49087
49090
49107
49109
49114
49119
49124
49136
49162
49168
49176
49179
49188
49189
49199
49214
49215
49219
49222
49224
49240
49240
49265
49266
49275
49275
49277
49288
49291
49297
49320
49324
49325
49328
49333
49334
49340
49341
49349
49351
49352
49359
49359
49369
49390
49394
49395
49396
49398
49404
49407
49409
49417
49424
49428
49429
49437
49440
49442
49447
49454
49456
49459
49461
49462
49472
49476
49508
49515
49524
49526
49528
49532
49541
49553
49560
49561
49565
49567
49575
49586
49592
49593
49611
49624
49627
49639
49658
49660
49662
49674
49686
49690
49692
49722
49723
49723
49726
49727
49743
49749
49755
49772
49809
49814
49816
49818
49819
49820
49827
49853
49866
49870
49877
49877
49878
49883
49885
49888
49889
49894
49908
49910
49924
49925
49943
49951
49955
49960
49960
49963
49989
49993
50000
50004
50010
50011
50020
50026
50042
50100
50103
50104
50107
50111
50115
50121
50122
50132
50145
50150
50150
50158
50163
50170
50172
50183
50184
50185
50191
50193
50200
50201
50205
50205
50217
50219
50220
50231
50231
50232
50255
50258
50259
50261
50283
50284
50295
50300
50320
50345
50346
50347
50347
50352
50380
50383
50385
50394
50401
50401
50402
50402
50406
50407
50408
50413
50414
50417
50427
50432
50436
50467
50467
50477
50490
50501
50501
50504
50507
50508
50513
50514
50515
50530
50534
50545
50564
50571
50584
50584
50588
50593
50604
50613
50623
50639
50644
50661
50662
50667
50678
50680
50686
50702
50703
50705
50708
50710
50713
50715
50724
50728
50728
50739
50740
50749
50753
50758
50760
50762
50762
50763
50766
50769
50770
50798
50798
50806
50815
50824
50833
50852
50857
50861
50862
50862
50862
50865
50871
50872
50873
50874
50888
50893
50896
50910
50918
50925
50929
50951
50954
50958
50961
50966
50970
50987
50992
50993
51010
51035
51037
51040
51042
51046
51056
51078
51087
51087
51094
51098
51103
51106
51109
51119
51134
51136
51142
51145
51145
51153
51156
51157
51158
51164
51168
51169
51174
51175
51185
51196
51207
51209
51213
51217
51222
51224
51231
51233
51233
51239
51247
51256
51264
51268
51279
51281
51292
51298
51304
51307
51310
51314
51315
51315
51320
51335
51345
51346
51347
51352
51352
51370
51371
51372
51373
51376
51385
51402
51404
51412
51412
51413
51416
51426
51434
51434
51440
51452
51482
51498
51499
51516
51538
51541
51553
51557
51563
51568
51585
51588
51609
51636
51646
51650
51663
51666
51669
51670
51677
51684
51720
51730
51742
51746
51782
51785
51786
51788
51803
51817
51821
51823
51836
51838
51844
51858
51863
51864
51864
51869
51875
51879
51881
51903
51906
51909
51910
51935
51944
51945
51947
51971
51986
51987
51988
52003
52011
52018
52018
52022
52036
52040
52040
52041
52051
52053
52055
52058
52058
52074
52075
52080
52091
52105
52105
52118
52119
52120
52121
52124
52131
52133
52140
52142
52153
52153
52160
52164
52188
52188
52194
52202
52211
52220
52226
52228
52233
52237
52238
52239
52250
52279
52285
52287
52295
52297
52301
52303
52304
52315
52320
52323
52331
52343
52351
52352
52353
52365
52378
52390
52414
52421
52430
52431
52462
52463
52474
52494
52496
52505
52532
52570
52572
52580
52581
52583
52585
52596
52596
52598
52607
52618
52633
52662
52664
52670
52674
52677
52679
52684
52688
52688
52690
52708
52709
52710
52716
52720
52734
52747
52750
52764
52765
52771
52786
52789
52794
52798
52800
52808
52835
52837
52845
52846
52849
52854
52868
52879
52880
52889
52901
52910
52913
52916
52916
52922
52971
52978
52995
53009
53010
53010
53027
53029
53031
53033
53036
53043
53045
53060
53065
53068
53078
53085
53101
53101
53104
53113
53114
53115
53123
53127
53161
53162
53162
53169
53172
53191
53199
53200
53220
53221
53230
53233
53241
53252
53265
53276
53276
53279
53280
53288
53310
53311
53322
53332
53336
53338
53360
53386
53394
53400
53403
53419
53432
53438
53450
53462
53475
53478
53488
53489
53493
53494
53495
53495
53501
53503
53504
53517
53518
53519
53527
53536
53537
53540
53541
53543
53544
53549
53554
53572
53577
53580
53582
53590
53599
53618
53627
53632
53646
53673
53675
53689
53690
53709
53709
53722
53731
53736
53751
53778
53779
53788
53801
53804
53809
53812
53812
53828
53832
53833
53834
53841
53844
53845
53851
53855
53861
53865
53870
53877
53883
53886
53887
53891
53891
53906
53915
53925
53926
53932
53934
53937
53938
53942
53942
53948
53959
53965
53982
53990
54003
54008
54014
54019
54031
54046
54052
54059
54072
54078
54079
54080
54088
54089
54104
54117
54118
54124
54146
54147
54148
54162
54171
54183
54193
54193
54210
54221
54231
54239
54242
54243
54249
54258
54265
54271
54279
54280
54294
54298
54316
54316
54318
54321
54323
54329
54331
54332
54335
54338
54354
54357
54361
54371
54371
54374
54379
54395
54397
54419
54436
54452
54468
54469
54475
54477
54479
54482
54498
54502
54510
54511
54514
54518
54525
54532
54547
54551
54559
54570
54574
54589
54591
54592
54595
54599
54631
54633
54637
54639
54639
54641
54642
54643
54645
54669
54686
54687
54696
54702
54705
54710
54710
54711
54724
54730
54744
54745
54761
54765
54804
54835
54855
54862
54875
54878
54885
54887
54892
54903
54918
54940
54957
54979
54990
54991
54992
55001
55006
55040
55042
55090
55091
55092
55094
55114
55120
55124
55129
55145
55149
55154
55156
55163
55166
55170
55184
55189
55193
55197
55200
55205
55210
55226
55237
55250
55262
55273
55273
55273
55276
55277
55296
55329
55341
55343
55347
55356
55359
55363
55365
55372
55382
55386
55390
55406
55409
55419
55420
55432
55435
55447
55451
55480
55491
55494
55496
55522
55530
55532
55534
55548
55568
55570
55572
55582
55591
55595
55602
55607
55608
55617
55618
55622
55627
55632
55632
55635
55652
55653
55653
55676
55676
55682
55684
55699
55700
55705
55706
55710
55715
55722
55728
55730
55732
55735
55740
55749
55752
55754
55758
55759
55761
55762
55770
55786
55787
55792
55805
55806
55808
55810
55833
55848
55850
55857
55863
55867
55875
55878
55894
55897
55905
55922
55923
55926
55941
55947
55948
55954
55958
55959
55960
55964
55966
55969
55972
55978
55992
55993
55998
56010
56017
56026
56031
56035
56039
56042
56044
56045
56045
56049
56050
56068
56080
56081
56085
56086
56090
56093
56097
56098
56100
56135
56139
56141
56146
56156
56157
56159
56175
56194
56195
56214
56218
56221
56228
56233
56238
56241
56247
56252
56252
56255
56265
56269
56271
56274
56278
56284
56291
56292
56295
56296
56308
56314
56321
56326
56332
56333
56347
56350
56352
56353
56356
56359
56372
56377
56384
56423
56431
56431
56439
56477
56481
56499
56503
56528
56539
56542
56549
56553
56556
56565
56575
56588
56591
56596
56599
56601
56605
56606
56606
56609
56614
56615
56620
56632
56633
56650
56658
56663
56664
56666
56680
56682
56696
56697
56704
56717
56721
56730
56736
56736
56741
56753
56759
56765
56765
56784
56794
56807
56807
56814
56824
56829
56844
56848
56858
56862
56865
56866
56868
56879
56903
56903
56909
56911
56922
56923
56926
56931
56932
56933
56946
56960
56989
57011
57012
57035
57037
57042
57045
57065
57067
57068
57075
57079
57080
57084
57084
57085
57101
57112
57117
57118
57124
57128
57138
57139
57155
57164
57164
57166
57172
57177
57196
57201
57203
57214
57237
57265
57266
57271
57298
57306
57316
57321
57322
57337
57341
57347
57362
57371
57376
57377
57381
57388
57388
57395
57397
57408
57413
57414
57421
57422
57422
57436
57449
57463
57488
57510
57515
57524
57525
57538
57538
57538
57541
57548
57576
57585
57589
57589
57597
57608
57627
57638
57645
57648
57648
57660
57662
57667
57668
57676
57681
57703
57711
57720
57736
57744
57749
57749
57752
57772
57777
57783
57789
57789
57799
57804
57821
57823
57824
57828
57835
57847
57854
57859
57875
57876
57881
57882
57900
57908
57922
57927
57939
57941
57947
57951
57955
57964
57966
57972
58000
58026
58031
58037
58039
58040
58040
58041
58065
58083
58092
58094
58094
58094
58098
58121
58125
58133
58136
58138
58165
58168
58171
58173
58176
58178
58225
58236
58241
58247
58253
58293
58298
58301
58302
58302
58311
58315
58319
58352
58359
58387
58387
58398
58399
58403
58414
58426
58427
58429
58454
58457
58461
58476
58486
58508
58528
58531
58533
58535
58542
58550
58551
58554
58557
58560
58565
58565
58566
58570
58578
58588
58594
58595
58596
58599
58627
58639
58647
58654
58658
58669
58677
58679
58705
58714
58715
58715
58731
58738
58738
58746
58769
58777
58778
58788
58793
58798
58805
58811
58812
58812
58817
58826
58841
58842
58862
58867
58867
58874
58877
58880
58893
58905
58909
58954
58969
58974
58981
58987
58988
58999
59020
59029
59033
59048
59049
59063
59078
59084
59107
59110
59124
59130
59138
59143
59144
59147
59166
59171
59197
59198
59204
59215
59223
59241
59264
59267
59270
59279
59284
59310
59315
59322
59322
59333
59347
59347
59354
59373
59383
59384
59389
59400
59415
59419
59423
59445
59449
59457
59459
59464
59477
59492
59493
59504
59524
59525
59532
59542
59552
59565
59575
59577
59612
59616
59622
59627
59634
59640
59644
59648
59651
59652
59657
59675
59676
59678
59678
59683
59691
59702
59708
59711
59721
59722
59724
59738
59746
59758
59765
59788
59794
59799
59804
59808
59811
59820
59826
59841
59853
59865
59874
59906
59908
59920
59931
59951
59969
59969
59979
59983
59986
59989
59996
59997
60002
60010
60020
60021
60034
60037
60039
60042
60051
60056
60060
60067
60070
60071
60072
60081
60101
60102
60107
60110
60116
60119
60120
60128
60149
60154
60157
60161
60169
60186
60194
60196
60206
60207
60222
60232
60239
60260
60272
60280
60281
60282
60283
60283
60289
60293
60295
60298
60302
60313
60323
60332
60338
60350
60357
60361
60371
60374
60429
60430
60431
60435
60441
60445
60446
60448
60449
60454
60462
60466
60469
60478
60499
60509
60513
60518
60518
60520
60528
60529
60529
60560
60567
60589
60597
60598
60602
60605
60609
60623
60625
60626
60633
60642
60648
60660
60678
60680
60681
60699
60703
60715
60731
60742
60743
60769
60769
60770
60771
60775
60780
60787
60798
60801
60805
60833
60835
60853
60867
60867
60892
60893
60908
60909
60937
60940
60954
60957
60959
60961
60961
60966
60974
60975
60978
60984
60988
60991
60999
61042
61049
61058
61059
61084
61104
61123
61128
61129
61137
61143
61163
61201
61205
61206
61218
61232
61239
61246
61246
61249
61253
61253
61282
61301
61311
61327
61335
61338
61364
61370
61374
61385
61392
61394
61404
61407
61423
61426
61430
61434
61438
61458
61476
61491
61502
61515
61518
61522
61536
61548
61557
61560
61572
61573
61573
61582
61632
61636
61639
61642
61648
61659
61665
61681
61682
61691
61693
61702
61704
61724
61738
61752
61758
61758
61766
61770
61773
61776
61784
61785
61785
61789
61801
61807
61810
61813
61824
61830
61867
61867
61874
61881
61884
61902
61915
61917
61918
61924
61937
61937
61958
61967
61986
62018
62021
62023
62025
62032
62038
62044
62067
62067
62076
62091
62100
62113
62117
62124
62125
62126
62140
62151
62166
62186
62186
62190
62194
62208
62210
62214
62229
62234
62236
62246
62248
62250
62251
62254
62261
62279
62279
62285
62297
62301
62314
62314
62318
62336
62340
62354
62356
62369
62396
62396
62413
62422
62427
62430
62435
62439
62461
62479
62497
62512
62521
62522
62524
62525
62535
62557
62562
62563
62574
62575
62576
62577
62579
62585
62591
62601
62604
62605
62612
62612
62634
62645
62661
62662
62685
62685
62687
62688
62696
62701
62709
62710
62713
62720
62739
62740
62749
62756
62782
62796
62805
62808
62813
62824
62834
62846
62846
62848
62862
62864
62867
62880
62880
62899
62918
62922
62922
62930
62948
62949
62949
62951
62965
62967
62970
62972
62981
62998
63008
63009
63011
63027
63033
63033
63035
63040
63041
63044
63045
63048
63051
63055
63057
63057
63098
63102
63107
63108
63111
63115
63119
63124
63133
63140
63152
63158
63159
63165
63167
63174
63222
63225
63241
63252
63260
63271
63273
63275
63276
63284
63298
63299
63305
63315
63329
63329
63330
63342
63350
63350
63354
63364
63367
63370
63379
63379
63381
63388
63394
63396
63402
63411
63427
63435
63441
63447
63464
63467
63471
63485
63489
63496
63503
63515
63521
63524
63529
63530
63534
63540
63571
63572
63576
63583
63591
63596
63599
63608
63609
63613
63625
63628
63629
63632
63635
63640
63645
63662
63662
63664
63669
63670
63680
63695
63696
63701
63704
63706
63720
63721
63731
63741
63755
63761
63763
63763
63767
63767
63772
63777
63813
63818
63821
63823
63834
63835
63838
63851
63852
63856
63868
63870
63871
63888
63906
63910
63919
63920
63925
63925
63926
63929
63929
63936
63936
63945
63951
63956
63956
63974
63978
63988
63990
64009
64016
64023
64025
64038
64058
64074
64075
64076
64079
64097
64099
64102
64102
64108
64111
64113
64117
64122
64126
64126
64128
64132
64146
64149
64151
64152
64154
64156
64161
64170
64179
64186
64193
64194
64195
64223
64225
64230
64245
64245
64263
64286
64286
64288
64289
64293
64300
64307
64307
64307
64312
64314
64316
64318
64319
64321
64324
64332
64334
64341
64344
64347
64353
64362
64364
64368
64381
64389
64392
64396
64403
64412
64429
64433
64442
64466
64477
64490
64496
64497
64501
64508
64515
64527
64534
64535
64546
64555
64561
64578
64586
64592
64594
64598
64611
64615
64617
64623
64626
64640
64653
64654
64683
64712
64714
64715
64720
64773
64777
64809
64831
64845
64847
64851
64852
64854
64864
64867
64870
64893
64911
64911
64914
64919
64924
64926
64929
64940
64949
64952
64958
64960
64999
65001
65006
65015
65017
65024
65049
65049
65060
65068
65070
65073
65073
65088
65089
65095
65108
65124
65129
65138
65141
65143
65144
65148
65162
65168
65184
65191
65205
65214
65222
65227
65232
65238
65241
65249
65250
65256
65274
65280
65281
65299
65333
65336
65341
65345
65353
65359
65381
65399
65400
65403
65404
65428
65439
65468
65473
65484
65507
65507
65511
65524
65528
65530
65551
65561
65568
65576
65584
65592
65594
65598
65599
65606
65607
65610
65611
65618
65619
65621
65628
65629
65634
65636
65640
65641
65642
65643
65646
65652
65655
65656
65659
65662
65668
65669
65670
65686
65690
65691
65695
65701
65701
65703
65708
65712
65724
65736
65736
65737
65759
65760
65762
65763
65764
65771
65782
65784
65786
65793
65809
65810
65811
65812
65827
65831
65834
65847
65861
65866
65866
65868
65874
65877
65890
65900
65902
65903
65906
65924
65926
65928
65934
65936
65937
65964
65986
65998
66009
66021
66039
66045
66045
66052
66053
66076
66076
66081
66086
66091
66093
66105
66111
66127
66145
66146
66165
66165
66180
66181
66181
66191
66199
66199
66207
66207
66208
66223
66233
66233
66241
66244
66263
66272
66273
66277
66278
66286
66294
66296
66302
66303
66312
66320
66325
66330
66331
66331
66344
66345
66346
66367
66377
66388
66392
66412
66429
66437
66441
66442
66444
66446
66452
66453
66453
66457
66468
66482
66485
66490
66503
66506
66513
66514
66525
66534
66534
66535
66558
66575
66606
66609
66611
66616
66622
66622
66623
66628
66628
66632
66634
66640
66651
66668
66681
66686
66694
66706
66710
66710
66712
66729
66735
66743
66743
66745
66758
66759
66761
66763
66764
66766
66769
66771
66792
66794
66808
66815
66822
66843
66848
66856
66868
66868
66872
66877
66887
66892
66899
66899
66901
66901
66916
66935
66948
66956
66957
66958
66959
66962
66964
66969
66971
66979
66998
67000
67004
67005
67009
67019
67019
67022
67027
67028
67028
67031
67039
67044
67048
67051
67058
67075
67080
67082
67087
67087
67090
67096
67106
67111
67112
67113
67138
67138
67141
67144
67147
67162
67171
67171
67181
67189
67202
67206
67253
67255
67256
67269
67278
67283
67291
67292
67292
67302
67310
67312
67328
67338
67342
67345
67365
67375
67397
67405
67419
67427
67436
67442
67444
67444
67450
67452
67456
67459
67471
67486
67486
67487
67492
67493
67500
67503
67522
67526
67527
67534
67535
67537
67543
67616
67624
67626
67640
67651
67665
67675
67682
67698
67703
67718
67722
67730
67735
67736
67748
67755
67757
67775
67776
67779
67782
67790
67797
67806
67816
67816
67819
67835
67845
67868
67883
67887
67887
67894
67895
67901
67909
67910
67916
67917
67920
67923
67925
67927
67930
67931
67941
67941
67951
67953
67963
67969
67976
67984
68003
68004
68012
68015
68017
68023
68044
68053
68070
68087
68088
68091
68098
68098
68102
68104
68118
68119
68130
68135
68138
68148
68159
68176
68177
68185
68186
68195
68195
68215
68223
68239
68248
68254
68257
68262
68265
68277
68284
68286
68294
68307
68316
68319
68320
68326
68328
68329
68348
68355
68356
68359
68363
68401
68410
68426
68434
68435
68440
68447
68457
68462
68465
68471
68473
68488
68488
68494
68497
68497
68505
68513
68520
68526
68543
68545
68556
68559
68570
68571
68572
68594
68613
68618
68628
68641
68647
68656
68676
68678
68682
68695
68701
68701
68721
68728
68744
68780
68781
68792
68794
68800
68816
68819
68830
68839
68842
68845
68846
68857
68861
68861
68867
68874
68879
68886
68895
68913
68913
68919
68921
68930
68937
68940
68949
68954
68963
68973
68985
68990
69000
69010
69032
69036
69044
69060
69060
69062
69067
69079
69090
69097
69103
69105
69112
69116
69117
69130
69133
69137
69140
69146
69148
69149
69154
69156
69173
69173
69189
69199
69206
69221
69223
69224
69230
69241
69241
69246
69248
69262
69269
69276
69279
69280
69286
69295
69304
69308
69317
69319
69341
69344
69364
69366
69370
69381
69388
69390
69410
69416
69422
69423
69426
69430
69437
69438
69449
69452
69463
69467
69470
69471
69490
69496
69503
69511
69513
69515
69517
69527
69528
69536
69539
69540
69542
69545
69552
69559
69562
69567
69579
69587
69587
69598
69599
69609
69615
69616
69652
69655
69658
69671
69673
69676
69680
69685
69688
69693
69719
69721
69728
69734
69738
69740
69740
69773
69774
69775
69776
69782
69804
69808
69811
69819
69822
69842
69848
69862
69866
69871
69872
69876
69894
69897
69907
69926
69931
69940
69942
69951
69961
69967
69985
69987
70002
70020
70021
70022
70037
70041
70055
70060
70062
70062
70063
70069
70101
70107
70110
70122
70143
70159
70160
70162
70167
70173
70174
70176
70182
70187
70200
70202
70207
70222
70228
70231
70242
70249
70251
70252
70271
70275
70288
70290
70301
70302
70316
70322
70327
70330
70350
70357
70358
70361
70368
70369
70372
70375
70405
70432
70438
70441
70451
70452
70453
70453
70456
70456
70463
70469
70476
70479
70481
70485
70488
70491
70539
70546
70557
70557
70567
70568
70570
70571
70572
70573
70579
70583
70592
70593
70593
70601
70605
70605
70611
70616
70616
70618
70629
70632
70637
70640
70642
70643
70644
70646
70649
70650
70655
70660
70668
70674
70682
70684
70698
70698
70700
70702
70720
70724
70725
70728
70735
70736
70737
70743
70746
70748
70749
70752
70755
70760
70760
70770
70776
70782
70789
70816
70816
70818
70821
70822
70823
70823
70830
70839
70846
70849
70852
70862
70880
70893
70897
70899
70903
70910
70915
70935
70938
70960
70963
70965
70975
70987
70992
71010
71010
71032
71059
71064
71077
71082
71087
71093
71095
71096
71100
71107
71112
71113
71131
71140
71143
71148
71154
71155
71157
71166
71174
71176
71177
71179
71197
71207
71209
71210
71226
71235
71238
71252
71258
71260
71262
71266
71276
71281
71284
71298
71312
71313
71317
71330
71332
71334
71339
71339
71358
71362
71368
71377
71379
71397
71401
71419
71420
71420
71422
71430
71431
71443
71444
71446
71451
71454
71459
71473
71474
71480
71491
71492
71500
71504
71507
71511
71511
71527
71539
71570
71576
71581
71582
71586
71590
71599
71606
71609
71613
71618
71629
71635
71643
71650
71655
71656
71657
71658
71659
71669
71669
71679
71690
71695
71699
71702
71715
71719
71720
71722
71728
71744
71748
71751
71755
71757
71766
71772
71788
71791
71795
71797
71821
71823
71850
71854
71860
71867
71884
71885
71886
71895
71898
71899
71902
71931
71934
71945
71952
71956
71963
71971
71973
71976
71984
71990
72024
72026
72044
72048
72081
72085
72097
72108
72121
72141
72145
72150
72153
72156
72165
72178
72192
72200
72203
72206
72207
72208
72239
72243
72258
72260
72261
72262
72263
72264
72264
72272
72288
72288
72296
72313
72318
72324
72340
72340
72344
72354
72372
72374
72388
72399
72400
72407
72410
72420
72422
72430
72432
72436
72442
72444
72452
72456
72457
72459
72462
72477
72481
72493
72507
72510
72513
72514
72529
72542
72557
72559
72568
72569
72580
72581
72581
72588
72590
72596
72599
72604
72616
72625
72637
72643
72656
72658
72661
72666
72675
72682
72686
72688
72696
72703
72703
72712
72736
72742
72752
72757
72763
72771
72775
72796
72798
72815
72820
72823
72829
72844
72862
72863
72864
72894
72917
72931
72934
72939
72947
72952
72965
72973
72986
73004
73029
73037
73059
73065
73066
73077
73077
73096
73098
73111
73119
73135
73137
73138
73152
73153
73157
73160
73177
73188
73198
73199
73226
73243
73251
73253
73265
73268
73268
73269
73276
73277
73282
73295
73304
73307
73315
73322
73324
73330
73331
73334
73339
73349
73359
73360
73370
73380
73386
73389
73401
73404
73404
73439
73441
73443
73452
73453
73454
73455
73468
73479
73485
73492
73498
73505
73506
73508
73514
73516
73516
73527
73527
73528
73532
73541
73544
73570
73584
73592
73606
73613
73623
73650
73651
73665
73678
73689
73689
73690
73713
73713
73724
73724
73724
73727
73738
73739
73739
73748
73761
73768
73793
73797
73802
73808
73811
73815
73818
73835
73839
73843
73848
73849
73882
73885
73888
73892
73896
73897
73898
73907
73908
73914
73926
73934
73951
73952
73956
73961
73965
73968
73984
73984
74005
74007
74009
74020
74024
74032
74042
74044
74061
74062
74071
74073
74081
74083
74084
74086
74087
74098
74098
74107
74123
74126
74134
74146
74169
74173
74174
74176
74189
74189
74201
74209
74213
74232
74233
74241
74243
74247
74256
74274
74314
74317
74336
74337
74349
74349
74359
74374
74381
74387
74387
74393
74397
74399
74402
74410
74411
74416
74417
74439
74445
74446
74451
74482
74495
74510
74512
74515
74521
74528
74537
74537
74570
74579
74583
74586
74587
74587
74591
74595
74598
74607
74628
74629
74630
74632
74632
74650
74666
74674
74677
74690
74692
74692
74698
74711
74725
74726
74730
74741
74743
74744
74748
74752
74760
74766
74772
74793
74796
74796
74803
74805
74810
74818
74821
74831
74834
74847
74847
74856
74858
74861
74864
74865
74866
74882
74909
74925
74928
74930
74949
74953
74960
74963
74976
74976
74993
75002
75004
75019
75025
75025
75034
75039
75059
75061
75067
75073
75074
75076
75076
75090
75093
75093
75108
75118
75120
75129
75130
75133
75148
75172
75177
75178
75180
75182
75189
75197
75200
75223
75225
75233
75259
75266
75266
75267
75269
75272
75286
75288
75291
75313
75325
75326
75330
75340
75357
75360
75366
75374
75377
75382
75382
75389
75394
75430
75436
75438
75448
75452
75469
75469
75470
75471
75495
75496
75503
75505
75510
75512
75518
75518
75519
75521
75535
75539
75546
75556
75570
75573
75578
75581
75587
75590
75600
75605
75617
75624
75631
75634
75637
75642
75654
75664
75667
75672
75689
75691
75699
75701
75707
75713
75722
75731
75741
75750
75756
75759
75767
75770
75771
75778
75791
75796
75796
75803
75811
75821
75829
75831
75833
75843
75845
75847
75851
75851
75854
75860
75864
75866
75874
75881
75885
75887
75903
75903
75911
75911
75912
75918
75924
75926
75937
75946
75953
75954
75956
75959
75963
75969
75975
75976
75977
75993
75996
76005
76007
76023
76038
76050
76052
76064
76067
76068
76070
76073
76076
76095
76102
76102
76104
76105
76105
76112
76112
76119
76119
76123
76140
76142
76150
76151
76154
76159
76162
76162
76164
76165
76166
76173
76179
76189
76191
76202
76217
76220
76230
76231
76241
76249
76250
76253
76268
76271
76273
76278
76282
76285
76297
76308
76317
76321
76336
76343
76358
76369
76380
76394
76396
76396
76419
76427
76431
76432
76465
76466
76474
76486
76488
76504
76544
76545
76546
76548
76555
76573
76580
76587
76592
76600
76601
76606
76614
76631
76641
76645
76647
76651
76668
76681
76695
76719
76721
76731
76736
76739
76753
76755
76761
76773
76773
76778
76783
76783
76787
76795
76796
76800
76806
76814
76818
76819
76826
76832
76833
76833
76845
76854
76858
76863
76863
76863
76880
76881
76898
76911
76912
76916
76917
76946
76948
76961
76971
76982
76984
76989
77003
77004
77019
77021
77022
77025
77032
77032
77045
77048
77049
77064
77075
77077
77083
77096
77113
77129
77139
77158
77162
77187
77221
77231
77238
77238
77240
77267
77271
77275
77288
77293
77298
77320
77332
77336
77336
77366
77371
77373
77389
77399
77410
77421
77446
77449
77454
77455
77456
77456
77457
77457
77468
77469
77473
77484
77485
77498
77504
77509
77514
77518
77531
77534
77536
77550
77566
77580
77581
77597
77606
77607
77612
77619
77633
77640
77640
77651
77655
77657
77660
77684
77688
77704
77713
77722
77738
77738
77739
77739
77762
77762
77763
77765
77771
77776
77785
77789
77794
77816
77816
77831
77832
77834
77841
77843
77845
77857
77860
77865
77870
77904
77907
77916
77931
77935
77940
77947
77960
77979
77997
78017
78045
78049
78064
78065
78067
78068
78074
78076
78089
78093
78119
78120
78126
78129
78131
78137
78137
78139
78162
78187
78202
78204
78215
78243
78244
78276
78293
78297
78304
78335
78394
78411
78413
78425
78426
78438
78441
78447
78456
78457
78462
78464
78477
78491
78494
78503
78505
78507
78515
78531
78546
78558
78558
78559
78560
78562
78586
78586
78590
78592
78596
78620
78631
78634
78635
78653
78655
78656
78665
78673
78681
78683
78685
78695
78733
78746
78748
78762
78766
78774
78782
78788
78803
78807
78818
78819
78820
78835
78836
78842
78857
78858
78871
78876
78877
78879
78885
78927
78928
78930
78934
78935
78936
78948
78950
78961
78970
78984
78996
78996
78999
79000
79011
79012
79029
79030
79037
79039
79040
79045
79046
79060
79064
79068
79068
79072
79083
79091
79093
79094
79097
79109
79127
79132
79133
79140
79152
79166
79169
79172
79177
79181
79189
79193
79218
79220
79222
79229
79239
79249
79262
79267
79289
79299
79299
79301
79320
79324
79331
79332
79333
79344
79354
79356
79361
79367
79368
79379
79399
79400
79407
79418
79420
79446
79451
79453
79462
79476
79499
79505
79510
79516
79518
79531
79535
79544
79556
79559
79561
79570
79582
79586
79598
79598
79603
79607
79614
79616
79618
79618
79630
79649
79650
79674
79681
79682
79694
79707
79711
79717
79717
79720
79724
79733
79739
79745
79773
79775
79792
79796
79797
79808
79818
79821
79821
79849
79850
79853
79876
79884
79886
79905
79911
79916
79924
79926
79930
79931
79939
79948
79950
79959
79976
79976
79981
79983
79987
79992
80012
80015
80034
80037
80059
80071
80075
80083
80087
80097
80102
80113
80115
80126
80133
80141
80145
80151
80154
80163
80165
80168
80196
80220
80229
80233
80242
80248
80254
80266
80275
80306
80307
80307
80310
80315
80316
80319
80321
80327
80335
80337
80342
80343
80346
80348
80363
80379
80380
80390
80424
80424
80441
80446
80452
80462
80481
80492
80498
80523
80527
80547
80553
80560
80560
80570
80581
80592
80600
80603
80604
80608
80616
80638
80649
80658
80660
80667
80667
80673
80680
80681
80689
80703
80704
80712
80723
80727
80729
80761
80766
80792
80792
80797
80813
80817
80823
80825
80828
80836
80839
80844
80850
80858
80858
80860
80864
80867
80876
80892
80914
80916
80921
80921
80934
80950
80956
80977
80990
81028
81031
81042
81054
81064
81073
81078
81085
81105
81116
81117
81127
81138
81146
81162
81175
81182
81221
81231
81231
81244
81269
81278
81282
81284
81294
81295
81297
81298
81318
81332
81359
81368
81371
81373
81381
81386
81386
81393
81397
81408
81415
81423
81454
81460
81464
81469
81480
81483
81499
81499
81500
81508
81515
81521
81525
81528
81530
81535
81539
81540
81543
81548
81556
81560
81561
81562
81568
81570
81572
81575
81576
81586
81599
81607
81608
81611
81625
81626
81628
81648
81648
81659
81669
81680
81681
81685
81694
81706
81713
81716
81724
81728
81728
81732
81732
81738
81745
81745
81750
81765
81766
81781
81788
81795
81797
81802
81803
81813
81823
81853
81876
81881
81882
81889
81890
81894
81895
81907
81910
81910
81912
81915
81919
81919
81924
81926
81926
81958
81961
81967
81972
82023
82025
82027
82032
82037
82038
82041
82070
82077
82080
82087
82089
82093
82126
82131
82144
82144
82146
82153
82155
82160
82171
82173
82197
82221
82225
82236
82239
82242
82245
82250
82253
82272
82285
82288
82292
82294
82295
82300
82311
82338
82343
82343
82343
82346
82353
82370
82375
82376
82381
82384
82395
82395
82403
82418
82420
82427
82428
82433
82448
82458
82462
82468
82471
82471
82479
82481
82482
82489
82491
82499
82503
82510
82518
82522
82525
82527
82530
82530
82535
82557
82559
82565
82571
82575
82580
82585
82589
82592
82601
82612
82615
82617
82619
82620
82622
82626
82637
82650
82662
82672
82675
82687
82689
82707
82721
82725
82737
82761
82766
82770
82779
82798
82801
82806
82818
82824
82825
82827
82838
82846
82847
82852
82858
82876
82895
82896
82903
82903
82905
82929
82936
82940
82941
82946
82949
82949
82963
82972
82972
82976
82976
82980
82980
82981
82986
82987
82995
83002
83003
83010
83013
83027
83041
83045
83047
83049
83055
83056
83056
83058
83067
83068
83072
83083
83087
83103
83104
83111
83124
83125
83128
83131
83147
83148
83155
83160
83174
83190
83197
83198
83211
83241
83243
83243
83244
83251
83257
83261
83269
83269
83276
83276
83283
83286
83293
83293
83301
83301
83309
83314
83329
83342
83354
83366
83372
83375
83378
83387
83389
83409
83413
83415
83425
83438
83439
83446
83449
83452
83469
83475
83497
83519
83527
83544
83553
83571
83587
83590
83600
83602
83638
83642
83643
83644
83651
83654
83656
83658
83660
83669
83675
83675
83695
83710
83711
83712
83721
83738
83743
83747
83754
83755
83757
83760
83761
83764
83790
83792
83813
83815
83830
83854
83863
83871
83874
83880
83910
83944
83951
83951
83957
83958
83968
83979
83986
83990
84006
84019
84022
84046
84073
84078
84086
84089
84091
84091
84095
84100
84119
84125
84135
84147
84163
84179
84207
84212
84216
84217
84226
84229
84250
84263
84282
84288
84291
84294
84298
84303
84313
84313
84317
84326
84341
84351
84358
84359
84376
84377
84384
84386
84399
84427
84428
84428
84433
84437
84442
84443
84445
84447
84450
84452
84461
84464
84469
84475
84486
84487
84490
84518
84524
84541
84563
84565
84566
84568
84569
84572
84580
84590
84602
84603
84603
84607
84619
84623
84633
84634
84638
84646
84655
84658
84659
84660
84662
84668
84682
84686
84691
84695
84700
84706
84706
84708
84739
84740
84759
84762
84776
84780
84780
84783
84794
84795
84800
84802
84815
84816
84837
84838
84842
84844
84854
84855
84856
84857
84862
84864
84866
84890
84892
84900
84903
84903
84904
84911
84921
84928
84932
84933
84934
84940
84946
84955
84961
84966
84969
84983
84988
84991
84997
85001
85003
85008
85009
85016
85016
85018
85020
85028
85067
85081
85083
85095
85097
85102
85102
85116
85121
85125
85127
85133
85138
85141
85152
85157
85167
85168
85169
85171
85199
85205
85211
85216
85230
85233
85237
85238
85250
85258
85263
85264
85269
85300
85300
85319
85322
85331
85335
85337
85340
85342
85353
85361
85361
85363
85364
85365
85371
85374
85389
85390
85400
85405
85411
85422
85432
85436
85440
85445
85454
85455
85468
85479
85483
85499
85508
85512
85518
85523
85561
85600
85609
85635
85638
85646
85656
85666
85667
85669
85675
85681
85697
85712
85747
85752
85763
85764
85767
85770
85779
85784
85818
85828
85833
85854
85854
85859
85863
85865
85873
85876
85879
85889
85899
85902
85908
85927
85929
85934
85935
85945
85953
85955
85955
85963
85964
85972
85980
85981
85982
85984
85988
85996
86000
86014
86017
86028
86035
86036
86045
86049
86054
86055
86056
86057
86087
86093
86099
86110
86116
86119
86124
86132
86153
86155
86167
86177
86210
86211
86211
86221
86233
86265
86273
86274
86283
86291
86291
86294
86299
86300
86313
86317
86323
86329
86343
86347
86351
86353
86371
86386
86404
86418
86421
86427
86430
86437
86438
86441
86447
86447
86463
86464
86480
86481
86482
86510
86516
86523
86526
86527
86529
86537
86551
86565
86575
86598
86600
86600
86601
86606
86607
86616
86632
86637
86654
86661
86668
86672
86676
86683
86698
86698
86699
86706
86707
86717
86720
86726
86729
86739
86740
86740
86748
86755
86767
86769
86779
86786
86795
86803
86809
86817
86817
86833
86838
86841
86854
86863
86873
86886
86892
86893
86911
86916
86924
86958
86961
86963
86970
86983
86993
86995
86995
87003
87032
87035
87038
87045
87052
87062
87069
87075
87075
87084
87086
87089
87100
87107
87109
87112
87119
87125
87127
87130
87130
87132
87132
87147
87160
87177
87178
87198
87199
87205
87207
87215
87236
87238
87239
87242
87244
87244
87246
87257
87281
87291
87309
87313
87319
87339
87340
87342
87352
87369
87377
87389
87393
87414
87420
87424
87428
87430
87440
87451
87478
87489
87496
87496
87497
87498
87502
87503
87506
87507
87514
87519
87522
87533
87533
87545
87546
87548
87554
87554
87557
87561
87566
87570
87605
87607
87612
87613
87620
87620
87620
87631
87635
87655
87656
87680
87685
87698
87712
87722
87723
87726
87731
87741
87747
87749
87755
87762
87767
87777
87778
87778
87778
87784
87791
87791
87794
87808
87816
87826
87828
87844
87855
87872
87886
87897
87902
87908
87909
87912
87914
87917
87925
87925
87930
87937
87953
87972
87976
87984
87995
87997
88006
88015
88017
88032
88036
88038
88040
88041
88041
88053
88055
88055
88055
88087
88088
88106
88111
88114
88132
88144
88144
88146
88151
88172
88177
88216
88216
88221
88227
88228
88233
88239
88244
88244
88275
88281
88284
88299
88301
88303
88307
88314
88332
88332
88344
88355
88359
88377
88392
88397
88401
88402
88404
88419
88438
88441
88455
88466
88467
88491
88498
88506
88509
88511
88518
88524
88525
88537
88548
88551
88554
88556
88577
88603
88606
88609
88610
88613
88621
88625
88628
88630
88632
88637
88653
88654
88660
88680
88685
88687
88688
88693
88702
88703
88713
88716
88720
88721
88727
88741
88750
88751
88753
88770
88772
88781
88790
88800
88800
88806
88812
88821
88824
88844
88849
88853
88856
88858
88860
88865
88867
88908
88915
88962
88964
88975
88985
88988
89007
89032
89034
89043
89049
89056
89059
89061
89067
89073
89087
89090
89093
89106
89113
89113
89115
89115
89115
89116
89116
89122
89128
89131
89147
89150
89151
89151
89159
89165
89166
89167
89168
89169
89175
89184
89208
89219
89220
89228
89237
89237
89250
89252
89253
89257
89261
89263
89268
89270
89274
89275
89279
89309
89310
89313
89315
89320
89324
89329
89330
89331
89333
89334
89335
89338
89357
89358
89359
89366
89373
89395
89437
89440
89451
89452
89452
89462
89462
89467
89474
89485
89486
89497
89498
89510
89521
89526
89544
89547
89554
89557
89559
89566
89574
89578
89579
89591
89621
89622
89641
89663
89679
89681
89693
89707
89707
89757
89783
89786
89798
89800
89802
89808
89811
89824
89827
89838
89840
89846
89849
89853
89858
89861
89869
89877
89882
89890
89892
89900
89902
89911
89913
89920
89926
89929
89929
89944
89949
89957
89961
89963
89965
89968
89986
89995
89999
90007
90016
90019
90025
90030
90037
90040
90050
90060
90074
90088
90094
90104
90119
90127
90132
90138
90143
90147
90150
90159
90167
90187
90191
90208
90244
90246
90261
90269
90270
90274
90288
90289
90313
90316
90323
90323
90337
90337
90340
90344
90347
90364
90383
90387
90404
90407
90409
90409
90422
90429
90453
90457
90461
90468
90470
90475
90476
90478
90490
90495
90499
90500
90501
90506
90528
90539
90543
90550
90575
90575
90576
90580
90585
90585
90590
90601
90606
90628
90630
90643
90648
90653
90658
90670
90674
90681
90692
90694
90700
90706
90706
90711
90715
90722
90728
90735
90736
90747
90752
90753
90755
90762
90764
90766
90768
90770
90787
90789
90801
90822
90824
90830
90856
90857
90868
90876
90879
90885
90892
90903
90940
90940
90941
90942
90943
90953
90957
90962
90962
90974
90980
90982
90987
90993
90994
90999
91004
91028
91044
91058
91066
91090
91094
91108
91109
91116
91123
91144
91148
91154
91157
91168
91172
91176
91193
91197
91198
91213
91225
91227
91244
91261
91263
91268
91272
91273
91274
91274
91278
91279
91287
91296
91299
91308
91310
91325
91333
91346
91346
91357
91367
91369
91374
91384
91396
91402
91413
91416
91420
91425
91433
91435
91445
91446
91456
91458
91459
91468
91514
91517
91520
91524
91534
91534
91548
91556
91577
91588
91612
91631
91637
91643
91644
91649
91652
91668
91672
91675
91684
91691
91703
91710
91724
91726
91728
91733
91735
91757
91765
91767
91777
91778
91781
91784
91786
91800
91812
91817
91824
91826
91844
91853
91880
91881
91882
91887
91910
91911
91914
91919
91922
91928
91939
91939
91958
91966
91977
91981
91983
91984
91995
92002
92005
92015
92018
92028
92035
92036
92040
92042
92049
92050
92071
92079
92081
92081
92090
92095
92115
92123
92126
92130
92133
92140
92167
92170
92172
92188
92193
92193
92194
92200
92202
92206
92207
92215
92223
92235
92240
92241
92249
92258
92276
92286
92290
92296
92299
92300
92310
92312
92319
92323
92325
92326
92328
92341
92360
92363
92377
92379
92386
92393
92403
92408
92417
92422
92432
92434
92440
92452
92453
92465
92468
92474
92475
92487
92488
92489
92490
92492
92497
92505
92505
92507
92513
92518
92518
92536
92537
92548
92551
92552
92559
92559
92560
92564
92579
92580
92585
92586
92590
92599
92608
92611
92624
92636
92641
92649
92651
92670
92672
92673
92675
92675
92679
92680
92696
92701
92708
92720
92727
92728
92732
92733
92744
92746
92749
92752
92757
92776
92777
92777
92786
92787
92795
92799
92803
92812
92814
92815
92817
92819
92822
92825
92826
92838
92839
92842
92843
92855
92856
92858
92866
92870
92871
92871
92881
92893
92894
92902
92902
92913
92930
92930
92942
92945
92945
92952
92960
92975
92976
92982
92992
92996
93001
93002
93011
93013
93014
93016
93025
93044
93048
93052
93054
93057
93067
93069
93071
93071
93078
93081
93089
93092
93092
93098
93105
93106
93108
93115
93120
93130
93147
93151
93153
93164
93172
93191
93194
93199
93203
93207
93212
93218
93219
93221
93230
93240
93252
93258
93265
93268
93278
93285
93285
93288
93288
93289
93291
93292
93299
93302
93303
93308
93323
93328
93330
93366
93371
93385
93393
93402
93416
93416
93434
93440
93442
93451
93452
93457
93457
93458
93459
93469
93469
93472
93475
93476
93481
93484
93496
93496
93506
93506
93509
93518
93520
93523
93525
93529
93534
93536
93561
93561
93577
93582
93607
93608
93610
93612
93614
93616
93631
93639
93641
93643
93662
93672
93676
93682
93693
93693
93695
93704
93718
93719
93726
93748
93749
93760
93763
93791
93802
93816
93828
93834
93835
93838
93843
93844
93847
93849
93853
93860
93866
93869
93878
93886
93890
93893
93897
93901
93905
93906
93908
93923
93941
93941
93944
93945
93959
93983
93993
93993
93998
94007
94011
94021
94027
94041
94055
94060
94063
94069
94073
94083
94091
94095
94098
94099
94115
94120
94130
94139
94152
94160
94197
94200
94217
94229
94234
94237
94239
94264
94276
94277
94285
94296
94301
94321
94327
94332
94343
94349
94358
94372
94375
94378
94382
94383
94385
94393
94416
94421
94431
94434
94449
94459
94464
94464
94474
94484
94499
94515
94529
94537
94546
94548
94553
94557
94557
94561
94570
94571
94575
94593
94593
94618
94628
94632
94634
94653
94665
94668
94671
94676
94680
94683
94685
94698
94727
94730
94740
94748
94749
94758
94766
94773
94791
94793
94800
94814
94829
94842
94857
94862
94864
94876
94889
94890
94896
94900
94902
94916
94916
94916
94919
94921
94930
94931
94960
94962
94966
94969
94990
94996
94998
95007
95017
95024
95056
95066
95071
95082
95089
95097
95099
95102
95105
95110
95115
95116
95120
95129
95134
95137
95142
95146
95146
95204
95215
95224
95246
95248
95255
95257
95258
95259
95265
95270
95303
95305
95307
95313
95314
95319
95332
95349
95350
95361
95372
95378
95381
95390
95393
95395
95407
95409
95415
95421
95425
95429
95438
95438
95438
95440
95447
95478
95494
95505
95505
95508
95522
95532
95541
95553
95558
95584
95588
95591
95594
95599
95630
95633
95645
95659
95671
95672
95689
95690
95696
95704
95712
95734
95735
95738
95758
95772
95783
95783
95792
95792
95795
95799
95819
95819
95845
95848
95849
95861
95862
95867
95880
95886
95906
95914
95921
95936
95955
95961
95961
95964
95968
95980
95983
95988
96008
96021
96022
96040
96041
96045
96047
96049
96059
96064
96070
96073
96075
96076
96091
96094
96100
96106
96106
96115
96130
96134
96138
96147
96159
96163
96164
96167
96170
96170
96171
96187
96188
96193
96194
96195
96203
96208
96217
96219
96231
96237
96238
96252
96253
96262
96274
96288
96295
96300
96304
96309
96310
96323
96330
96336
96340
96345
96357
96357
96361
96361
96364
96364
96370
96373
96383
96385
96388
96409
96409
96460
96466
96481
96484
96485
96493
96499
96539
96542
96553
96566
96572
96575
96579
96586
96593
96600
96604
96607
96619
96622
96625
96626
96644
96674
96691
96694
96694
96695
96701
96704
96712
96713
96713
96714
96715
96717
96721
96725
96726
96733
96737
96740
96745
96751
96776
96778
96785
96797
96806
96812
96821
96823
96833
96837
96841
96853
96877
96884
96922
96934
96934
96938
96942
96963
96967
96969
96974
96987
96993
96993
96999
96999
97001
97009
97027
97041
97044
97045
97047
97051
97061
97074
97082
97087
97093
97095
97096
97096
97097
97110
97139
97139
97139
97140
97156
97157
97175
97180
97181
97185
97199
97204
97218
97223
97228
97230
97232
97234
97234
97248
97249
97255
97257
97260
97270
97273
97277
97279
97284
97291
97293
97303
97314
97315
97323
97326
97327
97348
97354
97363
97370
97377
97379
97385
97391
97391
97392
97396
97405
97411
97413
97424
97432
97442
97445
97461
97464
97466
97468
97470
97477
97499
97501
97507
97508
97517
97529
97542
97567
97578
97588
97598
97611
97614
97619
97634
97635
97639
97649
97661
97664
97664
97675
97675
97685
97693
97709
97713
97722
97725
97736
97760
97765
97769
97771
97771
97773
97777
97781
97781
97801
97803
97807
97819
97841
97856
97856
97859
97904
97911
97916
97921
97941
97948
97949
97955
97969
97970
97972
97978
97981
97999
98000
98001
98008
98016
98016
98026
98027
98036
98041
98054
98055
98057
98057
98058
98065
98073
98074
98090
98091
98104
98106
98117
98126
98129
98137
98137
98141
98150
98160
98178
98186
98192
98192
98199
98201
98204
98204
98205
98218
98219
98226
98228
98236
98240
98247
98252
98277
98278
98278
98285
98294
98297
98302
98303
98303
98322
98327
98331
98332
98337
98346
98348
98354
98362
98366
98372
98387
98389
98391
98397
98409
98413
98416
98434
98439
98446
98449
98453
98460
98470
98484
98485
98487
98517
98525
98529
98532
98535
98551
98563
98574
98574
98585
98586
98590
98615
98618
98633
98651
98652
98661
98663
98666
98693
98705
98727
98730
98737
98746
98747
98758
98762
98775
98777
98784
98791
98805
98818
98821
98829
98838
98840
98842
98853
98858
98860
98861
98869
98876
98878
98890
98903
98904
98905
98908
98909
98910
98914
98917
98918
98923
98925
98926
98926
98946
98949
98958
98959
98969
98985
98993
98993
99005
99006
99016
99035
99042
99045
99051
99056
99056
99060
99070
99076
99080
99088
99089
99097
99099
99118
99118
99121
99124
99126
99136
99139
99142
99150
99164
99164
99171
99187
99194
99222
99223
99223
