1
13
13
18
31
33
48
52
58
65
74
79
111
118
119
128
128
145
155
167
178
234
240
246
257
265
282
284
301
321
321
322
329
334
365
370
379
395
399
403
411
416
431
440
455
477
477
479
506
509
515
527
544
549
559
571
578
597
604
606
609
612
613
616
624
625
628
631
639
642
652
658
659
684
701
717
750
755
757
757
761
770
779
797
799
802
803
805
806
819
830
835
846
867
910
910
922
923
943
953
974
977
982
998
998
1001
1012
1047
1048
1061
1077
1079
1079
1080
1091
1103
1112
1127
1132
1145
1146
1160
1163
1163
1165
1192
1203
1206
1220
1231
1243
1247
1248
1257
1272
1273
1280
1294
1303
1318
1334
1336
1341
1347
1368
1370
1374
1386
1388
1389
1395
1398
1398
1401
1405
1409
1420
1422
1433
1442
1446
1462
1463
1486
1493
1496
1500
1522
1535
1547
1562
1562
1564
1566
1574
1575
1577
1599
1600
1604
1610
1622
1624
1625
1631
1633
1637
1651
1664
1685
1690
1703
1704
1707
1709
1717
1719
1720
1726
1751
1773
1788
1791
1800
1800
1801
1805
1806
1823
1826
1830
1831
1833
1842
1844
1876
1889
1891
1894
1905
1969
1974
1979
1979
1984
1988
1997
2000
2014
2023
2023
2025
2042
2049
2058
2058
2064
2068
2069
2078
2078
2079
2095
2121
2121
2128
2138
2149
2156
2160
2169
2177
2177
2188
2200
2213
2217
2217
2218
2227
2234
2247
2265
2271
2292
2294
2300
2304
2307
2316
2346
2352
2360
2360
2372
2378
2381
2383
2396
2399
2410
2426
2431
2442
2445
2463
2472
2473
2478
2482
2484
2488
2499
2503
2508
2513
2515
2519
2523
2524
2528
2537
2549
2552
2553
2559
2565
2580
2585
2586
2590
2598
2601
2602
2603
2606
2620
2624
2642
2645
2651
2657
2667
2676
2677
2677
2695
2698
2699
2704
2710
2730
2745
2746
2746
2748
2763
2779
2793
2797
2800
2802
2802
2806
2823
2830
2832
2835
2841
2850
2855
2856
2858
2865
2873
2880
2897
2899
2905
2912
2921
2927
2931
2936
2959
2959
2960
2961
2967
2971
2977
2983
2985
2998
3001
3004
3031
3044
3056
3056
3072
3074
3092
3096
3102
3104
3106
3106
3125
3127
3134
3134
3141
3146
3148
3151
3155
3170
3175
3175
3193
3208
3225
3231
3239
3247
3249
3253
3256
3268
3273
3288
3289
3299
3305
3319
3331
3334
3349
3356
3362
3363
3373
3374
3412
3417
3418
3422
3424
3430
3435
3450
3455
3461
3463
3474
3478
3486
3489
3494
3507
3515
3521
3521
3531
3543
3562
3567
3568
3582
3591
3608
3621
3625
3643
3646
3653
3667
3683
3684
3690
3692
3700
3709
3718
3722
3736
3738
3739
3745
3762
3764
3767
3774
3785
3791
3822
3822
3825
3832
3834
3839
3851
3852
3853
3853
3855
3861
3877
3883
3889
3894
3896
3905
3917
3917
3918
3939
3951
3952
3952
3953
3958
3966
3967
3970
3972
3978
3978
3989
3991
4009
4014
4014
4014
4017
4020
4029
4044
4058
4080
4083
4098
4105
4107
4109
4114
4116
4120
4124
4137
4138
4141
4150
4167
4174
4195
4197
4203
4214
4215
4218
4259
4265
4268
4282
4301
4301
4303
4307
4310
4310
4351
4351
4355
4360
4365
4378
4379
4395
4403
4406
4410
4437
4493
4524
4527
4544
4549
4558
4563
4565
4579
4584
4599
4624
4660
4700
4728
4731
4744
4750
4756
4794
4803
4804
4808
4810
4815
4819
4826
4832
4835
4842
4852
4857
4857
4862
4881
4886
4887
4896
4912
4920
4927
4932
4943
4967
4972
4973
4981
4987
5000
5012
5015
5018
5021
5022
5027
5028
5067
5071
5086
5097
5100
5118
5121
5123
5124
5125
5134
5139
5141
5162
5163
5167
5174
5186
5188
5191
5192
5199
5219
5255
5256
5257
5258
5260
5263
5270
5275
5277
5278
5278
5299
5307
5310
5319
5328
5366
5395
5402
5411
5411
5412
5418
5419
5427
5429
5440
5445
5449
5454
5466
5473
5486
5489
5490
5499
5501
5502
5504
5534
5535
5542
5550
5567
5576
5590
5591
5601
5630
5649
5662
5664
5664
5667
5668
5669
5676
5677
5686
5698
5714
5715
5718
5730
5732
5739
5743
5745
5748
5751
5752
5757
5767
5775
5776
5783
5788
5790
5792
5802
5809
5811
5824
5825
5832
5850
5862
5869
5895
5905
5908
5912
5915
5925
5926
5928
5934
5942
5952
5964
5978
5990
5992
6018
6023
6026
6048
6086
6087
6094
6118
6119
6135
6140
6159
6165
6168
6169
6170
6180
6183
6214
6227
6230
6232
6238
6242
6246
6247
6251
6260
6261
6280
6281
6288
6289
6301
6306
6306
6310
6310
6312
6313
6323
6328
6336
6363
6365
6386
6401
6423
6428
6447
6463
6463
6480
6487
6494
6498
6516
6532
6556
6572
6579
6582
6587
6594
6600
6601
6601
6605
6605
6606
6614
6617
6628
6629
6632
6667
6669
6673
6676
6678
6685
6689
6691
6699
6707
6707
6710
6720
6721
6723
6723
6727
6730
6738
6759
6761
6770
6774
6777
6778
6787
6795
6799
6800
6802
6807
6827
6828
6832
6838
6841
6851
6857
6862
6863
6866
6867
6887
6894
6895
6909
6914
6914
6919
6921
6925
6943
6949
6950
6951
6959
6965
6970
7006
7006
7030
7045
7049
7065
7068
7070
7072
7079
7082
7106
7106
7112
7114
7116
7122
7140
7146
7165
7167
7171
7191
7207
7216
7221
7226
7232
7237
7238
7245
7256
7265
7270
7277
7277
7279
7292
7296
7315
7317
7321
7325
7328
7334
7338
7340
7343
7343
7349
7357
7362
7364
7374
7389
7399
7399
7401
7406
7407
7413
7417
7421
7435
7444
7450
7482
7487
7492
7512
7514
7522
7523
7531
7535
7542
7544
7544
7551
7557
7558
7567
7590
7595
7595
7598
7617
7622
7623
7637
7637
7643
7658
7684
7686
7728
7732
7735
7738
7757
7757
7764
7793
7796
7799
7802
7806
7810
7820
7862
7869
7874
7875
7893
7895
7907
7916
7923
7923
7927
7938
7938
7951
7974
7983
7989
7993
7998
8003
8013
8028
8032
8032
8035
8043
8044
8046
8051
8057
8066
8090
8096
8112
8114
8118
8119
8136
8138
8138
8151
8163
8163
8170
8181
8184
8190
8204
8207
8207
8216
8216
8244
8249
8250
8253
8257
8265
8266
8272
8273
8279
8313
8315
8363
8375
8397
8417
8419
8434
8434
8459
8462
8466
8467
8469
8496
8506
8541
8559
8562
8563
8566
8579
8582
8586
8609
8642
8644
8647
8659
8665
8666
8669
8685
8689
8692
8692
8694
8696
8696
8713
8719
8719
8720
8723
8727
8737
8738
8768
8772
8803
8817
8820
8823
8834
8844
8847
8850
8857
8858
8884
8893
8900
8901
8902
8911
8928
8930
8931
8953
8975
8977
8977
8980
8991
8992
9000
9003
9005
9008
9010
9011
9013
9019
9045
9048
9049
9065
9092
9093
9111
9118
9134
9136
9138
9142
9142
9144
9153
9166
9167
9172
9177
9183
9190
9193
9203
9204
9220
9224
9243
9244
9245
9254
9266
9278
9285
9288
9290
9297
9309
9320
9335
9351
9353
9357
9367
9368
9373
9381
9405
9420
9445
9450
9453
9455
9462
9471
9485
9498
9517
9528
9529
9550
9560
9571
9596
9596
9598
9625
9630
9630
9637
9649
9664
9664
9680
9681
9682
9683
9687
9691
9705
9712
9716
9726
9728
9731
9732
9739
9741
9741
9757
9762
9777
9785
9790
9792
9820
9821
9832
9833
9835
9839
9849
9851
9854
9863
9869
9880
9896
9899
9901
9911
9913
9918
9932
9941
9948
9955
9963
9971
9985
9988
9994
9998
10004
10006
10024
10046
10054
10054
10069
10103
10104
10112
10119
10122
10130
10143
10146
10146
10147
10150
10153
10172
10175
10175
10183
10192
10192
10219
10221
10222
10231
10232
10240
10241
10250
10255
10261
10262
10264
10274
10285
10288
10288
10288
10289
10290
10320
10328
10338
10338
10353
10369
10371
10380
10398
10409
10413
10415
10416
10422
10424
10447
10459
10459
10461
10465
10486
10487
10489
10495
10497
10498
10516
10520
10525
10535
10537
10538
10539
10543
10565
10567
10591
10598
10601
10619
10628
10632
10645
10657
10664
10688
10689
10692
10692
10696
10701
10702
10702
10703
10704
10705
10709
10710
10711
10712
10722
10722
10734
10753
10764
10791
10792
10796
10799
10807
10816
10846
10876
10877
10878
10881
10889
10899
10927
10951
10954
10968
10970
10975
10981
10989
11010
11015
11034
11043
11043
11055
11057
11059
11060
11064
11090
11099
11101
11107
11112
11125
11135
11146
11168
11174
11175
11177
11206
11209
11211
11240
11244
11254
11269
11288
11288
11295
11296
11307
11309
11329
11336
11356
11358
11372
11376
11388
11405
11412
11421
11426
11431
11437
11440
11442
11452
11453
11466
11467
11468
11480
11485
11502
11509
11513
11516
11524
11525
11526
11526
11526
11534
11539
11555
11568
11572
11575
11581
11594
11606
11639
11640
11655
11662
11694
11697
11709
11736
11738
11749
11750
11751
11752
11753
11756
11768
11776
11779
11782
11785
11805
11815
11825
11829
11830
11843
11849
11849
11852
11863
11870
11871
11877
11878
11881
11890
11901
11901
11902
11904
11922
11922
11939
11956
11960
11961
11962
11963
11963
11965
11966
11973
11973
11974
11993
11994
12002
12004
12006
12019
12025
12032
12032
12036
12040
12048
12053
12078
12081
12098
12115
12116
12129
12133
12159
12161
12167
12170
12183
12185
12203
12237
12242
12249
12256
12258
12262
12266
12273
12273
12277
12285
12303
12304
12323
12328
12334
12340
12345
12374
12384
12408
12417
12425
12426
12430
12435
12437
12443
12451
12456
12460
12460
12464
12467
12478
12478
12483
12502
12505
12509
12520
12526
12527
12527
12529
12542
12545
12548
12555
12558
12563
12581
12597
12599
12608
12609
12612
12617
12622
12634
12635
12650
12660
12674
12684
12685
12687
12695
12701
12710
12717
12718
12725
12735
12737
12738
12740
12750
12752
12761
12764
12767
12768
12781
12786
12788
12791
12791
12792
12806
12810
12811
12812
12814
12817
12821
12825
12835
12861
12868
12870
12884
12902
12911
12913
12916
12916
12921
12925
12926
12930
12936
12943
12952
12954
12955
12968
12976
12978
12997
13003
13036
13036
13039
13043
13047
13053
13057
13076
13076
13079
13083
13084
13091
13099
13100
13110
13119
13119
13126
13127
13132
13136
13137
13139
13142
13144
13146
13162
13164
13167
13169
13178
13179
13211
13227
13243
13255
13256
13260
13264
13267
13272
13275
13276
13290
13291
13302
13312
13332
13360
13364
13384
13406
13411
13432
13432
13437
13450
13451
13454
13469
13470
13475
13479
13489
13497
13504
13513
13516
13518
13518
13523
13525
13532
13538
13540
13555
13575
13580
13595
13596
13596
13607
13643
13648
13651
13658
13660
13668
13671
13671
13674
13682
13694
13699
13700
13719
13725
13732
13735
13738
13754
13755
13760
13770
13775
13780
13781
13782
13785
13790
13790
13809
13813
13826
13832
13834
13839
13861
13866
13868
13870
13888
13889
13892
13892
13897
13901
13901
13911
13914
13916
13923
13923
13934
13939
13943
13965
13975
13982
13992
14012
14015
14033
14037
14050
14053
14054
14056
14064
14068
14080
14093
14097
14099
14108
14110
14117
14138
14138
14146
14154
14176
14181
14193
14218
14227
14229
14260
14261
14288
14294
14298
14298
14306
14308
14318
14320
14322
14324
14326
14326
14332
14348
14350
14371
14372
14380
14385
14387
14390
14397
14397
14403
14415
14418
14418
14421
14441
14442
14446
14469
14476
14483
14485
14490
14502
14509
14512
14520
14524
14524
14533
14543
14564
14566
14579
14584
14595
14598
14606
14618
14627
14636
14646
14648
14656
14662
14667
14670
14675
14679
14692
14693
14703
14711
14714
14720
14721
14721
14734
14734
14735
14738
14741
14750
14757
14766
14772
14786
14794
14794
14797
14798
14803
14819
14823
14836
14840
14846
14851
14855
14861
14867
14871
14875
14885
14890
14891
14894
14897
14899
14900
14903
14905
14907
14909
14910
14912
14923
14957
14959
14966
14968
14974
14984
14987
15009
15015
15037
15038
15046
15050
15054
15061
15077
15085
15091
15099
15100
15114
15117
15118
15128
15129
15130
15136
15145
15161
15166
15185
15194
15214
15215
15225
15239
15240
15260
15282
15286
15287
15294
15309
15311
15318
15324
15339
15340
15342
15346
15349
15352
15356
15372
15374
15396
15408
15412
15417
15419
15427
15434
15437
15438
15472
15480
15488
15492
15509
15521
15535
15536
15543
15550
15550
15550
15575
15595
15614
15623
15629
15637
15638
15643
15645
15650
15655
15681
15685
15686
15697
15711
15714
15719
15723
15729
15736
15744
15747
15747
15751
15752
15756
15767
15771
15772
15783
15784
15784
15785
15786
15789
15794
15805
15825
15835
15836
15853
15855
15857
15859
15864
15871
15878
15886
15893
15893
15894
15904
15926
15946
15955
15956
15961
15992
16003
16006
16032
16035
16038
16047
16054
16065
16068
16072
16077
16078
16084
16085
16098
16104
16109
16117
16119
16134
16144
16144
16151
16171
16176
16184
16196
16198
16204
16212
16223
16230
16234
16237
16239
16247
16247
16251
16260
16265
16267
16271
16274
16280
16289
16293
16306
16324
16326
16331
16333
16339
16343
16349
16352
16362
16363
16365
16369
16369
16375
16375
16397
16398
16410
16420
16425
16426
16426
16431
16448
16452
16454
16458
16462
16463
16464
16465
16465
16475
16483
16485
16486
16493
16493
16522
16543
16550
16555
16566
16573
16577
16593
16594
16598
16599
16601
16601
16606
16607
16610
16612
16613
16625
16649
16651
16671
16676
16681
16690
16692
16698
16699
16702
16703
16716
16719
16728
16729
16742
16760
16805
16812
16814
16816
16842
16846
16857
16857
16870
16871
16871
16877
16882
16899
16918
16931
16934
16935
16941
16943
16951
16952
16955
16956
16965
16972
16993
16995
17040
17040
17043
17048
17056
17081
17095
17108
17116
17128
17130
17159
17163
17178
17190
17193
17198
17198
17200
17205
17211
17217
17220
17224
17224
17235
17237
17249
17255
17259
17294
17313
17318
17326
17331
17336
17343
17343
17355
17379
17383
17386
17398
17402
17402
17406
17417
17425
17428
17430
17438
17443
17464
17473
17485
17493
17499
17512
17514
17518
17530
17534
17536
17564
17564
17567
17589
17602
17609
17609
17610
17613
17614
17618
17619
17622
17622
17645
17648
17648
17651
17659
17659
17668
17670
17682
17684
17685
17692
17695
17698
17703
17704
17704
17715
17715
17720
17743
17749
17751
17752
17757
17759
17771
17787
17802
17811
17837
17847
17857
17869
17872
17877
17886
17888
17890
17892
17896
17897
17907
17910
17911
17925
17928
17940
17945
17949
17949
17952
17957
17966
17976
17990
17991
18001
18020
18022
18026
18027
18028
18037
18038
18044
18049
18052
18055
18075
18092
18107
18114
18120
18121
18130
18131
18131
18156
18161
18163
18166
18178
18187
18190
18195
18212
18213
18216
18225
18237
18242
18251
18271
18271
18273
18288
18289
18290
18295
18304
18304
18310
18317
18317
18322
18329
18338
18352
18353
18367
18372
18399
18401
18411
18411
18412
18448
18449
18452
18460
18462
18468
18475
18477
18499
18506
18512
18517
18521
18528
18528
18533
18535
18541
18545
18556
18567
18579
18583
18591
18591
18626
18626
18638
18650
18656
18657
18658
18659
18675
18675
18682
18713
18715
18732
18738
18738
18743
18746
18747
18748
18751
18755
18756
18760
18762
18793
18804
18817
18817
18818
18819
18826
18832
18843
18850
18857
18862
18862
18872
18880
18883
18894
18899
18911
18915
18939
18949
18976
18976
18979
19010
19017
19018
19018
19052
19076
19077
19116
19141
19141
19162
19166
19166
19168
19171
19186
19190
19225
19234
19281
19294
19313
19314
19340
19352
19375
19376
19391
19399
19410
19412
19417
19419
19419
19423
19447
19451
19454
19455
19455
19456
19480
19496
19498
19515
19525
19532
19535
19536
19541
19551
19567
19576
19583
19601
19603
19613
19616
19624
19633
19635
19646
19648
19655
19656
19663
19665
19666
19674
19679
19683
19684
19687
19698
19702
19704
19705
19706
19712
19721
19726
19751
19770
19785
19789
19795
19798
19809
19816
19824
19824
19833
19836
19839
19845
19857
19862
19863
19863
19872
19874
19883
19885
19885
19890
19899
19902
19906
19914
19921
19922
19929
19930
19931
19932
19949
19959
19973
19977
19978
19988
20003
20004
20019
20020
20020
20021
20022
20035
20037
20038
20064
20066
20071
20072
20073
20092
20094
20102
20113
20122
20128
20160
20171
20173
20189
20196
20201
20203
20209
20220
20234
20239
20242
20242
20242
20251
20253
20263
20265
20268
20273
20277
20285
20293
20296
20298
20301
20307
20310
20312
20353
20356
20366
20369
20383
20395
20402
20402
20404
20413
20416
20417
20420
20429
20440
20450
20452
20452
20463
20467
20472
20474
20475
20478
20482
20483
20492
20515
20523
20558
20563
20570
20571
20589
20599
20610
20624
20628
20644
20650
20658
20662
20666
20674
20712
20713
20713
20735
20736
20744
20744
20746
20755
20756
20756
20761
20764
20764
20799
20831
20842
20846
20847
20859
20862
20868
20874
20876
20884
20898
20901
20916
20937
20965
20966
20976
20978
20987
20997
20997
21000
21003
21007
21041
21051
21064
21070
21074
21101
21102
21118
21126
21131
21134
21137
21144
21147
21150
21160
21192
21196
21206
21220
21238
21241
21242
21254
21259
21268
21270
21274
21275
21278
21284
21296
21302
21306
21323
21324
21326
21333
21338
21339
21341
21370
21371
21377
21387
21389
21390
21405
21409
21428
21435
21441
21465
21478
21479
21493
21495
21510
21510
21560
21564
21575
21590
21591
21593
21617
21621
21621
21623
21642
21646
21649
21662
21676
21686
21692
21695
21697
21704
21719
21727
21734
21751
21751
21755
21760
21763
21771
21778
21786
21789
21792
21807
21810
21814
21819
21832
21838
21848
21858
21884
21894
21902
21904
21909
21935
21941
21961
21966
21967
21987
22008
22011
22020
22021
22027
22027
22032
22033
22045
22050
22075
22101
22111
22114
22121
22134
22140
22147
22150
22151
22165
22182
22210
22219
22223
22227
22231
22237
22252
22270
22292
22294
22305
22311
22313
22321
22332
22342
22345
22351
22356
22374
22391
22407
22411
22425
22427
22433
22438
22452
22460
22461
22463
22463
22470
22472
22481
22482
22484
22498
22500
22505
22507
22511
22544
22556
22563
22565
22570
22587
22602
22606
22607
22621
22625
22627
22628
22628
22655
22659
22664
22682
22697
22697
22701
22703
22709
22731
22733
22745
22749
22758
22758
22774
22775
22780
22808
22808
22809
22816
22830
22839
22854
22857
22858
22866
22867
22867
22869
22872
22880
22895
22903
22904
22916
22917
22917
22941
22944
22949
22964
22965
22969
22987
22993
22993
23001
23001
23013
23017
23041
23055
23056
23075
23084
23087
23091
23095
23098
23099
23112
23114
23116
23117
23120
23131
23132
23132
23139
23146
23150
23157
23165
23174
23186
23189
23197
23206
23210
23216
23224
23227
23229
23233
23256
23257
23257
23262
23262
23276
23300
23302
23302
23302
23303
23304
23313
23318
23333
23337
23339
23340
23344
23350
23350
23352
23360
23360
23372
23381
23387
23390
23424
23435
23444
23444
23448
23476
23480
23490
23497
23507
23510
23517
23518
23520
23524
23532
23565
23569
23573
23577
23593
23596
23610
23642
23651
23655
23714
23718
23718
23723
23733
23741
23745
23746
23748
23753
23756
23770
23773
23783
23784
23789
23814
23828
23837
23842
23846
23854
23860
23868
23873
23874
23874
23874
23874
23876
23883
23893
23901
23902
23916
23928
23931
23933
23939
23953
23955
23965
23978
23985
24012
24016
24017
24024
24028
24046
24053
24057
24066
24078
24095
24108
24109
24125
24129
24134
24134
24135
24142
24143
24153
24161
24167
24167
24176
24181
24185
24186
24210
24217
24218
24227
24230
24237
24248
24252
24257
24263
24266
24279
24282
24288
24292
24311
24321
24322
24326
24326
24328
24331
24335
24344
24345
24346
24350
24365
24367
24372
24372
24372
24381
24387
24387
24390
24394
24396
24397
24403
24403
24413
24440
24445
24447
24451
24453
24455
24460
24461
24462
24478
24479
24522
24530
24536
24547
24549
24552
24553
24586
24593
24596
24607
24642
24645
24650
24650
24659
24696
24710
24715
24721
24724
24724
24742
24747
24766
24777
24791
24799
24806
24825
24826
24828
24839
24864
24865
24872
24875
24880
24883
24899
24901
24929
24931
24944
24944
24949
24955
24963
24974
24976
24977
24979
24984
24990
24996
24998
25000
25000
25000
25000
25007
25019
25029
25032
25034
25053
25097
25107
25109
25110
25116
25125
25128
25149
25161
25169
25173
25186
25193
25194
25195
25206
25207
25220
25240
25246
25251
25280
25289
25289
25314
25325
25344
25350
25358
25358
25362
25370
25375
25383
25387
25402
25403
25411
25419
25425
25430
25434
25455
25458
25459
25468
25472
25476
25481
25485
25490
25496
25500
25508
25515
25528
25530
25534
25571
25571
25589
25591
25592
25592
25598
25601
25618
25628
25631
25632
25641
25645
25659
25680
25682
25686
25723
25733
25735
25748
25749
25753
25756
25760
25784
25796
25796
25813
25821
25832
25846
25846
25853
25857
25861
25873
25874
25876
25886
25902
25907
25909
25912
25917
25919
25919
25928
25938
25946
25953
25956
25963
25965
25982
26026
26028
26031
26037
26038
26058
26082
26083
26091
26094
26095
26099
26104
26114
26123
26124
26125
26140
26142
26146
26150
26154
26155
26171
26184
26206
26209
26222
26225
26227
26231
26232
26234
26234
26235
26235
26237
26245
26248
26249
26254
26257
26261
26285
26288
26291
26291
26299
26299
26309
26312
26324
26334
26340
26341
26355
26371
26371
26381
26382
26387
26394
26395
26423
26434
26435
26454
26473
26476
26484
26485
26514
26523
26544
26563
26578
26583
26585
26591
26598
26603
26616
26623
26630
26632
26644
26646
26669
26691
26702
26716
26720
26728
26729
26731
26764
26771
26789
26801
26804
26805
26807
26815
26820
26820
26838
26839
26841
26844
26845
26846
26881
26882
26883
26890
26890
26894
26896
26896
26924
26934
26954
26955
26957
26962
26982
26989
27001
27009
27014
27021
27026
27029
27033
27048
27050
27097
27103
27113
27116
27136
27138
27149
27149
27153
27157
27159
27165
27174
27180
27181
27195
27199
27200
27207
27212
27225
27257
27258
27273
27288
27290
27290
27298
27299
27301
27304
27307
27312
27318
27322
27335
27356
27376
27385
27386
27389
27394
27397
27398
27401
27401
27402
27403
27403
27445
27450
27466
27484
27489
27505
27514
27521
27524
27536
27548
27557
27558
27559
27563
27564
27568
27579
27592
27598
27602
27625
27626
27632
27646
27652
27655
27663
27664
27666
27673
27678
27693
27693
27709
27715
27717
27717
27718
27722
27723
27723
27733
27749
27757
27758
27777
27791
27792
27797
27799
27800
27800
27801
27812
27813
27814
27823
27824
27834
27836
27839
27841
27841
27844
27848
27850
27864
27882
27891
27900
27900
27904
27928
27940
27941
27945
27946
27950
27956
27969
27979
27998
28007
28014
28015
28018
28024
28026
28034
28034
28048
28072
28078
28079
28086
28092
28098
28105
28121
28126
28128
28129
28134
28139
28140
28141
28150
28152
28153
28160
28164
28167
28177
28177
28181
28190
28191
28195
28207
28208
28215
28225
28234
28242
28251
28251
28256
28258
28262
28263
28275
28276
28312
28312
28316
28317
28334
28355
28360
28363
28363
28365
28365
28401
28405
28406
28413
28418
28424
28427
28444
28464
28477
28483
28492
28494
28506
28517
28531
28533
28537
28539
28543
28556
28557
28557
28562
28566
28568
28591
28606
28609
28613
28615
28624
28631
28651
28663
28687
28694
28702
28713
28725
28729
28739
28740
28759
28768
28773
28774
28785
28789
28797
28806
28810
28811
28817
28823
28824
28825
28827
28836
28840
28851
28917
28921
28924
28929
28930
28947
28960
28983
29004
29018
29026
29031
29037
29040
29041
29051
29051
29056
29057
29063
29068
29071
29094
29099
29101
29109
29112
29119
29123
29132
29132
29134
29135
29143
29150
29168
29170
29173
29181
29186
29220
29221
29223
29226
29231
29231
29232
29239
29242
29242
29243
29253
29259
29259
29267
29269
29271
29273
29277
29296
29304
29308
29313
29327
29328
29329
29337
29346
29358
29364
29370
29376
29377
29379
29414
29432
29446
29449
29451
29468
29500
29504
29505
29508
29511
29522
29525
29531
29536
29541
29568
29575
29594
29600
29602
29603
29603
29620
29631
29634
29643
29666
29681
29683
29688
29716
29718
29719
29720
29739
29741
29749
29753
29765
29771
29773
29779
29782
29801
29801
29812
29816
29818
29820
29821
29838
29867
29872
29879
29891
29906
29909
29949
29950
29953
29958
29963
29967
29992
29995
30001
30017
30031
30035
30040
30041
30050
30057
30070
30092
30096
30101
30110
30111
30113
30120
30122
30127
30140
30144
30148
30148
30149
30156
30165
30169
30174
30184
30194
30195
30202
30205
30211
30214
30217
30223
30254
30271
30278
30282
30284
30287
30290
30291
30313
30314
30315
30317
30320
30333
30335
30339
30367
30376
30454
30457
30463
30464
30469
30471
30486
30487
30496
30505
30507
30512
30517
30522
30522
30554
30560
30561
30564
30570
30575
30595
30615
30623
30631
30636
30636
30637
30645
30647
30649
30650
30650
30651
30671
30673
30679
30709
30711
30714
30732
30740
30768
30770
30784
30797
30802
30807
30815
30816
30820
30835
30836
30844
30873
30881
30884
30887
30898
30906
30908
30910
30921
30931
30942
30962
30965
30968
30972
30974
30983
30993
30997
31005
31006
31015
31016
31022
31022
31025
31027
31027
31050
31050
31056
31067
31077
31100
31123
31128
31140
31146
31149
31181
31183
31187
31191
31196
31200
31201
31217
31222
31223
31228
31247
31248
31269
31275
31289
31290
31298
31299
31322
31323
31332
31342
31350
31352
31358
31364
31364
31367
31369
31372
31378
31390
31406
31451
31453
31457
31461
31464
31465
31466
31467
31472
31482
31487
31488
31492
31502
31509
31510
31513
31515
31515
31529
31533
31537
31544
31545
31550
31560
31571
31576
31595
31597
31603
31606
31610
31616
31617
31623
31639
31640
31642
31648
31650
31662
31675
31686
31695
31702
31709
31718
31722
31726
31734
31740
31760
31785
31790
31791
31798
31799
31800
31802
31807
31810
31813
31814
31814
31827
31838
31844
31848
31850
31856
31866
31875
31907
31910
31921
31923
31928
31932
31937
31947
31951
31967
31983
31986
31987
31989
31991
32001
32004
32024
32028
32029
32038
32042
32045
32052
32071
32075
32082
32102
32117
32120
32127
32128
32128
32145
32149
32153
32164
32176
32188
32192
32197
32199
32212
32215
32216
32249
32254
32288
32295
32319
32323
32345
32345
32374
32377
32383
32398
32401
32402
32412
32414
32416
32454
32458
32469
32470
32474
32476
32483
32486
32486
32492
32503
32510
32511
32519
32525
32525
32535
32547
32567
32567
32570
32572
32588
32589
32600
32600
32625
32632
32632
32633
32673
32673
32674
32686
32713
32727
32737
32737
32738
32744
32748
32753
32758
32773
32777
32787
32789
32792
32792
32814
32815
32818
32820
32832
32856
32856
32862
32863
32873
32876
32877
32902
32917
32920
32925
32932
32936
32937
32937
32939
32948
32966
32969
32979
32983
32984
32985
32987
32992
33001
33012
33022
33027
33030
33074
33079
33080
33095
33097
33098
33102
33104
33111
33124
33126
33139
33144
33152
33154
33168
33178
33192
33195
33197
33200
33205
33215
33224
33224
33227
33270
33272
33275
33277
33277
33285
33311
33312
33318
33320
33330
33345
33347
33349
33371
33374
33383
33385
33391
33400
33413
33415
33417
33424
33426
33430
33434
33435
33446
33449
33453
33457
33462
33466
33475
33476
33484
33485
33497
33506
33506
33509
33516
33520
33520
33545
33555
33559
33562
33590
33601
33604
33625
33630
33630
33636
33644
33644
33651
33661
33671
33673
33684
33713
33713
33715
33723
33725
33735
33745
33755
33773
33778
33786
33791
33792
33794
33798
33801
33809
33810
33822
33827
33833
33842
33860
33883
33900
33901
33916
33924
33925
33926
33929
33937
33941
33949
33955
33961
34001
34010
34019
34025
34048
34049
34055
34065
34065
34078
34079
34082
34088
34101
34112
34113
34113
34117
34119
34127
34133
34135
34141
34195
34199
34203
34210
34215
34216
34220
34220
34226
34237
34265
34268
34277
34282
34292
34300
34309
34323
34328
34335
34337
34339
34340
34357
34357
34367
34368
34377
34378
34401
34423
34449
34451
34454
34463
34466
34478
34483
34488
34490
34494
34501
34503
34510
34514
34517
34519
34521
34532
34534
34548
34551
34555
34556
34558
34559
34573
34579
34582
34587
34611
34619
34632
34641
34642
34652
34655
34681
34688
34699
34706
34728
34731
34748
34751
34758
34762
34775
34780
34795
34795
34799
34814
34821
34821
34834
34848
34851
34859
34869
34880
34888
34892
34909
34932
34932
34963
34964
34974
34977
34978
34985
34987
34990
34990
34993
34996
35000
35001
35003
35012
35014
35020
35021
35022
35034
35036
35043
35047
35048
35055
35071
35090
35091
35092
35095
35098
35098
35100
35103
35118
35119
35122
35123
35130
35144
35154
35158
35160
35161
35162
35164
35168
35169
35203
35213
35217
35221
35228
35235
35244
35262
35262
35265
35272
35273
35275
35277
35313
35325
35328
35347
35349
35380
35385
35392
35402
35442
35446
35457
35462
35485
35490
35503
35512
35513
35516
35526
35529
35530
35534
35537
35568
35572
35582
35594
35607
35616
35629
35642
35660
35669
35673
35698
35737
35744
35751
35753
35766
35772
35774
35778
35785
35785
35790
35792
35806
35808
35833
35850
35851
35859
35862
35865
35869
35884
35886
35888
35892
35892
35895
35899
35933
35941
35941
35946
35957
35979
35979
35985
35985
35986
35987
35988
35990
35993
35994
35994
35994
36013
36013
36014
36025
36030
36033
36040
36050
36069
36080
36083
36083
36087
36095
36096
36101
36111
36133
36140
36148
36150
36156
36159
36165
36168
36171
36185
36187
36210
36213
36215
36244
36245
36251
36256
36257
36281
36307
36308
36322
36324
36324
36333
36340
36356
36377
36377
36385
36391
36402
36407
36410
36418
36427
36430
36437
36437
36444
36447
36454
36475
36477
36514
36518
36519
36522
36525
36526
36531
36532
36537
36538
36538
36549
36550
36550
36554
36585
36586
36599
36599
36613
36618
36619
36621
36628
36630
36639
36658
36660
36676
36680
36684
36684
36693
36698
36703
36710
36717
36717
36730
36734
36736
36737
36740
36745
36749
36751
36756
36760
36766
36779
36783
36786
36794
36807
36847
36855
36864
36882
36883
36885
36889
36894
36902
36905
36910
36914
36920
36933
36938
36956
36965
36968
36972
36974
36986
36988
36989
36996
37008
37009
37015
37015
37023
37024
37027
37046
37047
37048
37053
37069
37070
37075
37076
37080
37092
37096
37107
37116
37120
37128
37131
37134
37145
37147
37157
37158
37177
37185
37190
37203
37210
37226
37233
37236
37247
37254
37257
37259
37284
37288
37303
37312
37319
37319
37328
37332
37365
37368
37375
37385
37385
37386
37390
37392
37396
37399
37400
37410
37433
37442
37450
37465
37468
37473
37475
37476
37479
37481
37495
37527
37527
37528
37530
37534
37535
37544
37548
37550
37557
37561
37562
37570
37584
37595
37596
37596
37611
37614
37616
37630
37631
37642
37653
37667
37673
37676
37678
37680
37718
37735
37737
37737
37749
37764
37765
37776
37779
37784
37788
37793
37796
37806
37807
37808
37815
37818
37822
37831
37835
37842
37847
37863
37871
37872
37875
37884
37889
37910
37929
37930
37931
37949
37957
37957
37977
37998
37998
38017
38036
38036
38041
38043
38046
38055
38067
38067
38073
38077
38077
38080
38086
38107
38133
38141
38147
38157
38172
38189
38205
38206
38212
38216
38225
38246
38259
38266
38267
38271
38280
38292
38297
38302
38303
38309
38313
38340
38342
38343
38345
38351
38355
38358
38360
38363
38369
38378
38378
38379
38387
38395
38426
38427
38432
38440
38452
38456
38476
38485
38500
38515
38523
38532
38541
38542
38550
38566
38595
38603
38616
38625
38626
38639
38641
38643
38662
38669
38674
38683
38683
38692
38710
38716
38731
38734
38744
38747
38763
38803
38805
38816
38853
38859
38884
38895
38910
38910
38918
38919
38938
38950
38957
38960
38964
38972
38984
38987
39030
39045
39051
39051
39056
39056
39059
39070
39110
39112
39119
39130
39138
39149
39156
39159
39169
39178
39181
39186
39194
39194
39199
39204
39219
39258
39259
39275
39280
39289
39296
39296
39307
39312
39338
39368
39370
39371
39390
39390
39425
39432
39434
39434
39449
39452
39466
39474
39485
39497
39499
39502
39507
39513
39550
39553
39559
39599
39604
39609
39611
39619
39621
39623
39628
39634
39657
39659
39680
39690
39692
39705
39709
39712
39717
39738
39753
39760
39766
39766
39768
39774
39775
39779
39791
39807
39814
39835
39839
39842
39864
39866
39867
39869
39873
39877
39880
39884
39897
39898
39900
39900
39911
39914
39929
39931
39935
39938
39944
39953
39954
39957
39958
39971
39974
39975
39981
39987
39989
39990
39991
39996
40000
40020
40034
40040
40045
40049
40054
40054
40061
40069
40078
40084
40096
40109
40110
40110
40113
40119
40149
40149
40158
40165
40169
40175
40179
40204
40209
40225
40232
40234
40239
40251
40251
40256
40259
40266
40276
40280
40290
40293
40308
40312
40315
40317
40318
40319
40321
40329
40330
40331
40331
40366
40369
40371
40380
40381
40382
40405
40410
40412
40415
40419
40442
40455
40458
40460
40462
40467
40505
40510
40515
40534
40541
40553
40566
40568
40571
40574
40578
40609
40625
40628
40629
40635
40645
40647
40668
40670
40679
40697
40703
40703
40709
40727
40728
40732
40735
40738
40742
40745
40747
40749
40770
40779
40790
40793
40795
40796
40813
40835
40841
40842
40845
40857
40857
40862
40864
40872
40873
40879
40880
40890
40900
40902
40920
40925
40927
40932
40937
40938
40946
40950
40959
40962
40962
40988
40989
41023
41026
41032
41034
41038
41040
41043
41047
41054
41057
41066
41066
41067
41068
41069
41071
41072
41073
41079
41093
41107
41108
41123
41126
41138
41153
41175
41188
41190
41209
41219
41222
41223
41240
41243
41245
41247
41249
41262
41266
41271
41276
41290
41295
41299
41303
41317
41321
41332
41338
41348
41352
41357
41366
41372
41397
41402
41403
41405
41417
41425
41425
41425
41436
41439
41444
41446
41455
41457
41459
41471
41473
41476
41489
41492
41498
41504
41507
41514
41516
41517
41525
41530
41531
41531
41535
41565
41575
41584
41601
41607
41611
41614
41619
41636
41647
41658
41660
41666
41666
41680
41684
41692
41693
41695
41713
41717
41735
41736
41744
41746
41750
41751
41766
41781
41787
41791
41801
41808
41822
41836
41844
41847
41853
41857
41865
41869
41870
41871
41883
41885
41892
41894
41905
41905
41934
41948
42008
42014
42023
42039
42058
42067
42068
42081
42099
42117
42119
42125
42139
42162
42170
42174
42175
42178
42183
42189
42194
42195
42202
42203
42208
42209
42224
42232
42256
42258
42260
42270
42294
42296
42300
42304
42310
42320
42320
42324
42329
42330
42339
42343
42344
42347
42357
42360
42361
42363
42371
42374
42376
42377
42382
42386
42403
42404
42410
42413
42415
42421
42426
42428
42429
42432
42449
42460
42461
42465
42466
42491
42492
42492
42525
42533
42534
42544
42546
42550
42563
42565
42573
42573
42579
42585
42628
42631
42644
42645
42654
42662
42681
42683
42690
42696
42712
42715
42723
42729
42729
42739
42742
42750
42755
42757
42760
42781
42788
42793
42800
42816
42825
42825
42845
42862
42864
42867
42874
42876
42879
42891
42897
42911
42914
42928
42930
42941
42977
42991
42997
43003
43009
43014
43026
43032
43042
43047
43049
43057
43076
43081
43094
43103
43109
43118
43121
43151
43173
43175
43186
43202
43210
43232
43237
43246
43263
43273
43273
43274
43291
43291
43294
43317
43322
43342
43343
43374
43403
43407
43421
43423
43427
43439
43451
43451
43454
43460
43462
43468
43469
43481
43490
43494
43504
43513
43517
43517
43518
43520
43527
43529
43531
43535
43554
43559
43559
43597
43602
43609
43621
43633
43639
43642
43643
43649
43658
43669
43678
43678
43683
43691
43692
43696
43698
43708
43716
43731
43742
43743
43760
43765
43768
43772
43775
43786
43799
43799
43800
43808
43825
43831
43840
43840
43844
43852
43858
43867
43883
43905
43908
43922
43923
43936
43936
43939
43945
43953
43972
43990
43992
43995
43996
44001
44019
44022
44025
44031
44031
44039
44040
44080
44088
44099
44100
44100
44105
44109
44115
44115
44120
44129
44130
44134
44144
44172
44173
44184
44185
44203
44206
44228
44245
44247
44252
44254
44262
44267
44272
44284
44296
44317
44324
44342
44346
44348
44353
44356
44365
44366
44371
44392
44393
44400
44402
44407
44408
44411
44416
44423
44428
44438
44441
44444
44452
44461
44461
44500
44502
44514
44536
44536
44536
44537
44556
44560
44572
44590
44593
44599
44602
44603
44625
44626
44631
44648
44650
44668
44672
44681
44681
44685
44688
44702
44705
44720
44720
44722
44728
44729
44744
44751
44754
44757
44760
44775
44782
44783
44816
44817
44820
44838
44840
44840
44845
44855
44861
44881
44893
44907
44911
44919
44928
44934
44948
44951
44961
44962
44968
44969
44969
44979
44988
44988
45011
45023
45028
45034
45041
45042
45047
45050
45074
45083
45099
45099
45099
45105
45108
45127
45129
45129
45130
45130
45131
45143
45147
45157
45170
45175
45179
45180
45197
45201
45204
45220
45231
45232
45232
45261
45271
45275
45288
45290
45292
45298
45304
45307
45319
45326
45349
45352
45370
45374
45375
45375
45387
45389
45390
45422
45423
45423
45439
45443
45462
45478
45487
45495
45496
45498
45506
45514
45515
45516
45528
45546
45547
45577
45581
45588
45590
45598
45602
45616
45616
45617
45618
45618
45625
45631
45637
45641
45650
45651
45653
45654
45654
45656
45667
45671
45674
45680
45700
45705
45712
45723
45725
45734
45747
45767
45770
45774
45774
45784
45788
45792
45812
45819
45822
45836
45839
45839
45848
45850
45865
45869
45880
45880
45887
45890
45891
45899
45902
45906
45910
45928
45930
45932
45952
45960
45961
45975
45983
45987
45996
46016
46019
46038
46054
46059
46071
46085
46094
46120
46124
46127
46149
46161
46169
46180
46183
46187
46211
46226
46232
46236
46237
46238
46241
46257
46261
46264
46264
46265
46266
46266
46267
46270
46273
46280
46289
46294
46306
46309
46317
46318
46318
46322
46349
46355
46356
46361
46378
46380
46383
46391
46394
46402
46415
46417
46418
46425
46432
46433
46440
46466
46483
46485
46486
46494
46496
46496
46499
46502
46514
46520
46525
46530
46533
46541
46549
46584
46601
46612
46618
46628
46633
46645
46652
46664
46692
46705
46713
46713
46715
46727
46745
46759
46763
46772
46772
46776
46789
46809
46830
46830
46831
46852
46852
46861
46869
46873
46880
46881
46884
46888
46888
46913
46914
46919
46921
46946
46956
46960
46961
46967
46978
46982
46992
46995
47015
47029
47038
47047
47050
47051
47055
47064
47101
47109
47115
47115
47142
47155
47157
47158
47160
47165
47173
47173
47189
47197
47219
47235
47244
47245
47248
47249
47254
47256
47268
47276
47288
47289
47293
47305
47306
47312
47313
47317
47322
47348
47360
47367
47375
47384
47385
47388
47397
47424
47428
47428
47434
47435
47438
47440
47445
47449
47456
47477
47513
47519
47519
47536
47539
47546
47548
47556
47560
47572
47606
47609
47610
47615
47628
47643
47654
47675
47680
47684
47701
47702
47721
47733
47739
47746
47748
47752
47758
47762
47779
47790
47795
47801
47801
47830
47844
47848
47854
47855
47859
47869
47887
47890
47893
47913
47943
47952
47964
47980
47993
47993
48003
48008
48011
48042
48058
48073
48087
48097
48098
48098
48099
48114
48120
48122
48124
48126
48140
48148
48155
48155
48171
48178
48178
48180
48183
48184
48198
48202
48202
48208
48230
48234
48238
48243
48265
48270
48275
48291
48292
48292
48293
48301
48316
48361
48361
48363
48364
48372
48381
48418
48432
48441
48441
48445
48449
48454
48458
48458
48463
48470
48491
48492
48498
48511
48526
48532
48534
48547
48547
48551
48567
48594
48602
48602
48603
48613
48625
48631
48635
48635
48640
48646
48684
48692
48703
48706
48710
48714
48720
48720
48725
48732
48737
48738
48740
48740
48743
48769
48795
48795
48802
48806
48806
48824
48826
48838
48840
48841
48846
48847
48855
48864
48869
48877
48881
48894
48896
48897
48902
48906
48907
48914
48917
48927
48936
48939
48947
48952
48954
48962
48964
48990
49023
49029
49038
49068
49083
49089
49094
49098
49105
49136
49142
49171
49171
49172
49173
49188
49199
49200
49202
49205
49207
49210
49212
49259
49274
49284
49304
49312
49359
49360
49385
49388
49393
49396
49405
49430
49436
49442
49445
49446
49449
49451
49454
49458
49466
49483
49491
49494
49505
49525
49531
49555
49556
49560
49567
49568
49573
49578
49582
49584
49584
49585
49611
49635
49637
49638
49665
49669
49673
49674
49678
49683
49688
49706
49709
49719
49722
49735
49739
49754
49761
49769
49771
49774
49793
49800
49805
49818
49818
49860
49861
49866
49867
49870
49873
49874
49878
49882
49890
49893
49893
49893
49906
49948
49961
49964
49974
49979
49984
50001
50001
50008
50010
50021
50022
50031
50034
50055
50063
50065
50072
50087
50098
50111
50113
50116
50119
50133
50134
50137
50139
50154
50156
50156
50176
50178
50193
50197
50206
50209
50223
50235
50235
50243
50248
50257
50262
50270
50274
50275
50280
50283
50301
50311
50312
50313
50333
50338
50351
50359
50365
50379
50384
50385
50414
50431
50438
50440
50445
50450
50457
50462
50473
50474
50480
50480
50484
50487
50491
50500
50506
50509
50511
50516
50517
50518
50525
50536
50537
50553
50562
50566
50570
50578
50598
50599
50602
50611
50623
50633
50636
50641
50641
50674
50676
50680
50686
50697
50700
50703
50705
50709
50709
50719
50724
50726
50750
50751
50755
50765
50770
50770
50792
50793
50794
50801
50813
50828
50830
50832
50835
50848
50854
50879
50884
50888
50893
50898
50901
50905
50922
50925
50936
50940
50943
50946
50960
50964
50967
50983
50987
50991
50995
50997
51000
51016
51018
51021
51022
51040
51042
51045
51057
51065
51073
51074
51101
51105
51107
51112
51117
51119
51122
51131
51143
51144
51148
51168
51176
51184
51202
51203
51209
51212
51212
51225
51229
51234
51237
51241
51244
51287
51306
51307
51309
51312
51334
51335
51343
51347
51350
51353
51356
51367
51379
51380
51390
51394
51399
51405
51410
51414
51415
51429
51431
51449
51456
51459
51462
51477
51504
51520
51522
51531
51539
51540
51543
51554
51566
51569
51569
51574
51578
51590
51604
51608
51608
51618
51626
51655
51658
51672
51682
51686
51690
51693
51696
51712
51720
51751
51757
51758
51766
51769
51778
51785
51808
51813
51829
51838
51838
51842
51842
51858
51858
51861
51862
51867
51874
51876
51877
51879
51886
51892
51893
51894
51906
51931
51932
51945
51952
51961
51967
51970
51984
51987
51991
51993
51994
52002
52008
52014
52016
52034
52040
52042
52044
52060
52067
52072
52077
52078
52087
52089
52089
52091
52094
52104
52110
52140
52147
52150
52152
52171
52173
52191
52193
52193
52195
52197
52197
52207
52215
52243
52252
52262
52281
52281
52286
52293
52297
52319
52320
52332
52360
52367
52368
52368
52368
52377
52380
52383
52387
52398
52407
52409
52413
52417
52424
52428
52433
52446
52447
52472
52482
52485
52502
52503
52539
52549
52553
52558
52561
52564
52567
52568
52585
52588
52597
52601
52602
52603
52618
52623
52624
52628
52631
52633
52635
52645
52646
52648
52666
52668
52696
52709
52719
52722
52729
52735
52757
52758
52760
52769
52787
52791
52797
52799
52823
52843
52845
52851
52858
52862
52880
52882
52886
52887
52890
52890
52900
52916
52923
52927
52937
52944
52949
52959
52965
52972
52973
52978
52989
52997
52999
53022
53029
53030
53040
53045
53048
53060
53067
53079
53085
53089
53119
53121
53128
53139
53140
53144
53144
53160
53165
53184
53186
53195
53208
53210
53230
53232
53233
53239
53241
53243
53250
53252
53266
53276
53284
53289
53298
53299
53303
53303
53308
53365
53369
53377
53380
53383
53383
53385
53389
53398
53402
53408
53413
53415
53430
53431
53433
53433
53444
53453
53455
53458
53460
53461
53463
53491
53493
53500
53508
53520
53529
53529
53536
53539
53539
53543
53555
53558
53567
53571
53573
53588
53592
53594
53596
53603
53625
53632
53634
53665
53674
53689
53691
53696
53698
53699
53700
53702
53703
53704
53714
53718
53724
53732
53733
53737
53744
53747
53753
53755
53768
53770
53770
53782
53806
53808
53812
53814
53823
53830
53830
53833
53842
53851
53854
53870
53891
53909
53923
53925
53937
53944
53948
53950
53965
53974
53980
53981
53993
54007
54016
54023
54033
54036
54039
54041
54042
54050
54057
54062
54068
54073
54077
54084
54098
54098
54098
54099
54100
54103
54104
54122
54127
54128
54133
54138
54142
54147
54151
54152
54158
54160
54160
54167
54168
54185
54195
54200
54203
54221
54226
54242
54249
54258
54261
54265
54285
54289
54309
54317
54318
54328
54343
54358
54365
54372
54374
54380
54386
54400
54400
54403
54423
54425
54428
54429
54435
54446
54449
54475
54477
54482
54493
54493
54502
54506
54517
54523
54530
54541
54545
54550
54558
54561
54570
54574
54576
54580
54581
54584
54588
54591
54635
54642
54648
54657
54680
54681
54689
54693
54706
54717
54725
54732
54749
54753
54753
54801
54801
54803
54803
54833
54854
54896
54898
54912
54917
54927
54941
54952
54955
54958
54962
54973
54981
54986
54992
54992
54993
54996
55022
55023
55025
55033
55042
55044
55061
55067
55070
55071
55076
55076
55082
55084
55116
55128
55134
55135
55140
55141
55144
55147
55160
55160
55161
55165
55182
55205
55207
55208
55226
55236
55244
55244
55244
55274
55280
55302
55315
55318
55324
55334
55335
55342
55347
55356
55363
55363
55368
55375
55376
55385
55390
55394
55401
55410
55413
55416
55421
55434
55436
55447
55454
55465
55483
55489
55505
55506
55513
55519
55520
55526
55533
55537
55544
55544
55553
55557
55560
55577
55581
55586
55593
55601
55605
55612
55617
55626
55634
55634
55635
55639
55645
55656
55668
55678
55680
55681
55686
55709
55719
55720
55722
55737
55738
55741
55753
55754
55773
55783
55789
55792
55801
55802
55815
55816
55816
55825
55838
55839
55851
55853
55856
55871
55887
55890
55906
55920
55945
55958
55966
55967
55971
55974
55978
56013
56019
56022
56026
56064
56065
56070
56074
56075
56082
56106
56106
56112
56112
56114
56134
56185
56188
56201
56229
56243
56250
56253
56255
56256
56271
56273
56289
56316
56320
56332
56335
56335
56351
56357
56371
56374
56377
56402
56415
56416
56417
56438
56446
56451
56454
56459
56467
56471
56500
56506
56509
56512
56515
56522
56523
56523
56528
56535
56536
56546
56546
56547
56552
56556
56557
56566
56576
56580
56588
56592
56598
56598
56607
56623
56645
56647
56655
56660
56718
56722
56731
56735
56735
56738
56743
56747
56748
56751
56765
56772
56773
56773
56775
56793
56798
56813
56831
56834
56858
56865
56871
56890
56892
56905
56908
56915
56916
56918
56937
56942
56943
56943
56949
56968
56969
56971
56971
56973
56982
56994
56996
57000
57007
57008
57015
57016
57018
57018
57035
57047
57056
57059
57060
57067
57071
57078
57082
57090
57102
57106
57109
57125
57131
57132
57143
57187
57187
57197
57206
57210
57241
57246
57250
57270
57278
57288
57289
57297
57344
57350
57395
57396
57396
57404
57414
57419
57420
57421
57428
57449
57453
57459
57459
57460
57468
57470
57473
57484
57485
57486
57495
57510
57517
57520
57520
57525
57533
57551
57560
57561
57567
57579
57583
57584
57587
57590
57597
57604
57612
57649
57655
57666
57668
57680
57681
57686
57688
57693
57700
57706
57714
57715
57716
57733
57746
57748
57750
57750
57750
57751
57758
57760
57768
57781
57785
57788
57808
57809
57815
57815
57849
57851
57856
57865
57870
57873
57873
57876
57876
57883
57888
57898
57916
57923
57926
57931
57955
57958
57961
57968
57974
57975
57995
57997
58007
58021
58023
58032
58036
58040
58040
58044
58050
58052
58053
58057
58073
58093
58098
58100
58102
58103
58103
58111
58111
58122
58143
58151
58152
58152
58153
58166
58169
58181
58183
58188
58196
58202
58203
58212
58215
58238
58241
58247
58263
58274
58278
58282
58291
58296
58302
58306
58316
58334
58346
58351
58356
58368
58370
58376
58382
58388
58390
58391
58391
58416
58431
58447
58451
58457
58458
58482
58493
58506
58520
58543
58547
58565
58566
58568
58569
58570
58586
58588
58614
58620
58622
58633
58654
58656
58657
58676
58695
58704
58709
58710
58728
58731
58738
58750
58756
58758
58775
58787
58787
58791
58799
58802
58808
58821
58832
58854
58857
58864
58870
58875
58880
58881
58883
58889
58894
58895
58900
58900
58925
58931
58942
58945
58948
58948
58948
58949
58950
58960
58963
58964
58988
59002
59003
59004
59004
59017
59022
59025
59028
59029
59029
59031
59043
59045
59050
59053
59078
59080
59082
59100
59100
59116
59124
59124
59128
59131
59132
59172
59184
59203
59207
59221
59226
59229
59234
59246
59262
59263
59319
59334
59342
59343
59347
59355
59355
59360
59373
59383
59385
59405
59412
59422
59429
59441
59448
59450
59470
59476
59486
59502
59515
59522
59539
59546
59557
59564
59565
59595
59598
59612
59623
59633
59646
59648
59659
59661
59667
59671
59675
59677
59679
59707
59710
59718
59723
59729
59733
59777
59784
59784
59795
59822
59827
59831
59844
59853
59853
59855
59857
59871
59877
59896
59905
59913
59916
59921
59932
59945
59948
59960
59961
59966
59980
59983
59985
59986
59988
59999
60003
60008
60015
60022
60042
60043
60046
60050
60069
60070
60072
60075
60080
60094
60099
60106
60108
60133
60137
60142
60145
60152
60154
60163
60173
60181
60181
60183
60185
60188
60191
60200
60200
60202
60219
60221
60236
60240
60244
60250
60263
60270
60276
60315
60320
60340
60341
60345
60345
60345
60355
60358
60366
60382
60386
60395
60405
60416
60450
60455
60456
60458
60464
60465
60480
60491
60503
60504
60510
60521
60524
60534
60542
60543
60548
60553
60554
60556
60560
60573
60590
60600
60611
60624
60648
60648
60653
60658
60667
60668
60684
60685
60694
60694
60701
60706
60709
60711
60722
60727
60769
60780
60781
60786
60788
60792
60800
60807
60808
60812
60826
60842
60846
60846
60855
60856
60869
60885
60888
60903
60909
60910
60912
60913
60920
60928
60938
60943
60955
60962
60976
60977
60984
60992
61000
61018
61034
61035
61036
61038
61044
61056
61062
61069
61077
61106
61115
61121
61152
61155
61179
61180
61184
61208
61218
61221
61225
61230
61235
61240
61241
61261
61279
61280
61286
61289
61294
61295
61301
61323
61336
61338
61339
61343
61350
61390
61407
61429
61435
61443
61447
61464
61466
61475
61482
61488
61508
61508
61514
61531
61532
61539
61541
61547
61561
61561
61563
61571
61573
61577
61584
61590
61595
61609
61614
61615
61617
61627
61650
61654
61658
61667
61673
61681
61684
61693
61694
61697
61705
61706
61711
61715
61716
61729
61731
61732
61733
61740
61741
61744
61745
61745
61750
61763
61769
61782
61803
61821
61825
61860
61870
61870
61871
61879
61911
61917
61949
61953
61954
61968
61972
61975
62002
62004
62005
62021
62026
62048
62048
62057
62061
62075
62077
62086
62089
62095
62100
62109
62113
62116
62132
62135
62137
62143
62146
62162
62186
62192
62222
62238
62243
62248
62258
62261
62280
62281
62289
62289
62299
62310
62313
62315
62347
62355
62356
62358
62361
62362
62366
62376
62376
62381
62384
62391
62403
62412
62425
62430
62441
62458
62464
62482
62488
62488
62493
62496
62510
62538
62546
62548
62550
62558
62559
62570
62572
62572
62580
62598
62599
62621
62625
62628
62637
62646
62657
62661
62672
62672
62680
62697
62709
62713
62727
62755
62766
62766
62769
62771
62791
62803
62806
62810
62813
62816
62818
62820
62822
62829
62831
62834
62835
62836
62838
62840
62843
62867
62868
62899
62910
62924
62925
62935
62944
62947
62951
62951
62953
62957
63000
63008
63014
63024
63028
63030
63030
63030
63042
63069
63070
63076
63096
63101
63111
63118
63131
63135
63138
63138
63140
63144
63150
63187
63191
63212
63232
63241
63248
63252
63258
63261
63275
63276
63287
63289
63304
63322
63343
63346
63363
63365
63369
63373
63390
63409
63409
63423
63433
63437
63439
63442
63443
63446
63460
63463
63463
63467
63474
63487
63498
63508
63509
63527
63530
63533
63540
63543
63544
63557
63558
63559
63573
63582
63599
63606
63615
63640
63655
63658
63659
63685
63687
63689
63694
63697
63698
63705
63708
63715
63723
63732
63734
63738
63740
63743
63746
63747
63755
63761
63763
63764
63780
63803
63805
63818
63822
63838
63838
63848
63862
63864
63867
63876
63890
63893
63897
63899
63903
63903
63947
63952
63953
63959
63959
63964
63965
63974
63982
63989
63992
64001
64006
64021
64021
64021
64024
64036
64037
64048
64072
64073
64080
64081
64081
64092
64093
64098
64104
64123
64131
64134
64138
64145
64146
64147
64152
64156
64158
64163
64176
64181
64203
64204
64208
64211
64214
64215
64215
64220
64255
64271
64272
64273
64293
64309
64311
64312
64318
64339
64342
64347
64356
64364
64365
64395
64400
64408
64408
64418
64419
64420
64424
64433
64443
64449
64468
64471
64479
64487
64503
64507
64508
64511
64528
64530
64565
64602
64605
64617
64628
64633
64634
64635
64644
64656
64661
64669
64670
64675
64691
64692
64696
64699
64699
64701
64702
64728
64728
64737
64751
64751
64761
64767
64769
64773
64779
64793
64805
64810
64811
64817
64835
64841
64844
64857
64861
64868
64871
64900
64911
64925
64937
64940
64955
64957
64959
64966
64968
64973
64973
64977
64984
64986
64987
65009
65011
65016
65020
65031
65048
65056
65083
65094
65096
65108
65110
65115
65115
65120
65125
65126
65128
65144
65152
65153
65164
65168
65170
65173
65178
65180
65185
65186
65188
65200
65216
65219
65238
65242
65244
65246
65247
65258
65272
65274
65274
65278
65286
65291
65294
65299
65313
65319
65327
65342
65350
65354
65355
65359
65359
65396
65405
65405
65407
65428
65440
65441
65465
65471
65473
65478
65482
65484
65486
65488
65498
65498
65503
65505
65510
65518
65522
65525
65528
65535
65541
65552
65574
65582
65586
65586
65586
65587
65596
65607
65614
65616
65621
65630
65632
65639
65651
65653
65660
65661
65679
65686
65689
65706
65708
65710
65716
65718
65721
65735
65742
65745
65753
65764
65765
65768
65774
65776
65788
65792
65795
65796
65804
65807
65817
65822
65832
65840
65862
65863
65863
65877
65893
65903
65904
65907
65909
65912
65919
65920
65929
65932
65939
65970
65990
65991
65992
65995
66027
66051
66057
66069
66074
66083
66089
66092
66093
66095
66103
66109
66120
66122
66127
66153
66154
66166
66168
66173
66175
66177
66190
66201
66207
66208
66212
66214
66215
66224
66232
66232
66233
66234
66240
66244
66249
66269
66271
66274
66284
66297
66308
66328
66329
66334
66352
66365
66377
66382
66405
66450
66452
66453
66469
66476
66481
66486
66490
66497
66505
66530
66534
66540
66549
66550
66552
66554
66556
66576
66590
66601
66606
66625
66627
66659
66661
66665
66670
66671
66672
66679
66681
66686
66706
66713
66724
66731
66741
66764
66770
66772
66782
66796
66800
66846
66851
66852
66866
66874
66886
66889
66889
66890
66896
66913
66917
66925
66932
66936
66945
66945
66969
66994
67000
67000
67025
67031
67040
67043
67063
67064
67068
67099
67107
67108
67132
67138
67144
67146
67187
67197
67200
67227
67231
67240
67250
67269
67281
67284
67285
67292
67315
67336
67338
67355
67361
67363
67369
67386
67389
67421
67421
67426
67427
67456
67460
67473
67476
67477
67497
67497
67500
67502
67509
67512
67512
67514
67523
67534
67539
67547
67569
67570
67574
67583
67608
67610
67614
67623
67624
67625
67645
67657
67658
67678
67679
67681
67693
67700
67711
67717
67718
67723
67726
67731
67750
67751
67757
67771
67779
67787
67789
67792
67803
67809
67818
67844
67866
67873
67874
67880
67886
67886
67890
67892
67898
67902
67902
67919
67922
67936
67941
67941
67951
67952
67953
67968
67979
67996
68006
68019
68057
68058
68065
68065
68071
68073
68098
68099
68104
68107
68112
68119
68123
68126
68136
68141
68143
68153
68156
68175
68186
68191
68193
68224
68235
68237
68242
68246
68249
68252
68259
68260
68291
68296
68332
68337
68338
68338
68343
68343
68347
68383
68385
68387
68400
68404
68416
68432
68440
68440
68450
68464
68472
68488
68503
68506
68509
68535
68546
68547
68551
68557
68557
68558
68574
68603
68606
68609
68617
68618
68622
68628
68634
68649
68669
68673
68676
68683
68689
68693
68700
68711
68729
68735
68751
68756
68759
68761
68776
68797
68799
68803
68817
68823
68838
68841
68843
68845
68846
68853
68891
68897
68902
68908
68921
68937
68946
68951
68958
68961
68966
68970
68973
68978
68980
68981
68984
68990
68992
68996
69004
69024
69030
69032
69040
69044
69047
69055
69067
69074
69088
69092
69094
69101
69110
69113
69117
69126
69156
69172
69176
69177
69179
69194
69200
69208
69214
69214
69218
69229
69244
69247
69258
69265
69270
69302
69304
69318
69321
69329
69331
69347
69347
69363
69374
69377
69377
69379
69384
69387
69394
69395
69414
69418
69422
69433
69446
69456
69457
69473
69476
69480
69481
69482
69500
69507
69509
69513
69538
69563
69569
69575
69576
69582
69585
69585
69595
69607
69616
69617
69627
69637
69656
69659
69666
69673
69678
69694
69716
69723
69747
69765
69765
69768
69778
69779
69795
69813
69817
69825
69828
69832
69833
69839
69846
69848
69849
69853
69855
69868
69869
69904
69915
69929
69951
69952
69958
69961
69997
70000
70060
70063
70068
70077
70080
70082
70093
70099
70100
70108
70148
70173
70179
70180
70182
70187
70200
70207
70209
70217
70222
70230
70230
70230
70237
70244
70245
70250
70253
70263
70266
70297
70297
70298
70307
70308
70311
70311
70319
70323
70328
70330
70334
70336
70337
70347
70360
70366
70380
70387
70393
70394
70394
70397
70403
70412
70469
70476
70480
70481
70482
70491
70494
70497
70497
70510
70516
70522
70529
70545
70560
70571
70571
70575
70581
70598
70600
70601
70604
70607
70608
70610
70631
70638
70639
70641
70642
70650
70651
70652
70667
70683
70686
70689
70701
70710
70716
70717
70720
70723
70725
70727
70731
70733
70739
70741
70754
70756
70776
70782
70792
70795
70800
70801
70807
70807
70824
70825
70829
70833
70836
70836
70844
70851
70854
70860
70869
70869
70876
70898
70900
70901
70904
70904
70918
70925
70929
70936
70938
70949
70957
70964
70969
70999
71003
71010
71021
71022
71029
71036
71059
71065
71070
71075
71076
71088
71096
71107
71110
71116
71126
71128
71129
71145
71156
71160
71162
71172
71177
71194
71202
71204
71204
71216
71230
71246
71255
71261
71262
71264
71294
71299
71302
71305
71309
71315
71316
71323
71330
71334
71336
71344
71345
71348
71353
71364
71385
71386
71390
71406
71410
71414
71442
71452
71452
71463
71463
71463
71463
71463
71466
71476
71478
71489
71492
71504
71520
71551
71553
71556
71558
71569
71578
71585
71599
71601
71603
71610
71614
71616
71616
71616
71621
71631
71637
71647
71662
71668
71679
71685
71685
71690
71691
71692
71692
71707
71711
71711
71726
71745
71746
71781
71785
71788
71799
71809
71809
71818
71825
71828
71834
71858
71865
71874
71895
71898
71907
71923
71925
71930
71931
71951
71955
71955
71964
71965
71978
71978
71989
71992
72013
72020
72023
72034
72043
72051
72074
72109
72110
72118
72131
72132
72157
72173
72176
72183
72188
72194
72200
72206
72209
72209
72217
72226
72230
72232
72246
72247
72249
72255
72258
72258
72262
72268
72275
72281
72281
72287
72300
72316
72328
72335
72336
72336
72340
72341
72350
72350
72369
72374
72380
72389
72391
72391
72393
72404
72424
72425
72427
72430
72435
72438
72442
72443
72443
72443
72445
72474
72494
72501
72519
72552
72555
72560
72563
72584
72588
72592
72598
72602
72607
72617
72635
72638
72643
72644
72658
72659
72661
72667
72674
72676
72678
72678
72680
72706
72712
72715
72721
72722
72723
72725
72733
72747
72748
72754
72765
72766
72770
72770
72775
72779
72787
72790
72790
72793
72797
72799
72808
72809
72819
72829
72835
72840
72843
72868
72874
72875
72877
72885
72888
72891
72892
72906
72908
72910
72910
72918
72921
72940
72964
72977
72991
72996
72999
73002
73008
73012
73012
73016
73022
73029
73032
73036
73044
73049
73075
73125
73142
73149
73154
73164
73164
73175
73182
73195
73205
73214
73218
73230
73245
73256
73261
73275
73280
73281
73288
73300
73301
73303
73306
73312
73314
73318
73318
73320
73340
73357
73360
73363
73364
73367
73372
73377
73383
73389
73395
73395
73398
73413
73430
73439
73443
73451
73452
73454
73459
73462
73475
73486
73493
73496
73501
73501
73501
73503
73511
73514
73523
73523
73529
73530
73560
73567
73582
73584
73599
73614
73615
73623
73631
73644
73647
73652
73671
73684
73688
73688
73698
73700
73717
73735
73741
73755
73760
73761
73765
73773
73778
73795
73813
73822
73834
73858
73865
73867
73868
73905
73906
73917
73922
73927
73937
73945
73945
73947
73948
73957
73970
73977
73978
73979
73985
73987
73991
73991
73994
73997
74000
74015
74049
74050
74056
74056
74056
74072
74074
74074
74089
74091
74091
74102
74107
74110
74115
74141
74143
74144
74165
74187
74193
74195
74198
74220
74221
74239
74242
74245
74261
74265
74270
74274
74275
74277
74281
74290
74294
74320
74327
74352
74363
74364
74382
74385
74402
74408
74416
74421
74433
74439
74441
74445
74464
74479
74485
74486
74487
74501
74506
74510
74510
74523
74523
74524
74535
74544
74548
74562
74576
74577
74590
74592
74609
74636
74643
74650
74659
74659
74662
74667
74671
74681
74684
74700
74704
74710
74724
74746
74762
74770
74806
74810
74811
74820
74840
74855
74858
74864
74879
74888
74890
74892
74896
74907
74915
74925
74928
74938
74944
74954
74957
74976
74976
74980
74997
75003
75006
75018
75020
75029
75030
75035
75035
75045
75046
75052
75055
75062
75078
75080
75087
75090
75105
75110
75113
75115
75123
75126
75139
75140
75159
75171
75174
75176
75189
75189
75215
75217
75222
75223
75247
75258
75262
75264
75270
75284
75285
75295
75304
75325
75329
75331
75334
75338
75339
75343
75345
75351
75364
75374
75381
75381
75385
75397
75399
75405
75405
75408
75415
75417
75423
75428
75430
75440
75447
75452
75463
75465
75467
75468
75472
75473
75495
75501
75507
75509
75519
75530
75531
75540
75541
75544
75547
75556
75556
75561
75565
75588
75598
75603
75607
75611
75616
75627
75631
75633
75643
75654
75658
75685
75690
75690
75694
75698
75706
75706
75709
75711
75728
75728
75739
75745
75776
75794
75801
75823
75824
75835
75858
75867
75872
75873
75874
75883
75903
75908
75912
75929
75930
75937
75949
75949
75953
75957
75961
75961
75963
75972
75974
75981
75981
75994
75996
76007
76042
76043
76053
76059
76067
76080
76085
76096
76102
76124
76124
76127
76136
76139
76141
76163
76172
76177
76197
76207
76235
76245
76252
76255
76263
76285
76288
76294
76303
76303
76318
76323
76326
76333
76349
76357
76365
76371
76376
76392
76395
76399
76401
76417
76418
76422
76426
76428
76432
76433
76452
76460
76469
76471
76485
76517
76517
76529
76529
76540
76542
76567
76568
76572
76578
76587
76596
76598
76602
76617
76618
76622
76623
76630
76641
76649
76656
76656
76675
76677
76686
76688
76693
76710
76713
76719
76727
76731
76732
76741
76745
76747
76773
76785
76791
76797
76804
76805
76812
76824
76830
76834
76870
76871
76879
76904
76916
76922
76924
76926
76933
76938
76946
76953
76959
76959
76963
76982
76991
76992
76996
77003
77005
77016
77020
77022
77028
77041
77051
77056
77060
77067
77069
77078
77078
77088
77091
77099
77101
77104
77110
77129
77137
77146
77148
77159
77162
77164
77169
77171
77178
77206
77215
77240
77241
77251
77256
77271
77286
77292
77328
77331
77346
77351
77358
77362
77366
77371
77376
77383
77386
77387
77396
77398
77403
77409
77414
77424
77427
77433
77437
77441
77443
77456
77457
77461
77466
77481
77481
77485
77491
77491
77494
77497
77501
77515
77517
77517
77531
77534
77554
77565
77572
77579
77604
77610
77620
77632
77650
77653
77655
77660
77664
77675
77684
77684
77691
77692
77697
77704
77722
77729
77740
77742
77749
77771
77799
77802
77806
77810
77813
77821
77827
77847
77859
77869
77883
77884
77896
77903
77915
77923
77927
77935
77940
77946
77947
77947
77954
77956
77956
77959
77968
77988
77989
77991
78008
78014
78027
78048
78049
78057
78057
78064
78075
78077
78077
78085
78100
78101
78128
78132
78135
78141
78150
78150
78151
78158
78175
78201
78206
78218
78227
78229
78235
78249
78254
78259
78261
78264
78269
78288
78296
78296
78301
78321
78322
78328
78342
78349
78351
78358
78360
78362
78365
78366
78368
78377
78396
78396
78399
78414
78423
78426
78438
78439
78445
78462
78474
78483
78496
78509
78532
78539
78540
78549
78568
78575
78597
78610
78615
78615
78618
78619
78624
78636
78640
78645
78645
78689
78692
78715
78719
78727
78734
78735
78738
78739
78739
78740
78768
78772
78782
78785
78787
78790
78794
78795
78803
78832
78840
78842
78848
78867
78867
78873
78878
78897
78902
78923
78931
78942
78948
78962
78968
78969
78984
78998
79011
79013
79017
79028
79040
79045
79045
79051
79053
79054
79056
79057
79062
79070
79070
79084
79098
79119
79123
79124
79129
79135
79137
79139
79151
79169
79176
79182
79186
79193
79197
79220
79230
79232
79246
79248
79251
79258
79278
79279
79279
79279
79288
79292
79296
79298
79307
79311
79311
79314
79317
79321
79325
79332
79339
79340
79341
79343
79345
79346
79352
79367
79371
79383
79394
79400
79401
79409
79412
79418
79419
79420
79420
79433
79444
79456
79463
79472
79502
79509
79527
79547
79554
79567
79587
79595
79601
79605
79616
79627
79643
79644
79647
79657
79667
79679
79682
79683
79687
79694
79702
79732
79735
79741
79746
79747
79769
79780
79800
79800
79801
79808
79811
79821
79828
79843
79864
79866
79881
79882
79888
79895
79897
79897
79908
79913
79929
79940
79942
79944
79950
79954
79955
79963
79981
79983
79984
79986
79991
79997
80015
80021
80022
80026
80027
80028
80031
80037
80055
80056
80062
80072
80084
80093
80101
80113
80129
80133
80138
80155
80160
80163
80180
80191
80196
80217
80234
80251
80251
80259
80260
80267
80275
80283
80283
80290
80291
80299
80300
80307
80313
80317
80327
80332
80337
80353
80359
80359
80363
80363
80364
80377
80378
80378
80390
80391
80395
80406
80414
80429
80429
80431
80435
80441
80443
80445
80460
80461
80462
80471
80477
80478
80489
80500
80501
80537
80537
80544
80544
80548
80554
80560
80569
80581
80587
80607
80617
80626
80640
80645
80648
80649
80651
80657
80658
80663
80675
80679
80691
80696
80708
80708
80725
80725
80736
80737
80747
80794
80810
80812
80849
80858
80867
80871
80875
80875
80876
80892
80900
80907
80908
80912
80914
80934
80955
80970
80970
80981
80993
81017
81020
81067
81079
81106
81107
81109
81110
81116
81116
81162
81175
81176
81182
81186
81187
81194
81196
81197
81205
81207
81210
81212
81216
81220
81227
81270
81281
81293
81294
81301
81314
81326
81333
81344
81344
81352
81357
81378
81391
81391
81398
81400
81401
81405
81420
81422
81427
81427
81433
81438
81442
81443
81461
81476
81492
81494
81498
81498
81513
81513
81523
81528
81529
81531
81539
81543
81543
81548
81548
81551
81556
81560
81569
81572
81575
81581
81585
81600
81605
81612
81634
81638
81639
81648
81668
81671
81686
81697
81713
81745
81747
81750
81774
81790
81790
81791
81792
81805
81807
81808
81827
81831
81833
81881
81883
81885
81887
81902
81906
81910
81913
81925
81939
81942
81948
81954
81964
81967
81983
81983
81995
81998
82008
82020
82023
82041
82042
82044
82058
82067
82071
82071
82073
82076
82076
82077
82099
82101
82109
82114
82128
82135
82139
82149
82157
82157
82160
82167
82173
82180
82181
82183
82192
82193
82199
82201
82209
82218
82219
82220
82223
82224
82228
82235
82254
82258
82262
82263
82264
82264
82273
82275
82283
82312
82319
82322
82340
82345
82353
82354
82364
82371
82371
82373
82379
82390
82393
82398
82402
82417
82419
82453
82471
82471
82496
82499
82502
82519
82521
82528
82531
82566
82626
82638
82650
82660
82667
82685
82702
82703
82716
82728
82732
82733
82736
82749
82754
82756
82761
82765
82782
82785
82795
82806
82810
82811
82829
82842
82849
82856
82857
82859
82872
82878
82892
82915
82929
82956
82957
82994
82998
83006
83038
83046
83057
83071
83073
83076
83079
83093
83105
83105
83109
83112
83119
83124
83133
83158
83159
83166
83170
83171
83173
83176
83179
83190
83194
83203
83207
83212
83217
83217
83218
83219
83237
83242
83245
83255
83261
83272
83277
83280
83281
83283
83289
83299
83305
83306
83310
83320
83324
83328
83329
83332
83335
83339
83349
83349
83352
83363
83368
83394
83399
83417
83421
83434
83447
83451
83456
83488
83494
83495
83507
83518
83527
83537
83539
83540
83554
83554
83568
83594
83600
83617
83619
83629
83652
83653
83655
83657
83658
83720
83727
83730
83743
83746
83746
83764
83770
83775
83784
83797
83803
83804
83841
83841
83850
83855
83865
83870
83871
83880
83882
83887
83896
83904
83917
83917
83922
83931
83932
83943
83943
83951
83970
83978
83978
83980
83981
83983
83985
83992
84001
84005
84010
84013
84040
84043
84045
84048
84055
84062
84064
84072
84073
84079
84089
84090
84090
84097
84101
84104
84109
84110
84116
84119
84123
84136
84138
84141
84145
84160
84166
84170
84188
84196
84211
84221
84222
84223
84227
84245
84253
84254
84255
84256
84270
84279
84298
84307
84321
84326
84329
84353
84355
84390
84393
84399
84418
84421
84441
84446
84458
84458
84488
84493
84502
84510
84515
84519
84524
84525
84525
84531
84556
84569
84570
84574
84589
84589
84597
84598
84602
84610
84622
84623
84643
84649
84650
84675
84692
84697
84700
84701
84703
84714
84720
84728
84737
84755
84757
84767
84767
84767
84773
84775
84776
84777
84782
84790
84814
84825
84832
84844
84860
84863
84879
84898
84906
84913
84914
84935
84953
84955
84958
84960
84970
84979
85023
85027
85027
85035
85043
85047
85049
85050
85052
85101
85103
85104
85108
85118
85121
85124
85130
85133
85137
85137
85141
85144
85147
85159
85161
85170
85215
85224
85261
85265
85265
85271
85274
85275
85279
85280
85288
85295
85314
85329
85345
85345
85362
85374
85382
85383
85387
85394
85395
85395
85418
85420
85431
85439
85461
85494
85514
85518
85521
85527
85527
85541
85554
85558
85562
85564
85575
85578
85580
85599
85618
85620
85622
85626
85628
85630
85631
85635
85656
85662
85683
85706
85708
85709
85711
85727
85732
85745
85752
85781
85783
85789
85790
85795
85796
85799
85803
85806
85810
85818
85826
85827
85827
85835
85858
85863
85870
85875
85895
85897
85905
85909
85916
85918
85924
85925
85931
85937
85941
85950
85963
85967
85975
85981
85999
86008
86020
86032
86047
86077
86088
86089
86116
86119
86142
86142
86155
86156
86160
86169
86180
86184
86210
86211
86242
86245
86268
86287
86301
86304
86304
86310
86312
86314
86334
86335
86351
86383
86386
86391
86394
86399
86415
86417
86423
86436
86447
86455
86460
86469
86493
86499
86507
86510
86517
86534
86536
86547
86553
86571
86593
86597
86607
86613
86621
86624
86629
86629
86630
86638
86646
86647
86668
86673
86688
86708
86725
86741
86760
86776
86781
86783
86812
86812
86817
86831
86842
86853
86862
86866
86875
86881
86883
86883
86884
86886
86890
86891
86916
86918
86920
86931
86952
86961
86965
86991
86992
87013
87017
87022
87022
87023
87023
87026
87031
87034
87043
87065
87088
87102
87109
87119
87122
87141
87142
87145
87146
87147
87151
87153
87154
87162
87165
87173
87175
87199
87199
87209
87217
87222
87232
87248
87254
87256
87282
87285
87286
87297
87300
87320
87321
87337
87341
87364
87372
87384
87385
87395
87402
87406
87407
87424
87429
87434
87443
87471
87474
87507
87546
87580
87589
87633
87635
87653
87685
87698
87719
87721
87752
87759
87769
87779
87794
87795
87795
87806
87817
87835
87864
87867
87879
87880
87886
87916
87930
87948
87964
87971
88011
88019
88033
88033
88040
88041
88047
88049
88057
88068
88074
88084
88094
88102
88112
88149
88156
88162
88164
88180
88183
88186
88193
88196
88197
88200
88202
88206
88222
88242
88263
88265
88275
88276
88278
88279
88358
88360
88375
88395
88427
88437
88437
88437
88460
88472
88476
88485
88488
88499
88551
88557
88570
88572
88573
88578
88583
88636
88645
88657
88660
88677
88679
88684
88695
88695
88700
88705
88711
88712
88728
88731
88740
88758
88817
88846
88850
88939
88940
88940
88943
88945
88945
88950
88950
88955
88966
88966
88966
88970
88994
88995
88997
89002
89014
89029
89042
89049
89052
89053
89064
89075
89080
89081
89081
89098
89103
89106
89122
89150
89152
89166
89181
89222
89232
89247
89271
89277
89279
89292
89296
89323
89349
89349
89364
89374
89376
89382
89386
89394
89401
89402
89410
89415
89421
89429
89433
89454
89468
89478
89482
89485
89486
89506
89516
89527
89559
89567
89568
89576
89598
89614
89634
89640
89658
89668
89670
89688
89692
89697
89727
89783
89787
89797
89805
89808
89817
89829
89855
89864
89878
89896
89901
89924
89929
89929
89930
89930
89940
89972
89975
89980
90007
90011
90028
90030
90092
90105
90132
90163
90171
90178
90194
90197
90210
90221
90234
90235
90240
90262
90290
90304
90350
90363
90369
90403
90415
90417
90425
90447
90451
90451
90483
90489
90501
90503
90505
90515
90552
90577
90584
90589
90596
90607
90616
90638
90640
90648
90649
90683
90684
90688
90689
90719
90721
90728
90730
90757
90817
90826
90833
90845
90869
90879
90882
90895
90902
90907
90909
90912
90916
90921
90937
90943
90943
90957
90958
90968
90973
90986
90997
90999
91001
91010
91022
91038
91041
91046
91053
91076
91106
91109
91128
91131
91140
91140
91145
91183
91189
91203
91206
91216
91222
91223
91232
91232
91240
91255
91269
91270
91285
91285
91287
91296
91299
91307
91334
91335
91341
91349
91360
91367
91370
91383
91391
91393
91396
91398
91403
91404
91445
91463
91467
91478
91481
91512
91514
91520
91525
91534
91541
91544
91545
91548
91549
91567
91570
91571
91580
91582
91594
91614
91626
91626
91654
91673
91684
91689
91691
91704
91708
91709
91738
91766
91774
91795
91813
91829
91858
91871
91872
91894
91919
91938
91944
91963
91985
91987
91993
92001
92011
92017
92036
92037
92089
92112
92147
92157
92170
92171
92189
92216
92219
92231
92232
92234
92236
92246
92253
92260
92262
92271
92301
92310
92325
92336
92343
92358
92380
92384
92394
92403
92448
92449
92457
92461
92497
92506
92544
92545
92547
92569
92571
92574
92577
92582
92595
92598
92602
92607
92628
92648
92670
92693
92696
92718
92720
92720
92721
92724
92744
92745
92757
92769
92769
92776
92779
92812
92814
92823
92846
92884
92894
92922
92941
92942
92945
92948
92948
92962
92990
92991
93023
93028
93035
93039
93048
93073
93075
93106
93108
93114
93116
93159
93168
93174
93201
93209
93214
93224
93226
93233
93249
93264
93266
93283
93284
93290
93292
93302
93306
93307
93312
93316
93317
93317
93320
93324
93325
93329
93358
93374
93396
93410
93433
93435
93436
93445
93446
93479
93516
93517
93517
93537
93541
93549
93557
93565
93600
93606
93615
93617
93619
93631
93632
93638
93644
93652
93662
93682
93686
93687
93689
93716
93738
93759
93765
93766
93767
93770
93771
93773
93796
93807
93824
93832
93833
93858
93860
93860
93862
93886
93916
93924
93932
93946
93950
93954
93956
93961
94007
94018
94057
94059
94065
94074
94088
94091
94097
94099
94106
94136
94140
94152
94156
94156
94163
94176
94179
94183
94204
94215
94216
94221
94259
94273
94284
94291
94307
94340
94342
94354
94372
94379
94395
94439
94479
94479
94524
94539
94546
94546
94585
94585
94613
94614
94617
94619
94626
94662
94684
94750
94767
94787
94819
94823
94827
94876
94897
94900
94901
94902
94908
94916
94921
94936
94941
94944
94944
94946
94964
94987
94997
95012
95026
95041
95047
95047
95048
95097
95104
95105
95107
95109
95122
95125
95144
95145
95184
95190
95200
95210
95247
95250
95264
95280
95305
95313
95320
95325
95333
95342
95348
95359
95363
95370
95382
95387
95393
95395
95403
95407
95408
95420
95455
95462
95483
95503
95508
95514
95517
95523
95526
95528
95532
95541
95551
95569
95572
95578
95583
95584
95588
95596
95597
95600
95647
95665
95676
95689
95692
95696
95696
95722
95725
95745
95767
95769
95777
95789
95807
95807
95814
95828
95831
95850
95869
95870
95874
95879
95887
95895
95925
95929
95929
95929
95937
95946
95951
95954
95963
95964
95981
95989
95996
96019
96041
96051
96051
96064
96065
96068
96084
96099
96101
96111
96112
96112
96120
96148
96173
96174
96180
96210
96241
96254
96259
96260
96284
96301
96305
96307
96308
96333
96338
96347
96351
96356
96357
96358
96360
96365
96380
96424
96466
96479
96496
96504
96517
96552
96556
96565
96567
96600
96620
96631
96633
96672
96685
96705
96730
96758
96766
96773
96797
96798
96799
96815
96838
96844
96862
96875
96901
96925
96929
96930
96932
96934
96938
96945
96952
96953
96960
96981
96991
97000
97034
97037
97041
97042
97046
97065
97072
97085
97089
97091
97097
97103
97106
97112
97113
97121
97145
97147
97152
97167
97175
97190
97191
97206
97227
97232
97246
97252
97279
97311
97314
97318
97325
97337
97378
97403
97413
97418
97448
97457
97464
97478
97506
97511
97526
97531
97554
97565
97578
97609
97610
97615
97622
97636
97641
97645
97668
97675
97683
97685
97688
97693
97699
97701
97705
97708
97723
97726
97726
97727
97751
97760
97782
97783
97785
97819
97834
97856
97864
97864
97895
97908
97909
97953
97976
97980
97996
98000
98027
98034
98047
98052
98061
98072
98086
98140
98142
98160
98162
98166
98171
98182
98187
98190
98190
98193
98203
98220
98224
98228
98236
98237
98246
98246
98247
98250
98251
98255
98256
98257
98266
98282
98292
98292
98313
98314
98335
98358
98362
98367
98370
98384
98390
98406
98408
98422
98429
98450
98451
98467
98483
98484
98501
98508
98534
98540
98550
98554
98559
98583
98586
98589
98592
98599
98600
98605
98623
98628
98658
98663
98665
98665
98673
98680
98683
98698
98700
98710
98718
98728
98729
98758
98761
98766
98768
98772
98788
98792
98794
98800
98801
98802
98803
98811
98817
98817
98837
98843
98844
98858
98865
98873
98916
98940
98967
98995
98995
99000
99008
99068
99070
99078
99100
99101
99107
99114
99155
99160
