13
25
75
77
99
102
108
109
110
111
112
118
119
121
130
143
156
159
168
170
175
177
184
188
216
238
248
259
261
267
267
274
280
280
299
307
309
319
343
356
363
367
373
395
401
404
405
407
408
409
410
424
427
439
445
447
450
452
460
466
489
489
505
514
515
517
577
583
596
606
616
618
625
628
637
644
650
668
673
681
708
749
758
779
783
829
847
860
862
864
882
883
890
891
900
900
904
912
920
925
929
954
966
971
983
984
995
1009
1012
1013
1021
1022
1022
1027
1032
1038
1046
1046
1058
1058
1069
1071
1072
1085
1093
1107
1112
1115
1129
1149
1182
1208
1226
1233
1239
1257
1272
1300
1317
1318
1329
1333
1333
1344
1354
1365
1365
1371
1386
1388
1391
1414
1426
1430
1434
1439
1451
1452
1465
1473
1484
1494
1500
1501
1503
1503
1530
1533
1539
1552
1568
1571
1574
1575
1597
1598
1616
1639
1653
1657
1684
1688
1691
1692
1711
1722
1756
1787
1794
1803
1807
1808
1809
1820
1825
1844
1846
1871
1885
1899
1920
1943
1951
1952
1954
1959
1979
1984
2002
2003
2023
2027
2048
2058
2064
2065
2073
2076
2078
2108
2118
2121
2126
2127
2138
2158
2169
2179
2195
2200
2217
2217
2219
2251
2252
2255
2257
2272
2291
2292
2308
2324
2332
2337
2360
2371
2379
2382
2384
2399
2401
2402
2403
2405
2411
2429
2438
2485
2495
2498
2500
2509
2511
2517
2535
2536
2539
2542
2560
2591
2602
2607
2631
2672
2673
2677
2685
2689
2694
2707
2708
2714
2738
2749
2753
2757
2781
2791
2813
2819
2831
2836
2857
2864
2880
2888
2892
2905
2917
2922
2930
2932
2933
2936
2938
2951
2960
2962
2972
2977
2986
3023
3032
3041
3042
3053
3063
3070
3082
3084
3084
3091
3093
3100
3104
3122
3126
3127
3130
3143
3145
3147
3171
3173
3178
3193
3202
3206
3208
3211
3220
3245
3272
3276
3283
3289
3292
3310
3315
3323
3325
3326
3331
3348
3352
3356
3371
3376
3382
3383
3385
3390
3390
3402
3405
3437
3445
3452
3465
3470
3480
3481
3482
3523
3536
3537
3549
3559
3559
3561
3564
3565
3565
3566
3572
3575
3587
3592
3605
3608
3610
3618
3635
3642
3646
3659
3691
3693
3709
3715
3728
3732
3738
3743
3768
3781
3787
3788
3793
3796
3802
3810
3817
3835
3840
3872
3872
3888
3899
3911
3923
3935
3935
3943
3970
3974
3980
3987
3991
3996
4000
4002
4006
4010
4027
4034
4044
4065
4080
4086
4092
4097
4099
4100
4101
4107
4111
4122
4156
4168
4170
4183
4185
4185
4190
4194
4195
4224
4227
4262
4273
4278
4291
4293
4317
4328
4330
4332
4333
4344
4352
4372
4378
4379
4388
4401
4405
4405
4407
4413
4433
4438
4457
4457
4476
4476
4476
4478
4494
4494
4506
4519
4523
4525
4525
4526
4563
4566
4571
4572
4605
4608
4610
4613
4620
4623
4634
4650
4653
4653
4667
4672
4704
4730
4738
4740
4741
4764
4765
4772
4776
4780
4792
4811
4826
4831
4832
4847
4851
4861
4864
4867
4874
4878
4888
4920
4935
4937
4947
4957
4964
4965
4966
4971
5028
5037
5038
5039
5040
5047
5048
5059
5060
5063
5072
5075
5083
5088
5092
5104
5108
5122
5138
5140
5170
5174
5183
5184
5191
5198
5202
5206
5212
5214
5218
5220
5226
5236
5237
5240
5247
5261
5267
5274
5291
5294
5298
5302
5312
5316
5318
5321
5326
5338
5347
5353
5366
5372
5387
5389
5399
5401
5404
5414
5415
5421
5422
5423
5428
5429
5432
5435
5446
5454
5459
5459
5464
5486
5493
5504
5511
5526
5537
5545
5556
5557
5565
5574
5577
5600
5616
5618
5622
5626
5676
5682
5713
5717
5725
5740
5755
5758
5766
5774
5789
5796
5800
5820
5830
5842
5861
5865
5867
5870
5875
5875
5876
5877
5886
5894
5896
5902
5904
5905
5921
5928
5932
5947
5950
5956
5965
5967
5980
6002
6006
6009
6021
6027
6043
6072
6079
6083
6083
6093
6104
6113
6114
6116
6119
6139
6176
6183
6187
6202
6217
6236
6236
6236
6236
6253
6255
6255
6263
6268
6286
6286
6287
6288
6289
6291
6316
6332
6337
6338
6342
6356
6367
6382
6384
6395
6404
6410
6414
6422
6443
6461
6464
6476
6500
6519
6531
6533
6536
6538
6550
6556
6560
6561
6561
6573
6585
6589
6598
6602
6616
6619
6621
6624
6624
6639
6649
6665
6670
6674
6683
6684
6685
6686
6687
6689
6693
6706
6709
6731
6749
6765
6769
6771
6800
6826
6842
6844
6855
6860
6865
6867
6874
6876
6908
6911
6925
6935
6941
6941
6945
6957
6960
7000
7009
7019
7024
7027
7029
7042
7049
7050
7050
7053
7055
7065
7084
7088
7093
7093
7095
7107
7120
7123
7125
7139
7144
7145
7154
7155
7157
7159
7160
7169
7170
7173
7176
7177
7188
7202
7212
7218
7227
7238
7239
7256
7268
7281
7290
7292
7295
7296
7299
7314
7316
7319
7319
7339
7341
7349
7352
7357
7362
7364
7367
7370
7399
7416
7423
7427
7428
7443
7453
7466
7467
7474
7475
7476
7478
7480
7482
7483
7484
7488
7491
7506
7524
7528
7537
7543
7549
7551
7568
7575
7576
7578
7584
7594
7608
7625
7628
7628
7631
7632
7654
7659
7660
7669
7670
7681
7688
7688
7703
7711
7715
7749
7750
7750
7758
7764
7774
7796
7803
7808
7814
7822
7828
7829
7845
7846
7846
7854
7858
7864
7875
7878
7888
7892
7897
7898
7909
7916
7918
7931
7936
7949
7989
8006
8014
8014
8015
8021
8023
8028
8041
8043
8052
8068
8083
8093
8105
8112
8116
8120
8121
8124
8131
8132
8136
8172
8185
8186
8196
8198
8215
8220
8222
8224
8229
8238
8244
8246
8252
8254
8264
8280
8285
8290
8297
8298
8302
8309
8341
8353
8361
8382
8409
8443
8460
8462
8476
8476
8486
8492
8494
8494
8499
8518
8528
8541
8542
8572
8575
8582
8612
8613
8620
8633
8652
8663
8667
8682
8698
8699
8701
8703
8726
8729
8747
8752
8771
8777
8791
8793
8795
8836
8839
8841
8847
8850
8854
8859
8861
8869
8891
8909
8934
8949
8952
8958
8962
8971
8976
8982
8990
9000
9020
9023
9037
9082
9099
9119
9140
9159
9172
9180
9190
9196
9199
9202
9210
9211
9212
9223
9238
9277
9291
9309
9317
9326
9343
9348
9353
9364
9376
9388
9410
9412
9413
9416
9416
9416
9419
9422
9423
9443
9444
9449
9451
9459
9460
9462
9465
9468
9473
9505
9511
9513
9513
9526
9526
9528
9529
9533
9536
9547
9556
9572
9575
9587
9602
9609
9626
9635
9635
9643
9646
9654
9681
9694
9707
9730
9742
9745
9753
9763
9777
9780
9783
9787
9790
9791
9797
9829
9836
9841
9850
9852
9855
9856
9859
9869
9870
9875
9883
9885
9889
9902
9906
9933
9943
9953
9971
9974
9974
9976
9981
10004
10015
10022
10048
10048
10072
10078
10122
10126
10152
10161
10180
10192
10197
10203
10204
10224
10232
10253
10254
10254
10258
10274
10275
10275
10278
10291
10312
10316
10317
10327
10339
10348
10348
10364
10373
10375
10377
10388
10394
10399
10419
10423
10433
10435
10444
10456
10463
10480
10492
10506
10506
10510
10523
10526
10529
10540
10561
10563
10583
10590
10601
10607
10634
10649
10659
10666
10694
10696
10697
10706
10722
10724
10735
10741
10746
10766
10777
10781
10811
10841
10848
10855
10865
10870
10872
10876
10882
10890
10892
10895
10900
10916
10919
10920
10928
10932
10935
10941
10944
10964
10968
10973
10983
11001
11005
11006
11010
11011
11038
11049
11060
11066
11077
11084
11084
11090
11093
11097
11105
11107
11123
11124
11125
11127
11129
11132
11144
11151
11182
11190
11196
11219
11225
11244
11260
11262
11269
11281
11300
11304
11307
11317
11324
11334
11346
11355
11355
11373
11380
11389
11395
11405
11419
11423
11425
11428
11434
11439
11440
11448
11452
11452
11472
11484
11484
11495
11518
11522
11548
11554
11565
11566
11570
11571
11572
11589
11593
11624
11631
11637
11641
11644
11645
11646
11664
11676
11677
11681
11690
11701
11707
11715
11746
11746
11751
11755
11759
11759
11780
11784
11786
11799
11818
11820
11828
11830
11833
11842
11844
11845
11853
11854
11887
11888
11888
11899
11903
11917
11917
11923
11924
11927
11932
11934
11951
11952
11959
11970
11970
11970
11973
11994
11999
12007
12014
12025
12042
12042
12047
12051
12061
12088
12114
12127
12135
12136
12136
12143
12153
12160
12160
12161
12164
12168
12175
12176
12177
12179
12193
12195
12197
12200
12214
12241
12244
12259
12264
12265
12270
12278
12281
12289
12289
12292
12298
12300
12311
12313
12318
12320
12328
12338
12349
12349
12361
12365
12372
12380
12385
12386
12388
12395
12417
12435
12444
12472
12472
12479
12489
12510
12517
12524
12536
12537
12560
12568
12571
12579
12594
12599
12609
12614
12623
12645
12655
12658
12659
12673
12674
12688
12710
12716
12725
12731
12734
12736
12736
12748
12771
12773
12819
12822
12823
12840
12860
12864
12877
12880
12887
12916
12920
12943
12946
12956
12961
12978
12981
13007
13011
13048
13049
13056
13067
13068
13069
13099
13129
13140
13148
13174
13175
13202
13203
13205
13210
13220
13227
13229
13244
13260
13260
13261
13263
13264
13275
13280
13289
13291
13307
13312
13321
13328
13342
13342
13346
13349
13362
13366
13374
13384
13387
13401
13401
13403
13405
13408
13416
13438
13438
13439
13449
13454
13459
13486
13493
13500
13509
13520
13521
13524
13535
13540
13551
13560
13567
13576
13586
13589
13601
13602
13608
13615
13636
13638
13643
13652
13653
13668
13669
13674
13690
13691
13702
13723
13728
13733
13740
13740
13742
13752
13757
13763
13769
13771
13773
13782
13782
13782
13783
13804
13826
13852
13858
13866
13886
13895
13901
13915
13929
13939
13942
13942
13946
13954
13964
13974
13982
13984
14010
14020
14025
14030
14031
14032
14048
14055
14058
14073
14088
14091
14107
14115
14115
14118
14120
14123
14155
14224
14228
14243
14251
14257
14264
14265
14269
14270
14270
14273
14326
14331
14333
14337
14342
14346
14350
14354
14358
14396
14399
14409
14420
14425
14451
14459
14464
14467
14481
14484
14509
14529
14531
14535
14536
14549
14558
14561
14570
14581
14599
14623
14639
14640
14644
14648
14674
14680
14686
14698
14699
14718
14723
14728
14731
14737
14752
14762
14771
14779
14780
14781
14793
14799
14805
14822
14829
14847
14868
14880
14881
14889
14898
14909
14913
14913
14936
14944
14951
14976
14978
14983
14985
15008
15019
15035
15036
15036
15036
15037
15086
15086
15096
15116
15131
15136
15137
15138
15140
15149
15149
15151
15154
15163
15167
15174
15174
15183
15184
15189
15200
15200
15206
15214
15214
15233
15236
15244
15257
15268
15275
15283
15306
15312
15314
15320
15323
15325
15332
15349
15353
15356
15370
15370
15370
15386
15394
15406
15418
15424
15428
15429
15436
15436
15437
15454
15462
15463
15463
15477
15491
15495
15499
15507
15536
15540
15541
15544
15560
15570
15571
15572
15582
15591
15595
15598
15604
15605
15606
15614
15619
15624
15629
15638
15641
15650
15650
15684
15685
15688
15691
15691
15692
15702
15705
15708
15720
15721
15731
15756
15770
15774
15780
15784
15793
15802
15805
15817
15821
15838
15861
15864
15865
15870
15876
15883
15886
15893
15898
15901
15902
15902
15909
15916
15921
15935
15936
15944
15980
15990
15994
16004
16014
16016
16021
16030
16032
16049
16049
16060
16063
16067
16069
16072
16082
16108
16110
16115
16144
16164
16171
16174
16177
16182
16186
16191
16192
16215
16220
16222
16243
16249
16250
16254
16255
16255
16256
16263
16266
16275
16279
16280
16290
16300
16301
16306
16309
16318
16342
16360
16360
16362
16368
16373
16382
16390
16399
16401
16402
16407
16411
16433
16433
16444
16448
16453
16461
16467
16471
16473
16477
16478
16502
16503
16505
16509
16524
16538
16542
16549
16564
16566
16567
16579
16585
16597
16606
16611
16616
16624
16659
16661
16664
16668
16669
16676
16677
16679
16691
16718
16722
16730
16731
16740
16749
16750
16755
16800
16801
16803
16811
16839
16855
16864
16881
16884
16888
16894
16906
16908
16918
16927
16931
16936
16936
16945
16946
16946
16954
16958
16964
16965
16976
16980
17013
17033
17040
17041
17049
17052
17067
17070
17088
17090
17105
17117
17129
17130
17154
17158
17159
17166
17172
17182
17183
17192
17241
17244
17254
17259
17262
17266
17270
17271
17275
17276
17289
17292
17301
17304
17307
17316
17318
17324
17344
17346
17348
17350
17352
17360
17363
17372
17393
17397
17400
17408
17413
17441
17442
17442
17448
17461
17483
17494
17499
17501
17503
17504
17534
17552
17558
17560
17560
17566
17594
17594
17600
17606
17619
17620
17630
17634
17638
17645
17651
17653
17673
17677
17679
17681
17685
17696
17696
17706
17717
17719
17722
17742
17744
17752
17757
17759
17765
17813
17815
17824
17846
17856
17859
17864
17879
17898
17909
17915
17923
17950
17962
17963
17976
18018
18023
18034
18035
18046
18047
18053
18056
18062
18066
18071
18082
18101
18101
18119
18120
18132
18147
18163
18164
18174
18182
18190
18211
18224
18227
18228
18246
18254
18259
18271
18316
18320
18325
18330
18339
18359
18366
18372
18376
18386
18399
18400
18407
18412
18417
18418
18437
18445
18458
18484
18484
18514
18526
18530
18533
18547
18547
18566
18576
18581
18596
18613
18621
18630
18630
18641
18646
18646
18653
18655
18664
18668
18689
18691
18694
18696
18696
18711
18730
18736
18750
18751
18754
18770
18771
18777
18820
18823
18827
18827
18829
18840
18852
18854
18858
18860
18885
18897
18914
18917
18920
18920
18924
18948
18954
18963
18968
18970
18988
19002
19009
19021
19021
19022
19022
19034
19050
19085
19087
19096
19096
19098
19101
19106
19125
19126
19131
19141
19152
19154
19178
19192
19195
19196
19198
19208
19213
19238
19240
19246
19247
19252
19258
19266
19278
19282
19309
19310
19313
19338
19340
19343
19352
19374
19376
19377
19413
19414
19433
19450
19466
19473
19476
19484
19501
19504
19504
19510
19526
19550
19563
19580
19592
19600
19606
19619
19620
19627
19630
19639
19647
19654
19656
19658
19679
19684
19685
19721
19722
19746
19749
19753
19767
19775
19777
19784
19798
19801
19807
19811
19811
19814
19830
19832
19860
19865
19874
19877
19882
19892
19901
19902
19907
19930
19930
19938
19945
19957
19965
19967
19971
19973
19975
19984
19986
19992
19995
20000
20000
20008
20012
20032
20038
20049
20057
20066
20069
20074
20081
20094
20110
20118
20143
20150
20193
20205
20214
20218
20229
20248
20251
20256
20257
20260
20270
20283
20292
20315
20320
20325
20335
20337
20339
20341
20342
20345
20361
20380
20391
20392
20400
20413
20431
20435
20440
20460
20468
20477
20485
20502
20524
20525
20529
20530
20557
20566
20573
20590
20614
20620
20645
20652
20694
20707
20707
20730
20740
20742
20742
20746
20753
20757
20763
20789
20794
20794
20795
20811
20813
20867
20872
20886
20893
20893
20908
20908
20922
20923
20930
20944
20973
20983
20983
21010
21029
21031
21033
21041
21061
21067
21067
21079
21092
21101
21105
21108
21117
21148
21151
21153
21181
21183
21187
21188
21197
21200
21213
21217
21233
21235
21248
21251
21286
21294
21325
21325
21331
21335
21341
21350
21353
21360
21373
21374
21375
21400
21401
21407
21408
21411
21422
21445
21448
21464
21473
21482
21489
21500
21503
21510
21525
21551
21557
21562
21562
21570
21570
21580
21599
21610
21617
21630
21639
21644
21645
21646
21654
21673
21685
21706
21720
21723
21735
21749
21753
21756
21770
21771
21773
21776
21777
21778
21785
21788
21791
21804
21809
21825
21828
21837
21838
21850
21854
21854
21857
21864
21865
21866
21868
21871
21872
21873
21874
21890
21907
21908
21909
21912
21915
21919
21923
21924
21932
21932
21940
21967
21977
22009
22013
22014
22016
22021
22027
22027
22029
22034
22044
22047
22055
22059
22064
22074
22075
22095
22124
22136
22137
22143
22155
22157
22162
22171
22172
22183
22185
22185
22220
22236
22244
22253
22258
22264
22296
22314
22316
22317
22334
22342
22343
22350
22353
22374
22381
22381
22397
22431
22446
22455
22464
22477
22500
22502
22507
22511
22524
22529
22533
22565
22571
22594
22603
22623
22638
22640
22644
22645
22658
22663
22670
22671
22680
22684
22699
22703
22705
22721
22763
22768
22794
22805
22807
22808
22813
22837
22841
22844
22847
22849
22856
22867
22869
22878
22898
22907
22920
22924
22927
22933
22948
22964
22965
22966
22976
22990
22990
23001
23002
23004
23011
23033
23038
23048
23053
23054
23061
23063
23063
23078
23086
23117
23125
23127
23132
23136
23158
23167
23170
23175
23187
23189
23193
23209
23228
23233
23266
23268
23269
23295
23299
23301
23303
23316
23319
23321
23322
23326
23326
23338
23341
23345
23362
23363
23370
23374
23403
23403
23412
23418
23428
23429
23432
23442
23448
23458
23465
23466
23467
23470
23481
23485
23501
23508
23512
23512
23528
23546
23548
23551
23574
23576
23583
23586
23593
23602
23612
23640
23660
23665
23684
23686
23700
23703
23708
23722
23729
23744
23757
23762
23780
23783
23788
23789
23789
23790
23795
23818
23829
23849
23865
23920
23945
23945
23956
23956
23965
23973
23973
23987
24006
24022
24031
24037
24045
24055
24061
24066
24077
24093
24096
24118
24143
24144
24150
24150
24163
24169
24173
24179
24190
24196
24200
24205
24224
24243
24251
24254
24257
24267
24269
24270
24274
24285
24287
24301
24317
24319
24328
24345
24350
24351
24372
24375
24379
24386
24387
24394
24395
24399
24412
24416
24423
24430
24438
24443
24459
24492
24497
24508
24513
24517
24523
24533
24558
24568
24579
24596
24616
24624
24630
24640
24641
24644
24648
24651
24653
24654
24656
24665
24695
24714
24725
24729
24770
24782
24787
24791
24795
24803
24812
24831
24836
24844
24849
24858
24858
24862
24863
24867
24880
24884
24892
24911
24916
24930
24931
24934
24956
24966
24967
24976
24989
25001
25012
25020
25027
25028
25042
25069
25076
25106
25131
25140
25141
25141
25152
25155
25160
25180
25192
25203
25219
25220
25221
25247
25251
25274
25289
25290
25310
25310
25315
25316
25317
25319
25329
25333
25338
25355
25369
25371
25372
25373
25373
25382
25384
25393
25400
25416
25440
25447
25450
25464
25467
25476
25491
25499
25508
25528
25547
25560
25562
25568
25573
25575
25583
25592
25597
25599
25606
25611
25613
25616
25618
25630
25631
25639
25647
25663
25664
25681
25683
25689
25695
25701
25716
25718
25722
25753
25786
25796
25800
25824
25830
25845
25845
25848
25848
25854
25857
25887
25887
25903
25906
25916
25923
25942
25943
25952
25974
25977
25978
25995
25998
26008
26008
26011
26014
26026
26043
26082
26087
26109
26118
26119
26131
26149
26151
26155
26162
26168
26173
26177
26192
26195
26205
26206
26210
26213
26218
26223
26231
26235
26245
26251
26260
26262
26265
26269
26272
26273
26313
26333
26351
26352
26354
26355
26357
26362
26366
26370
26380
26396
26401
26409
26412
26413
26418
26429
26437
26439
26443
26446
26452
26472
26483
26485
26495
26501
26510
26513
26526
26537
26560
26571
26580
26583
26587
26591
26595
26597
26598
26623
26629
26630
26652
26681
26683
26685
26686
26731
26738
26744
26756
26765
26771
26771
26779
26783
26784
26788
26825
26828
26832
26846
26881
26881
26886
26911
26924
26949
26961
26963
26975
27003
27004
27021
27027
27050
27067
27073
27076
27084
27098
27102
27105
27106
27123
27124
27130
27133
27139
27145
27145
27160
27202
27206
27209
27219
27224
27232
27241
27243
27246
27271
27276
27296
27300
27301
27306
27316
27326
27364
27386
27393
27393
27396
27398
27402
27417
27423
27433
27440
27450
27454
27471
27475
27478
27516
27517
27520
27530
27540
27547
27548
27552
27554
27558
27564
27564
27571
27586
27586
27590
27594
27594
27595
27608
27609
27617
27622
27636
27672
27675
27676
27676
27684
27687
27708
27708
27710
27712
27713
27722
27726
27726
27729
27730
27731
27731
27750
27750
27752
27760
27766
27791
27794
27801
27805
27816
27841
27842
27843
27844
27848
27857
27861
27867
27894
27895
27906
27906
27916
27917
27961
27984
27986
27987
27989
28026
28031
28037
28049
28050
28056
28064
28071
28085
28086
28103
28117
28126
28146
28151
28153
28162
28173
28222
28243
28260
28293
28300
28302
28302
28322
28333
28336
28352
28353
28403
28407
28417
28419
28422
28423
28427
28428
28431
28436
28439
28446
28453
28456
28458
28459
28483
28493
28504
28505
28506
28508
28512
28517
28524
28526
28539
28543
28563
28595
28597
28612
28635
28651
28660
28673
28674
28676
28678
28683
28710
28717
28724
28724
28736
28742
28746
28760
28760
28775
28777
28790
28794
28800
28807
28808
28820
28825
28841
28841
28843
28844
28848
28853
28878
28878
28907
28922
28931
28939
28968
28975
28975
28979
28979
28986
28993
29006
29010
29011
29027
29032
29056
29057
29058
29063
29101
29109
29126
29134
29144
29147
29182
29189
29193
29201
29209
29209
29212
29215
29227
29235
29244
29265
29269
29278
29298
29299
29306
29343
29345
29348
29348
29357
29363
29363
29367
29371
29371
29374
29411
29415
29437
29440
29440
29465
29465
29473
29503
29514
29529
29530
29532
29541
29552
29581
29584
29585
29586
29605
29621
29626
29630
29634
29639
29648
29667
29674
29678
29678
29697
29701
29725
29728
29728
29735
29737
29748
29750
29773
29773
29818
29823
29831
29834
29835
29843
29887
29888
29894
29895
29919
29930
29942
29943
29951
29979
29984
30002
30014
30018
30027
30049
30070
30078
30080
30082
30089
30114
30123
30123
30128
30131
30137
30163
30174
30176
30183
30204
30228
30257
30264
30272
30302
30309
30331
30342
30349
30354
30354
30360
30370
30373
30377
30384
30384
30393
30399
30408
30429
30453
30469
30476
30477
30487
30493
30494
30505
30510
30510
30513
30532
30536
30546
30547
30551
30593
30612
30612
30622
30624
30670
30686
30712
30722
30738
30738
30753
30755
30755
30760
30765
30765
30778
30783
30792
30816
30816
30818
30828
30847
30850
30859
30861
30862
30867
30872
30876
30885
30891
30892
30893
30894
30897
30911
30912
30917
30923
30935
30943
30957
30960
30970
30970
30977
31022
31022
31024
31035
31047
31051
31051
31054
31055
31068
31079
31080
31087
31090
31121
31130
31133
31146
31151
31164
31166
31183
31185
31185
31186
31193
31200
31216
31219
31234
31247
31248
31250
31259
31267
31279
31280
31281
31289
31296
31297
31297
31322
31337
31338
31354
31361
31369
31383
31385
31388
31391
31393
31395
31396
31397
31403
31416
31426
31432
31433
31437
31438
31442
31451
31454
31456
31489
31498
31519
31522
31524
31527
31531
31538
31541
31546
31552
31573
31574
31577
31584
31584
31590
31590
31597
31600
31603
31605
31613
31624
31630
31644
31652
31657
31670
31681
31683
31707
31709
31716
31717
31731
31733
31757
31770
31777
31779
31784
31788
31813
31817
31824
31827
31834
31835
31848
31867
31869
31873
31878
31879
31883
31897
31898
31915
31954
31960
31963
31969
31995
32002
32014
32015
32027
32031
32048
32049
32063
32099
32100
32105
32118
32125
32126
32143
32171
32182
32190
32219
32225
32261
32265
32301
32304
32304
32325
32326
32328
32335
32339
32346
32347
32347
32357
32369
32381
32393
32394
32395
32429
32443
32454
32466
32478
32479
32479
32493
32498
32505
32513
32514
32527
32536
32546
32554
32556
32556
32558
32568
32571
32587
32591
32598
32605
32629
32632
32636
32636
32640
32653
32655
32661
32675
32679
32706
32707
32712
32716
32730
32732
32733
32745
32748
32762
32768
32773
32806
32809
32810
32817
32834
32837
32844
32859
32864
32866
32883
32892
32903
32908
32918
32925
32925
32927
32930
32930
32933
32937
32940
32940
32943
32965
32982
32993
32996
32998
33002
33005
33013
33023
33029
33039
33048
33052
33054
33056
33059
33066
33068
33072
33097
33110
33119
33125
33125
33127
33160
33165
33185
33199
33200
33207
33219
33254
33264
33264
33267
33269
33280
33284
33310
33319
33332
33340
33350
33351
33373
33386
33407
33409
33419
33419
33427
33432
33432
33433
33446
33452
33458
33465
33479
33481
33485
33501
33511
33517
33522
33527
33528
33530
33531
33542
33550
33554
33562
33570
33586
33598
33607
33643
33669
33671
33679
33686
33694
33713
33715
33720
33721
33729
33731
33733
33745
33748
33758
33773
33775
33796
33807
33807
33807
33815
33827
33828
33831
33838
33881
33884
33889
33896
33901
33918
33921
33924
33930
33937
33941
33942
33957
33960
33984
33986
33991
33994
33998
34002
34007
34018
34038
34047
34063
34078
34085
34086
34088
34093
34093
34096
34099
34111
34113
34150
34169
34184
34211
34214
34227
34231
34240
34249
34251
34265
34266
34273
34277
34280
34285
34292
34304
34341
34349
34387
34400
34410
34411
34420
34420
34454
34457
34479
34481
34498
34503
34517
34527
34535
34535
34538
34538
34551
34574
34581
34587
34590
34591
34593
34620
34624
34641
34651
34655
34663
34664
34675
34676
34681
34729
34734
34734
34748
34768
34771
34773
34783
34793
34808
34819
34823
34824
34840
34854
34865
34876
34893
34898
34902
34904
34920
34921
34928
34954
34963
34999
35012
35021
35026
35026
35033
35034
35036
35054
35072
35082
35084
35085
35092
35126
35131
35135
35166
35181
35185
35194
35212
35216
35228
35250
35271
35298
35329
35332
35344
35352
35358
35361
35386
35387
35390
35391
35394
35395
35397
35397
35410
35416
35419
35426
35427
35428
35428
35475
35487
35491
35493
35511
35514
35515
35523
35529
35550
35554
35565
35603
35607
35615
35654
35654
35665
35701
35705
35708
35719
35722
35725
35726
35728
35759
35764
35766
35772
35778
35779
35782
35797
35801
35803
35819
35829
35831
35857
35863
35879
35884
35892
35907
35918
35921
35928
35936
35943
35957
35975
35978
35982
35985
35988
35992
35993
36000
36029
36033
36034
36036
36057
36057
36068
36076
36085
36091
36096
36112
36114
36115
36117
36125
36127
36129
36142
36153
36155
36174
36179
36191
36199
36201
36218
36227
36229
36229
36229
36229
36250
36258
36275
36286
36288
36295
36311
36323
36325
36332
36335
36358
36359
36366
36367
36379
36380
36391
36395
36397
36411
36413
36416
36418
36428
36435
36441
36444
36450
36456
36466
36472
36487
36496
36497
36546
36546
36555
36561
36597
36606
36607
36610
36615
36624
36640
36648
36656
36694
36699
36703
36705
36709
36711
36718
36728
36743
36747
36757
36771
36782
36784
36789
36798
36816
36849
36861
36863
36904
36907
36911
36915
36918
36925
36933
36934
36939
36942
36950
36955
36967
36984
36986
36998
37005
37030
37031
37037
37040
37054
37056
37059
37063
37071
37073
37117
37139
37143
37153
37154
37164
37185
37195
37206
37212
37228
37231
37241
37242
37242
37246
37259
37262
37278
37288
37297
37302
37320
37334
37334
37336
37351
37371
37376
37384
37403
37410
37414
37418
37421
37458
37470
37477
37487
37498
37523
37524
37528
37529
37534
37537
37540
37551
37561
37570
37572
37578
37584
37591
37591
37592
37595
37613
37619
37639
37652
37655
37663
37667
37704
37707
37721
37722
37724
37727
37730
37732
37733
37741
37749
37761
37765
37768
37771
37803
37804
37806
37825
37827
37831
37844
37855
37862
37862
37883
37919
37920
37928
37934
37939
37943
37952
37957
37978
37979
37988
37996
38025
38036
38056
38056
38072
38072
38073
38090
38094
38135
38138
38140
38148
38156
38166
38173
38180
38191
38199
38210
38213
38216
38218
38235
38241
38242
38247
38249
38253
38259
38287
38294
38307
38309
38311
38315
38319
38332
38341
38344
38344
38345
38354
38366
38367
38369
38371
38384
38390
38401
38411
38423
38433
38441
38447
38449
38464
38471
38474
38478
38479
38479
38480
38483
38488
38490
38493
38494
38496
38506
38523
38524
38526
38537
38567
38576
38586
38589
38591
38594
38598
38601
38619
38622
38654
38677
38679
38679
38684
38688
38696
38711
38720
38750
38751
38770
38773
38774
38775
38776
38786
38809
38813
38818
38819
38819
38847
38853
38857
38859
38863
38868
38871
38874
38914
38916
38919
38923
38926
38945
38949
38950
38954
38955
38956
38965
38970
38974
38987
38999
39019
39021
39024
39029
39030
39045
39049
39065
39075
39083
39090
39095
39109
39140
39159
39176
39187
39203
39225
39237
39243
39251
39255
39262
39268
39281
39290
39303
39314
39327
39347
39365
39366
39392
39403
39413
39419
39433
39436
39447
39450
39465
39472
39476
39485
39495
39496
39521
39526
39537
39551
39555
39563
39567
39572
39576
39579
39600
39612
39622
39645
39660
39667
39675
39677
39717
39722
39731
39732
39735
39737
39752
39772
39779
39789
39796
39796
39797
39805
39821
39829
39838
39839
39866
39875
39883
39886
39887
39898
39907
39910
39914
39927
39950
39952
39955
39969
39972
39980
39998
40007
40014
40015
40018
40025
40040
40049
40059
40066
40070
40075
40075
40137
40148
40154
40156
40166
40170
40190
40191
40196
40199
40201
40209
40232
40233
40234
40253
40261
40267
40268
40273
40287
40302
40325
40327
40332
40348
40355
40366
40380
40380
40388
40391
40397
40408
40428
40440
40441
40446
40451
40464
40502
40517
40523
40532
40539
40545
40546
40546
40557
40560
40567
40579
40582
40593
40595
40606
40607
40610
40613
40623
40644
40648
40654
40667
40671
40671
40682
40691
40697
40716
40721
40728
40734
40742
40744
40746
40750
40753
40766
40767
40771
40802
40804
40804
40822
40823
40824
40830
40836
40839
40844
40859
40861
40877
40884
40885
40888
40889
40892
40895
40918
40930
40934
40936
40937
40964
40980
40980
40993
40995
41005
41023
41039
41040
41040
41087
41106
41108
41112
41114
41121
41124
41130
41138
41139
41182
41184
41190
41198
41215
41226
41236
41240
41247
41260
41265
41265
41267
41280
41308
41341
41347
41373
41387
41408
41415
41418
41429
41431
41442
41453
41453
41455
41457
41469
41475
41477
41478
41485
41488
41498
41498
41503
41524
41548
41551
41555
41557
41563
41564
41567
41571
41589
41602
41604
41614
41635
41647
41650
41667
41679
41680
41690
41690
41692
41727
41728
41728
41733
41751
41752
41765
41770
41774
41787
41788
41794
41801
41811
41813
41832
41843
41860
41861
41871
41877
41879
41883
41892
41894
41908
41929
41938
41941
41942
41945
41949
41960
41980
41989
41993
42003
42012
42014
42024
42028
42034
42041
42042
42062
42080
42092
42101
42115
42134
42138
42144
42154
42167
42178
42191
42196
42205
42209
42216
42224
42227
42240
42255
42265
42270
42276
42301
42323
42325
42330
42348
42354
42377
42383
42384
42385
42392
42392
42403
42403
42419
42419
42424
42440
42447
42468
42472
42484
42499
42519
42520
42556
42562
42564
42568
42570
42572
42586
42607
42614
42619
42622
42627
42639
42642
42652
42664
42675
42677
42703
42711
42712
42721
42725
42730
42741
42742
42753
42763
42768
42772
42772
42794
42813
42814
42822
42827
42833
42834
42839
42847
42868
42885
42923
42926
42936
42937
42938
42940
42940
42945
42948
42952
42953
42966
42966
42968
42990
43010
43017
43017
43054
43072
43077
43090
43102
43116
43118
43121
43128
43133
43151
43162
43163
43168
43185
43189
43198
43201
43205
43210
43239
43292
43295
43299
43306
43317
43355
43385
43440
43442
43448
43452
43465
43468
43499
43501
43509
43511
43517
43533
43538
43544
43558
43563
43570
43575
43586
43594
43596
43596
43596
43610
43621
43624
43634
43635
43644
43645
43646
43649
43659
43673
43675
43680
43716
43719
43721
43728
43730
43754
43761
43763
43771
43774
43775
43778
43784
43787
43812
43835
43842
43849
43880
43884
43886
43893
43930
43937
43941
43943
43943
43945
43947
43952
43955
43984
43985
43990
43991
44003
44018
44018
44035
44041
44046
44050
44051
44056
44056
44060
44060
44063
44066
44075
44082
44083
44085
44085
44095
44097
44110
44119
44124
44125
44129
44130
44137
44140
44145
44150
44165
44166
44167
44172
44190
44193
44196
44200
44207
44209
44215
44219
44228
44230
44232
44236
44249
44255
44257
44261
44266
44279
44294
44298
44301
44348
44358
44369
44376
44388
44388
44395
44396
44396
44430
44440
44445
44446
44447
44451
44458
44463
44468
44470
44499
44505
44514
44542
44552
44569
44573
44581
44583
44613
44632
44639
44651
44654
44661
44672
44674
44675
44687
44706
44709
44711
44734
44734
44745
44746
44756
44763
44763
44770
44775
44776
44779
44797
44798
44800
44810
44815
44827
44830
44834
44840
44857
44864
44871
44881
44883
44885
44891
44902
44905
44916
44920
44925
44936
44945
44946
44948
44951
44962
44973
44982
44989
45010
45010
45033
45035
45037
45039
45043
45075
45079
45108
45109
45121
45126
45131
45133
45134
45138
45149
45157
45204
45205
45210
45227
45231
45255
45258
45262
45268
45301
45313
45314
45320
45320
45351
45355
45359
45372
45373
45375
45376
45385
45388
45396
45397
45415
45421
45423
45434
45462
45468
45475
45481
45482
45482
45498
45500
45500
45510
45533
45555
45565
45571
45606
45607
45622
45630
45634
45664
45666
45675
45681
45696
45700
45704
45734
45743
45744
45744
45754
45760
45760
45763
45763
45775
45779
45783
45786
45802
45812
45817
45826
45832
45833
45851
45862
45862
45866
45872
45887
45896
45906
45912
45915
45922
45938
45943
45945
45951
45952
45952
45955
45962
45999
45999
46004
46019
46034
46035
46035
46041
46049
46061
46069
46069
46087
46089
46111
46123
46148
46158
46162
46175
46180
46196
46201
46207
46208
46210
46213
46218
46232
46234
46236
46241
46255
46257
46264
46266
46272
46280
46306
46308
46328
46337
46342
46348
46349
46350
46363
46365
46377
46398
46401
46424
46434
46434
46439
46459
46462
46463
46478
46486
46512
46512
46512
46518
46518
46525
46527
46539
46542
46546
46548
46555
46556
46558
46567
46574
46579
46597
46602
46607
46629
46629
46639
46657
46663
46694
46702
46706
46709
46712
46731
46737
46738
46750
46760
46765
46775
46776
46781
46788
46801
46806
46819
46821
46822
46822
46829
46846
46859
46866
46872
46891
46904
46956
46963
46968
46969
46982
46985
47010
47010
47011
47013
47024
47024
47032
47051
47061
47067
47067
47072
47076
47082
47091
47096
47100
47107
47108
47148
47156
47156
47160
47162
47163
47164
47171
47177
47185
47211
47214
47215
47224
47229
47231
47261
47276
47278
47278
47328
47335
47343
47345
47349
47349
47364
47375
47384
47402
47406
47417
47424
47433
47442
47455
47508
47514
47519
47519
47529
47532
47538
47542
47556
47557
47563
47565
47583
47591
47593
47597
47621
47622
47628
47629
47630
47650
47653
47666
47675
47675
47681
47683
47692
47697
47713
47734
47735
47758
47779
47788
47789
47795
47807
47825
47833
47844
47862
47865
47878
47880
47886
47905
47930
47937
47946
47951
47959
47971
47979
47984
47996
48012
48028
48029
48034
48049
48051
48056
48061
48070
48092
48100
48101
48105
48112
48115
48120
48155
48165
48181
48198
48217
48229
48237
48245
48254
48267
48279
48291
48306
48330
48335
48366
48383
48389
48391
48414
48415
48416
48417
48418
48423
48423
48424
48451
48462
48475
48499
48505
48513
48515
48517
48527
48540
48544
48564
48568
48582
48591
48621
48623
48627
48640
48643
48671
48678
48680
48688
48711
48711
48722
48730
48733
48739
48744
48754
48755
48756
48757
48764
48766
48768
48780
48799
48800
48808
48811
48813
48815
48817
48855
48869
48878
48892
48895
48905
48907
48907
48931
48936
48944
48956
48965
48972
48979
48979
48983
48984
48986
49016
49016
49018
49045
49048
49051
49068
49082
49088
49109
49126
49138
49142
49148
49154
49157
49180
49190
49192
49197
49199
49211
49271
49277
49310
49315
49317
49324
49324
49344
49354
49356
49359
49388
49424
49433
49434
49439
49447
49457
49461
49489
49504
49519
49538
49541
49545
49547
49554
49555
49559
49561
49568
49568
49573
49583
49603
49620
49636
49650
49650
49667
49669
49673
49690
49724
49738
49738
49740
49749
49752
49780
49790
49795
49796
49829
49843
49851
49851
49869
49877
49894
49905
49934
49954
49958
49962
49973
49976
49981
49983
49993
49995
50016
50019
50022
50024
50025
50026
50031
50038
50058
50064
50068
50077
50081
50098
50103
50118
50123
50125
50144
50148
50149
50150
50156
50179
50194
50195
50199
50201
50215
50241
50257
50267
50271
50278
50281
50284
50288
50289
50292
50294
50307
50310
50314
50326
50332
50336
50336
50360
50391
50403
50424
50431
50447
50456
50481
50495
50497
50505
50518
50529
50534
50535
50552
50555
50568
50576
50577
50594
50623
50627
50628
50629
50630
50641
50642
50666
50674
50676
50708
50709
50724
50753
50758
50772
50786
50789
50804
50806
50808
50824
50836
50843
50847
50864
50871
50872
50888
50896
50897
50903
50904
50916
50929
50936
50945
50949
50949
50949
50973
51002
51012
51043
51054
51054
51059
51075
51089
51095
51101
51101
51118
51119
51126
51127
51134
51139
51148
51149
51156
51158
51181
51182
51183
51184
51192
51192
51199
51206
51206
51217
51220
51227
51250
51263
51264
51277
51293
51294
51311
51318
51335
51339
51342
51372
51380
51390
51405
51406
51412
51415
51421
51422
51440
51441
51448
51468
51490
51498
51512
51512
51521
51530
51534
51540
51544
51548
51567
51568
51578
51585
51608
51622
51628
51635
51639
51641
51649
51654
51657
51660
51674
51675
51678
51690
51703
51709
51721
51729
51733
51735
51736
51736
51748
51762
51766
51766
51768
51779
51791
51795
51796
51801
51812
51818
51834
51835
51845
51848
51849
51855
51858
51870
51870
51875
51884
51902
51903
51909
51945
51958
51970
51990
51999
51999
52020
52022
52030
52033
52037
52042
52077
52078
52082
52086
52089
52104
52112
52113
52119
52133
52135
52144
52161
52183
52196
52208
52211
52211
52229
52235
52247
52287
52291
52320
52322
52325
52327
52328
52349
52349
52353
52356
52374
52392
52395
52395
52398
52410
52414
52432
52437
52438
52471
52479
52507
52521
52534
52537
52537
52547
52548
52554
52563
52573
52597
52613
52621
52630
52637
52649
52655
52655
52664
52670
52677
52691
52696
52719
52735
52740
52740
52745
52755
52757
52761
52761
52783
52792
52795
52801
52803
52808
52811
52819
52836
52861
52869
52871
52875
52886
52899
52905
52909
52912
52922
52924
52927
52939
52957
52969
52973
52978
52981
52992
53018
53040
53041
53057
53057
53082
53086
53115
53116
53124
53128
53136
53147
53150
53155
53157
53157
53160
53183
53183
53197
53230
53237
53240
53251
53267
53274
53274
53292
53298
53298
53311
53312
53315
53327
53327
53341
53351
53355
53355
53359
53375
53383
53387
53390
53394
53398
53416
53417
53422
53435
53464
53480
53480
53501
53506
53512
53521
53528
53533
53554
53560
53561
53571
53577
53587
53608
53615
53626
53631
53636
53646
53649
53674
53680
53686
53695
53700
53707
53727
53730
53750
53750
53790
53806
53814
53830
53831
53851
53879
53901
53908
53927
53935
53963
53978
53983
53990
53995
54007
54032
54038
54045
54053
54064
54073
54084
54094
54099
54109
54130
54131
54146
54154
54155
54162
54163
54172
54179
54185
54191
54196
54209
54209
54217
54226
54231
54240
54243
54247
54269
54270
54299
54307
54322
54327
54333
54337
54340
54342
54360
54364
54366
54367
54374
54381
54398
54399
54399
54404
54408
54424
54425
54426
54426
54427
54441
54443
54481
54483
54486
54488
54492
54503
54503
54510
54516
54516
54526
54548
54551
54576
54577
54580
54600
54601
54602
54604
54607
54614
54617
54622
54622
54626
54627
54632
54633
54634
54634
54636
54641
54645
54655
54663
54668
54683
54686
54688
54691
54698
54700
54704
54716
54757
54763
54767
54770
54779
54782
54783
54788
54801
54804
54815
54821
54823
54832
54845
54856
54878
54878
54881
54882
54901
54901
54906
54914
54921
54931
54935
54942
54946
54957
54962
54979
54980
54982
54998
54999
55017
55072
55085
55088
55090
55092
55102
55108
55123
55150
55155
55169
55184
55201
55215
55222
55240
55245
55245
55247
55262
55268
55277
55295
55305
55306
55309
55327
55337
55343
55355
55365
55378
55379
55390
55392
55392
55394
55396
55404
55410
55413
55413
55416
55416
55454
55457
55459
55459
55463
55481
55482
55486
55494
55495
55512
55529
55553
55553
55564
55568
55572
55575
55590
55608
55618
55621
55629
55630
55645
55660
55665
55667
55668
55672
55683
55685
55711
55711
55711
55712
55717
55721
55739
55739
55754
55759
55767
55773
55775
55798
55801
55813
55817
55850
55858
55858
55859
55861
55870
55872
55887
55907
55944
55959
55962
55964
55968
55977
55982
55982
55987
55996
56003
56039
56050
56051
56061
56073
56076
56090
56096
56104
56105
56107
56111
56114
56126
56157
56159
56163
56178
56181
56185
56212
56229
56232
56257
56263
56279
56325
56326
56348
56355
56366
56369
56371
56381
56408
56431
56440
56448
56454
56458
56464
56468
56475
56483
56484
56488
56509
56512
56514
56520
56525
56529
56537
56544
56550
56561
56581
56589
56590
56606
56614
56636
56637
56643
56647
56659
56660
56662
56667
56678
56679
56685
56686
56687
56713
56721
56727
56729
56732
56738
56744
56748
56771
56775
56781
56802
56815
56851
56857
56939
56943
56951
56959
56969
56973
56974
56975
56978
56990
56998
56999
57018
57030
57033
57054
57060
57065
57066
57070
57079
57088
57104
57107
57136
57138
57141
57171
57181
57187
57188
57211
57215
57220
57229
57240
57245
57251
57258
57278
57280
57290
57291
57300
57302
57304
57313
57326
57345
57349
57393
57397
57402
57409
57423
57425
57429
57433
57436
57440
57440
57460
57460
57461
57462
57464
57479
57482
57484
57509
57523
57540
57542
57547
57568
57568
57573
57584
57586
57587
57626
57630
57638
57644
57659
57667
57694
57707
57718
57737
57739
57748
57753
57754
57759
57777
57780
57781
57810
57813
57814
57820
57821
57828
57834
57847
57851
57894
57896
57911
57914
57921
57931
57948
57953
57958
57963
57976
57976
57983
57988
58002
58007
58021
58031
58037
58044
58064
58069
58089
58108
58117
58123
58128
58131
58133
58142
58143
58143
58156
58167
58184
58186
58196
58198
58206
58213
58246
58250
58258
58268
58284
58297
58298
58304
58304
58306
58306
58315
58346
58352
58368
58377
58381
58409
58415
58417
58429
58445
58445
58449
58453
58462
58470
58473
58497
58498
58508
58508
58524
58526
58529
58538
58540
58552
58562
58570
58586
58600
58604
58623
58631
58632
58634
58635
58648
58651
58651
58659
58671
58672
58681
58681
58688
58700
58710
58717
58717
58725
58731
58738
58741
58751
58773
58781
58786
58801
58806
58822
58831
58836
58840
58843
58855
58859
58866
58868
58873
58887
58894
58899
58901
58901
58918
58929
58936
58963
58970
58989
58989
58991
58999
59002
59006
59010
59015
59022
59056
59078
59100
59103
59113
59126
59147
59147
59153
59156
59164
59172
59179
59185
59202
59220
59229
59236
59246
59250
59253
59253
59258
59275
59288
59289
59296
59303
59304
59304
59328
59333
59333
59358
59365
59381
59383
59385
59407
59408
59409
59419
59421
59424
59426
59446
59447
59449
59451
59463
59477
59483
59503
59504
59508
59511
59515
59527
59533
59533
59554
59569
59583
59599
59601
59609
59610
59613
59617
59621
59630
59641
59645
59650
59652
59660
59665
59692
59700
59729
59752
59757
59768
59773
59776
59784
59789
59793
59798
59817
59835
59857
59858
59858
59860
59862
59876
59891
59898
59900
59905
59907
59922
59923
59947
59964
59974
59975
59976
59977
59988
59991
59994
59997
60024
60034
60037
60038
60042
60067
60085
60124
60136
60137
60158
60164
60169
60170
60186
60191
60191
60199
60200
60206
60207
60207
60219
60224
60225
60227
60235
60249
60254
60255
60258
60264
60269
60276
60293
60302
60304
60305
60312
60319
60324
60340
60342
60347
60353
60355
60369
60371
60371
60376
60383
60385
60394
60399
60406
60412
60427
60427
60439
60441
60455
60470
60478
60505
60505
60518
60524
60525
60530
60531
60533
60536
60559
60566
60573
60578
60578
60614
60618
60626
60626
60628
60641
60655
60660
60673
60685
60701
60703
60704
60707
60717
60717
60721
60723
60725
60731
60744
60764
60779
60780
60786
60805
60819
60820
60825
60830
60837
60845
60845
60866
60867
60877
60883
60915
60924
60942
60943
60953
60954
60956
60984
60990
61007
61008
61009
61012
61023
61025
61034
61047
61064
61073
61098
61101
61115
61124
61125
61130
61130
61147
61155
61160
61190
61202
61215
61232
61265
61267
61274
61278
61283
61287
61288
61294
61306
61321
61324
61327
61329
61336
61337
61338
61343
61345
61358
61363
61371
61382
61385
61391
61393
61395
61417
61423
61424
61425
61429
61432
61432
61437
61442
61466
61467
61470
61480
61495
61503
61508
61508
61514
61518
61528
61545
61556
61562
61570
61588
61611
61622
61627
61634
61647
61650
61680
61696
61712
61729
61734
61743
61749
61781
61785
61804
61810
61814
61817
61836
61848
61868
61870
61880
61882
61887
61888
61888
61894
61902
61944
61950
61956
61962
61975
61976
61986
61986
61993
62003
62018
62026
62026
62031
62051
62051
62054
62059
62063
62063
62065
62069
62098
62112
62124
62129
62131
62133
62143
62148
62157
62163
62164
62165
62169
62183
62196
62198
62214
62226
62234
62243
62245
62256
62260
62266
62277
62285
62296
62307
62320
62320
62335
62338
62341
62341
62356
62364
62366
62425
62432
62434
62435
62446
62463
62470
62470
62483
62489
62489
62496
62496
62505
62534
62535
62536
62537
62539
62540
62542
62545
62547
62550
62552
62583
62584
62595
62600
62605
62621
62631
62631
62637
62642
62655
62686
62695
62695
62705
62719
62730
62749
62757
62773
62774
62786
62818
62822
62824
62840
62850
62851
62854
62855
62855
62858
62870
62883
62884
62890
62893
62894
62900
62903
62908
62919
62924
62951
62954
62957
62962
62974
62977
62979
63004
63007
63037
63039
63058
63079
63088
63097
63115
63116
63124
63129
63146
63156
63189
63198
63217
63226
63227
63241
63243
63253
63263
63281
63282
63291
63319
63334
63338
63342
63359
63360
63364
63381
63381
63384
63404
63409
63409
63414
63416
63420
63439
63444
63445
63445
63446
63457
63462
63467
63469
63471
63492
63492
63492
63496
63497
63499
63505
63519
63523
63532
63558
63566
63568
63601
63605
63613
63614
63615
63633
63645
63647
63648
63659
63662
63663
63676
63679
63689
63697
63701
63710
63727
63727
63734
63736
63745
63774
63783
63787
63790
63814
63815
63822
63826
63827
63829
63829
63831
63838
63841
63853
63856
63859
63878
63880
63888
63913
63919
63922
63927
63937
63946
63946
63953
63963
63979
63986
63997
63999
64003
64010
64010
64019
64036
64046
64048
64074
64077
64089
64108
64149
64177
64190
64195
64202
64218
64227
64227
64238
64247
64252
64256
64259
64267
64275
64305
64332
64337
64346
64349
64350
64360
64369
64373
64377
64379
64386
64388
64406
64412
64414
64429
64445
64445
64455
64472
64476
64483
64512
64517
64525
64530
64545
64556
64559
64587
64592
64633
64636
64646
64652
64664
64672
64679
64694
64705
64720
64721
64735
64739
64749
64763
64763
64768
64774
64779
64798
64802
64819
64824
64827
64840
64841
64841
64844
64848
64853
64856
64868
64890
64901
64903
64923
64948
64955
64969
64980
64982
64997
65000
65035
65040
65041
65042
65045
65052
65052
65063
65064
65098
65115
65129
65132
65152
65159
65160
65172
65173
65195
65197
65200
65216
65227
65241
65268
65273
65289
65306
65316
65338
65340
65342
65346
65351
65356
65357
65372
65377
65382
65390
65397
65400
65429
65433
65435
65447
65448
65473
65475
65502
65503
65504
65539
65557
65558
65559
65567
65588
65589
65591
65594
65596
65604
65605
65617
65618
65622
65623
65638
65644
65656
65664
65666
65668
65679
65688
65703
65722
65722
65737
65746
65751
65753
65759
65761
65765
65789
65797
65814
65817
65821
65827
65832
65833
65840
65841
65885
65893
65899
65911
65920
65934
65937
65940
65964
65971
66004
66013
66014
66020
66021
66038
66041
66050
66050
66051
66059
66060
66068
66073
66084
66084
66090
66093
66094
66098
66099
66102
66104
66114
66118
66122
66129
66132
66132
66145
66156
66167
66173
66177
66191
66197
66201
66205
66217
66227
66230
66232
66239
66244
66247
66251
66252
66268
66274
66282
66282
66283
66289
66298
66299
66313
66318
66323
66359
66367
66369
66383
66399
66400
66428
66431
66434
66434
66459
66484
66498
66498
66544
66550
66561
66569
66581
66588
66627
66631
66637
66641
66645
66680
66687
66693
66701
66702
66710
66710
66716
66721
66725
66733
66740
66742
66752
66756
66808
66817
66836
66861
66874
66891
66894
66897
66899
66911
66916
66924
66933
66940
66956
66986
66995
67001
67004
67007
67008
67033
67034
67037
67059
67064
67067
67076
67078
67082
67116
67122
67135
67139
67141
67141
67144
67149
67165
67171
67171
67176
67179
67180
67194
67200
67210
67215
67226
67230
67241
67246
67246
67251
67272
67284
67293
67304
67305
67320
67323
67327
67335
67335
67339
67340
67343
67358
67378
67378
67386
67402
67402
67402
67403
67405
67413
67440
67443
67461
67461
67472
67482
67487
67488
67499
67502
67510
67516
67531
67543
67561
67570
67574
67582
67584
67602
67608
67617
67618
67621
67623
67625
67629
67650
67659
67662
67666
67681
67682
67682
67684
67691
67727
67766
67768
67772
67774
67776
67800
67808
67821
67833
67842
67856
67869
67881
67885
67889
67912
67914
67925
67939
67940
67941
67946
67966
67970
67971
67982
67988
67992
68003
68010
68031
68066
68067
68069
68073
68079
68093
68107
68114
68119
68136
68144
68175
68179
68185
68190
68195
68210
68211
68243
68260
68268
68268
68268
68278
68282
68283
68291
68293
68311
68321
68329
68330
68339
68340
68344
68346
68356
68371
68373
68384
68386
68387
68396
68410
68415
68426
68433
68448
68456
68457
68467
68476
68488
68488
68494
68550
68552
68553
68560
68580
68592
68596
68597
68610
68611
68612
68614
68634
68641
68641
68643
68664
68675
68695
68697
68704
68718
68725
68734
68738
68740
68743
68746
68753
68761
68780
68797
68798
68809
68810
68813
68814
68817
68846
68850
68866
68870
68873
68889
68892
68899
68900
68903
68907
68912
68928
68938
68958
68960
68965
68977
68979
68987
68989
69011
69019
69024
69034
69035
69040
69050
69054
69067
69076
69086
69091
69096
69115
69117
69122
69123
69124
69133
69134
69141
69147
69171
69176
69181
69192
69193
69199
69210
69243
69251
69262
69269
69275
69303
69326
69327
69340
69341
69346
69348
69358
69363
69366
69372
69379
69398
69408
69414
69417
69429
69432
69434
69439
69450
69452
69453
69455
69456
69467
69483
69486
69495
69501
69502
69508
69512
69518
69528
69530
69539
69557
69581
69589
69597
69604
69605
69606
69612
69629
69630
69631
69650
69655
69655
69658
69669
69669
69685
69693
69695
69711
69718
69751
69766
69786
69798
69804
69806
69807
69816
69826
69829
69842
69842
69843
69844
69850
69858
69881
69882
69883
69884
69885
69892
69905
69928
69928
69936
69941
69944
69945
69954
69960
69963
69985
69996
69999
70024
70033
70039
70043
70043
70047
70061
70062
70064
70069
70081
70082
70082
70102
70122
70126
70149
70154
70157
70174
70175
70187
70187
70243
70244
70251
70286
70320
70322
70329
70360
70364
70371
70378
70380
70407
70422
70427
70433
70435
70438
70446
70450
70457
70460
70465
70466
70481
70487
70495
70521
70526
70536
70539
70549
70552
70560
70562
70574
70578
70599
70603
70612
70615
70618
70626
70627
70629
70648
70653
70659
70670
70674
70678
70697
70719
70727
70738
70749
70757
70759
70771
70773
70786
70788
70816
70832
70835
70836
70839
70848
70848
70862
70870
70875
70884
70884
70889
70904
70914
70915
70925
70929
70931
70946
70972
70988
70989
71009
71020
71039
71041
71057
71060
71071
71078
71079
71123
71125
71141
71152
71157
71163
71163
71177
71182
71190
71198
71199
71212
71212
71213
71220
71228
71230
71233
71257
71259
71274
71283
71288
71289
71314
71323
71335
71347
71358
71371
71376
71378
71381
71391
71407
71408
71441
71444
71457
71460
71482
71492
71496
71524
71533
71548
71561
71573
71574
71594
71601
71609
71611
71636
71647
71666
71666
71682
71690
71692
71699
71715
71719
71727
71738
71751
71761
71767
71768
71772
71786
71786
71796
71800
71804
71809
71809
71817
71820
71834
71843
71845
71854
71857
71858
71880
71881
71883
71892
71895
71896
71902
71904
71917
71918
71932
71949
71960
71968
71970
71972
71977
71994
72006
72008
72013
72017
72019
72019
72021
72037
72037
72046
72052
72074
72079
72082
72086
72087
72102
72111
72118
72123
72155
72174
72176
72181
72205
72217
72221
72235
72267
72270
72289
72290
72297
72302
72310
72314
72317
72320
72321
72333
72336
72344
72355
72360
72363
72369
72376
72378
72399
72401
72402
72410
72418
72423
72426
72431
72432
72433
72436
72458
72461
72468
72485
72496
72499
72529
72544
72548
72577
72585
72608
72616
72618
72624
72629
72629
72642
72643
72649
72652
72659
72684
72688
72695
72703
72706
72714
72718
72733
72736
72750
72757
72772
72774
72791
72795
72799
72805
72805
72811
72817
72822
72830
72834
72835
72856
72871
72878
72893
72922
72931
72947
72955
72966
72968
72973
72982
72995
72999
73003
73005
73010
73014
73026
73027
73036
73050
73051
73055
73059
73062
73063
73081
73092
73094
73111
73127
73127
73130
73131
73165
73182
73183
73196
73202
73204
73205
73230
73233
73240
73263
73265
73267
73267
73291
73293
73308
73313
73318
73320
73321
73359
73362
73364
73368
73368
73368
73372
73384
73420
73420
73424
73427
73439
73442
73447
73462
73482
73517
73518
73537
73539
73547
73561
73563
73566
73582
73583
73603
73606
73621
73647
73649
73650
73662
73677
73681
73695
73698
73698
73710
73713
73715
73717
73728
73728
73731
73738
73748
73763
73772
73782
73786
73789
73793
73805
73813
73824
73826
73840
73844
73848
73852
73883
73896
73904
73920
73936
73939
73949
73954
73964
73997
74001
74018
74022
74034
74034
74038
74069
74075
74079
74098
74112
74117
74137
74178
74183
74191
74196
74203
74209
74269
74270
74278
74300
74303
74312
74325
74328
74338
74341
74354
74356
74362
74373
74377
74377
74382
74391
74396
74396
74405
74408
74413
74414
74434
74470
74471
74471
74513
74519
74522
74531
74545
74550
74552
74561
74565
74576
74607
74610
74614
74629
74649
74649
74670
74681
74688
74704
74708
74711
74712
74712
74721
74725
74770
74770
74772
74793
74809
74809
74820
74824
74848
74849
74859
74873
74878
74890
74894
74911
74914
74915
74916
74921
74962
74975
74997
75015
75036
75043
75045
75051
75063
75064
75070
75071
75078
75091
75099
75100
75100
75108
75124
75133
75134
75136
75148
75150
75153
75155
75165
75191
75202
75207
75217
75217
75220
75224
75227
75230
75232
75233
75246
75270
75291
75296
75301
75305
75308
75332
75338
75338
75341
75342
75343
75345
75355
75371
75376
75380
75390
75408
75412
75431
75432
75434
75435
75439
75441
75443
75443
75457
75457
75460
75467
75468
75468
75486
75487
75494
75517
75520
75525
75531
75531
75538
75544
75544
75564
75565
75568
75572
75584
75590
75595
75595
75607
75621
75629
75631
75636
75656
75657
75671
75676
75686
75688
75692
75697
75698
75708
75715
75727
75732
75737
75745
75750
75760
75762
75787
75796
75801
75801
75807
75811
75819
75823
75830
75863
75865
75889
75897
75899
75910
75911
75919
75930
75937
75949
75950
75951
75953
75958
75961
75967
75971
75978
76006
76007
76013
76029
76045
76045
76047
76050
76052
76066
76070
76072
76073
76081
76088
76099
76105
76107
76141
76157
76173
76177
76179
76183
76192
76230
76272
76273
76284
76291
76292
76293
76293
76294
76315
76327
76330
76353
76365
76377
76380
76384
76384
76391
76407
76409
76429
76431
76437
76451
76451
76452
76456
76457
76465
76474
76478
76479
76485
76492
76495
76497
76497
76500
76506
76514
76541
76553
76558
76560
76576
76586
76618
76620
76621
76626
76633
76636
76642
76647
76652
76672
76672
76673
76689
76723
76726
76726
76746
76747
76749
76763
76765
76784
76792
76806
76808
76831
76835
76851
76858
76868
76874
76885
76898
76910
76910
76911
76918
76929
76941
76952
76980
76994
77010
77033
77041
77041
77047
77056
77057
77067
77090
77102
77105
77105
77119
77120
77123
77126
77135
77149
77149
77151
77157
77162
77168
77185
77188
77192
77206
77217
77221
77247
77256
77285
77288
77312
77315
77320
77341
77344
77347
77348
77354
77372
77374
77385
77387
77392
77427
77429
77435
77447
77450
77460
77460
77477
77480
77488
77489
77494
77494
77508
77523
77529
77534
77544
77549
77578
77596
77613
77617
77622
77640
77642
77658
77679
77680
77689
77691
77707
77709
77714
77721
77722
77723
77733
77739
77752
77762
77767
77769
77785
77819
77831
77831
77848
77849
77862
77874
77889
77892
77893
77905
77928
77928
77937
77949
77959
77959
77969
77972
77976
77993
77995
78000
78002
78019
78026
78042
78043
78052
78053
78065
78066
78072
78077
78104
78105
78109
78137
78140
78148
78149
78151
78162
78187
78195
78196
78201
78207
78208
78222
78226
78226
78231
78234
78241
78242
78242
78245
78273
78276
78285
78289
78290
78299
78319
78321
78327
78334
78343
78344
78345
78347
78360
78361
78364
78370
78376
78398
78399
78409
78427
78456
78459
78459
78472
78491
78496
78506
78509
78513
78515
78523
78526
78533
78545
78546
78547
78549
78552
78559
78562
78562
78569
78576
78595
78596
78617
78617
78632
78638
78639
78646
78647
78654
78655
78657
78674
78691
78696
78714
78715
78720
78730
78744
78771
78786
78792
78795
78815
78831
78839
78864
78864
78871
78882
78889
78891
78892
78901
78909
78911
78915
78932
78947
78952
78958
78960
78991
78992
79000
79006
79008
79010
79029
79058
79085
79091
79110
79122
79131
79135
79143
79161
79166
79178
79178
79180
79187
79189
79191
79192
79192
79215
79225
79230
79231
79237
79243
79250
79256
79257
79278
79288
79293
79294
79297
79298
79301
79327
79340
79372
79377
79378
79386
79389
79392
79393
79401
79403
79403
79411
79420
79421
79426
79428
79432
79433
79433
79435
79440
79441
79443
79451
79468
79514
79515
79516
79518
79519
79523
79527
79538
79539
79540
79545
79562
79574
79578
79580
79618
79621
79629
79637
79639
79647
79651
79680
79686
79691
79692
79696
79707
79710
79722
79733
79741
79745
79760
79765
79798
79813
79828
79833
79834
79843
79845
79851
79851
79855
79877
79888
79888
79891
79904
79914
79914
79927
79931
79934
79940
79944
79946
79952
79952
79962
79962
79971
79979
79983
79986
80018
80023
80027
80029
80034
80040
80045
80069
80087
80099
80099
80100
80113
80166
80178
80180
80180
80205
80209
80219
80237
80244
80244
80245
80259
80261
80264
80269
80276
80276
80284
80285
80293
80296
80302
80318
80319
80337
80339
80341
80354
80360
80366
80368
80385
80390
80392
80394
80395
80397
80401
80402
80409
80433
80434
80440
80440
80454
80458
80464
80466
80468
80474
80480
80490
80520
80523
80526
80531
80532
80538
80554
80565
80602
80606
80613
80623
80627
80627
80630
80634
80639
80641
80642
80642
80651
80656
80670
80671
80671
80682
80693
80705
80714
80715
80720
80755
80757
80764
80782
80782
80835
80855
80856
80863
80865
80885
80893
80896
80916
80917
80922
80925
80942
80945
80968
80971
80976
80999
81002
81023
81023
81023
81027
81033
81034
81040
81051
81052
81066
81094
81100
81102
81113
81124
81129
81148
81157
81181
81186
81189
81202
81217
81234
81237
81241
81245
81267
81269
81269
81271
81273
81280
81284
81294
81315
81322
81330
81332
81353
81355
81362
81367
81370
81371
81385
81385
81403
81404
81405
81427
81439
81442
81487
81490
81491
81492
81495
81496
81503
81506
81533
81543
81545
81547
81562
81564
81608
81624
81648
81653
81653
81660
81667
81670
81671
81671
81674
81681
81681
81696
81703
81710
81721
81723
81724
81736
81746
81750
81751
81769
81772
81791
81808
81820
81829
81829
81835
81848
81850
81870
81874
81880
81890
81895
81896
81906
81907
81913
81943
81944
81945
81947
81954
81979
81996
81998
82004
82011
82022
82033
82049
82049
82070
82076
82080
82082
82083
82088
82100
82123
82124
82126
82133
82153
82153
82155
82156
82163
82168
82170
82184
82186
82193
82195
82196
82198
82204
82219
82220
82239
82245
82250
82255
82262
82267
82274
82279
82282
82293
82296
82306
82313
82314
82314
82319
82360
82453
82465
82467
82468
82473
82481
82484
82488
82499
82500
82515
82516
82524
82536
82543
82550
82570
82583
82594
82626
82627
82674
82692
82698
82699
82706
82720
82726
82729
82730
82734
82743
82764
82811
82827
82828
82830
82839
82846
82848
82849
82876
82878
82880
82881
82881
82883
82886
82888
82895
82901
82916
82917
82920
82931
82940
82941
82975
82978
82984
82985
83000
83007
83009
83018
83032
83035
83037
83052
83053
83069
83071
83074
83078
83086
83088
83103
83122
83127
83147
83147
83150
83166
83186
83201
83208
83214
83234
83237
83238
83275
83277
83278
83297
83297
83300
83302
83310
83318
83319
83330
83359
83371
83377
83384
83389
83400
83409
83409
83411
83412
83420
83420
83427
83432
83434
83448
83452
83455
83488
83509
83527
83536
83586
83592
83616
83623
83635
83640
83659
83661
83675
83682
83695
83707
83709
83709
83710
83722
83723
83725
83736
83757
83758
83759
83773
83776
83778
83807
83811
83843
83864
83873
83898
83903
83910
83917
83921
83930
83930
83945
83950
83955
83960
83965
83976
83996
84000
84003
84037
84038
84046
84052
84056
84065
84075
84085
84098
84102
84114
84116
84123
84125
84130
84146
84148
84151
84151
84171
84175
84176
84185
84186
84199
84199
84200
84218
84228
84232
84234
84235
84246
84260
84273
84290
84292
84295
84303
84305
84324
84334
84342
84343
84353
84366
84368
84368
84369
84371
84373
84378
84379
84383
84394
84395
84398
84417
84428
84432
84442
84466
84494
84495
84496
84501
84520
84520
84526
84533
84568
84583
84603
84608
84629
84631
84636
84642
84646
84655
84664
84678
84685
84700
84720
84721
84757
84767
84776
84783
84786
84815
84826
84839
84854
84854
84859
84891
84893
84894
84905
84911
84918
84935
84954
84964
84965
84965
84966
84968
84974
84976
84985
84999
85002
85030
85039
85043
85063
85069
85087
85097
85098
85108
85110
85113
85128
85132
85155
85157
85158
85163
85179
85191
85219
85228
85239
85248
85251
85257
85297
85304
85324
85331
85333
85336
85340
85349
85353
85355
85363
85366
85366
85378
85391
85416
85427
85433
85469
85491
85500
85514
85517
85527
85532
85534
85554
85561
85569
85574
85578
85592
85595
85605
85605
85628
85629
85630
85631
85636
85663
85667
85673
85696
85697
85700
85711
85717
85718
85727
85730
85744
85744
85744
85753
85762
85762
85764
85819
85828
85831
85836
85845
85850
85854
85876
85885
85898
85903
85909
85918
85936
85945
85963
85989
86021
86021
86024
86044
86048
86056
86057
86070
86078
86085
86095
86097
86098
86099
86099
86103
86117
86122
86153
86159
86161
86171
86181
86186
86195
86208
86210
86233
86234
86234
86242
86245
86265
86266
86275
86290
86315
86328
86360
86362
86369
86379
86396
86403
86413
86421
86423
86436
86441
86442
86456
86457
86464
86473
86477
86483
86490
86492
86515
86517
86519
86521
86521
86541
86550
86560
86565
86565
86571
86572
86574
86576
86578
86582
86584
86588
86590
86592
86600
86608
86619
86619
86621
86623
86625
86626
86628
86632
86633
86661
86669
86671
86682
86684
86687
86687
86709
86718
86725
86759
86770
86786
86791
86795
86796
86842
86844
86847
86853
86859
86868
86884
86904
86911
86920
86930
86939
86941
86941
86953
86980
86983
86999
87000
87006
87012
87017
87018
87033
87047
87068
87078
87081
87085
87089
87099
87103
87104
87111
87112
87135
87143
87144
87200
87201
87202
87205
87209
87221
87234
87239
87239
87283
87290
87290
87292
87304
87332
87338
87340
87356
87358
87369
87373
87382
87391
87399
87415
87434
87442
87463
87467
87471
87475
87484
87494
87499
87510
87519
87520
87520
87521
87535
87552
87559
87563
87575
87577
87606
87611
87627
87631
87669
87670
87670
87673
87675
87677
87677
87682
87684
87686
87697
87697
87716
87728
87728
87733
87743
87743
87743
87755
87768
87768
87799
87809
87810
87822
87828
87848
87852
87862
87869
87874
87876
87883
87892
87904
87904
87905
87911
87912
87913
87928
87940
87940
87953
87954
87954
87961
87973
87982
87989
87993
87997
88008
88014
88023
88035
88039
88056
88060
88069
88079
88095
88133
88135
88138
88146
88158
88159
88165
88173
88175
88186
88193
88203
88216
88229
88238
88247
88258
88267
88273
88276
88278
88280
88285
88288
88292
88293
88295
88300
88303
88307
88314
88363
88367
88375
88377
88416
88417
88418
88420
88425
88426
88433
88433
88441
88444
88451
88470
88470
88474
88480
88481
88505
88510
88516
88522
88525
88532
88538
88540
88552
88566
88575
88593
88594
88595
88615
88618
88625
88638
88645
88648
88652
88653
88667
88667
88679
88686
88690
88705
88714
88719
88725
88753
88776
88776
88777
88790
88808
88853
88873
88888
88901
88903
88905
88906
88949
88950
88954
88962
88965
88966
88978
88995
89000
89015
89029
89032
89034
89050
89057
89062
89073
89087
89091
89092
89098
89098
89100
89105
89120
89127
89133
89135
89136
89146
89154
89167
89168
89188
89188
89191
89219
89232
89237
89251
89266
89286
89288
89295
89304
89320
89322
89325
89329
89346
89368
89368
89386
89390
89399
89402
89435
89443
89467
89494
89506
89537
89548
89582
89583
89595
89600
89607
89610
89618
89627
89654
89660
89662
89670
89671
89700
89706
89714
89720
89721
89733
89735
89741
89742
89750
89759
89767
89791
89810
89816
89820
89841
89855
89857
89866
89869
89872
89875
89897
89920
89924
89931
89953
89963
89963
89969
89971
89981
89998
90001
90024
90034
90034
90049
90055
90058
90059
90066
90081
90086
90091
90094
90101
90120
90123
90134
90139
90149
90149
90152
90154
90155
90159
90161
90162
90173
90187
90188
90188
90190
90206
90207
90229
90237
90239
90243
90249
90256
90260
90270
90271
90279
90316
90316
90329
90332
90346
90350
90354
90391
90392
90393
90399
90402
90409
90444
90465
90468
90470
90478
90500
90509
90519
90525
90528
90533
90545
90580
90585
90590
90624
90631
90639
90642
90670
90695
90701
90706
90731
90741
90743
90744
90752
90755
90765
90775
90782
90789
90795
90797
90797
90807
90834
90837
90838
90869
90874
90880
90881
90884
90894
90900
90904
90918
90918
90933
90935
90942
90946
90947
90949
90966
90971
90997
90998
91008
91012
91013
91017
91031
91045
91049
91056
91061
91064
91089
91094
91123
91140
91152
91174
91176
91176
91184
91187
91203
91207
91215
91220
91230
91235
91239
91241
91244
91248
91255
91256
91288
91288
91292
91293
91299
91307
91336
91348
91353
91359
91386
91395
91400
91415
91416
91423
91424
91426
91447
91456
91457
91457
91461
91463
91464
91477
91477
91491
91501
91519
91520
91526
91548
91549
91554
91574
91574
91588
91609
91610
91612
91615
91617
91634
91641
91649
91654
91657
91679
91683
91693
91695
91697
91698
91714
91726
91741
91749
91759
91760
91763
91769
91789
91799
91809
91831
91856
91879
91885
91931
91941
91941
91943
91944
91947
91962
92009
92009
92021
92038
92045
92054
92057
92059
92059
92063
92065
92088
92109
92124
92129
92133
92134
92137
92139
92144
92145
92151
92154
92192
92197
92197
92204
92205
92207
92214
92216
92217
92222
92222
92229
92264
92265
92272
92285
92288
92291
92292
92292
92301
92312
92319
92330
92334
92335
92335
92342
92353
92355
92371
92379
92382
92387
92390
92408
92417
92422
92446
92449
92459
92473
92474
92489
92493
92498
92502
92508
92519
92520
92533
92539
92539
92544
92547
92550
92556
92562
92567
92571
92572
92580
92585
92605
92628
92628
92629
92644
92650
92652
92657
92669
92691
92701
92716
92716
92740
92758
92769
92792
92796
92796
92801
92803
92832
92845
92846
92849
92858
92864
92875
92878
92895
92898
92899
92922
92926
92941
92943
92962
92970
92986
92989
92994
93000
93007
93010
93038
93088
93090
93096
93100
93105
93114
93147
93156
93158
93164
93177
93179
93182
93189
93198
93206
93213
93214
93220
93227
93246
93250
93268
93303
93306
93315
93373
93373
93381
93381
93385
93388
93394
93409
93436
93451
93459
93463
93481
93483
93496
93498
93500
93511
93521
93523
93537
93553
93569
93570
93586
93650
93652
93653
93653
93658
93691
93692
93693
93711
93717
93727
93730
93733
93736
93766
93781
93789
93816
93826
93835
93838
93853
93855
93873
93876
93883
93889
93922
93929
93945
93996
94030
94056
94057
94085
94092
94094
94107
94155
94160
94176
94187
94191
94192
94194
94195
94198
94206
94243
94247
94259
94264
94331
94340
94365
94367
94385
94400
94416
94424
94434
94452
94456
94485
94485
94501
94502
94508
94522
94524
94541
94561
94563
94609
94609
94615
94622
94631
94636
94645
94651
94663
94665
94674
94683
94684
94722
94726
94727
94741
94762
94766
94768
94784
94785
94793
94809
94819
94844
94853
94874
94874
94902
94918
94928
94950
94984
94988
94990
95000
95037
95043
95048
95052
95054
95069
95091
95095
95098
95148
95159
95184
95191
95193
95197
95198
95215
95218
95234
95234
95267
95288
95310
95312
95327
95337
95376
95383
95384
95391
95424
95427
95488
95492
95494
95500
95514
95518
95522
95544
95554
95572
95607
95614
95656
95668
95672
95674
95676
95677
95692
95710
95715
95720
95728
95751
95760
95763
95773
95776
95797
95803
95828
95829
95833
95834
95844
95846
95856
95856
95863
95865
95879
95883
95899
95904
95910
95913
95920
95921
95926
95930
95941
95941
95949
95956
95959
95966
95969
95970
95972
95975
95995
96014
96024
96079
96084
96084
96091
96116
96137
96155
96161
96161
96163
96164
96165
96172
96175
96178
96183
96186
96203
96205
96205
96221
96231
96254
96257
96261
96281
96287
96298
96301
96333
96347
96389
96389
96394
96442
96467
96484
96519
96520
96523
96529
96531
96535
96598
96601
96610
96630
96652
96660
96698
96706
96706
96710
96720
96727
96761
96765
96773
96783
96789
96822
96832
96843
96854
96863
96875
96876
96892
96914
96914
96923
96925
96933
96935
96959
96959
96963
96963
96965
96970
96991
96994
96996
96996
97006
97010
97032
97053
97056
97102
97107
97115
97116
97122
97132
97142
97148
97148
97158
97158
97170
97193
97195
97197
97214
97215
97223
97224
97225
97234
97251
97272
97273
97273
97280
97303
97326
97336
97340
97366
97376
97391
97392
97393
97420
97439
97459
97466
97503
97539
97558
97565
97578
97583
97597
97599
97605
97611
97613
97621
97649
97667
97671
97673
97687
97694
97716
97716
97720
97738
97751
97757
97765
97784
97788
97794
97795
97808
97813
97820
97832
97852
97877
97882
97885
97891
97919
97919
97923
97923
97926
97931
97939
97960
97975
97980
97984
97986
98010
98012
98021
98037
98048
98111
98113
98118
98145
98150
98165
98188
98193
98194
98225
98230
98251
98265
98267
98271
98300
98306
98315
98316
98318
98330
98399
98436
98452
98500
98513
98562
98569
98580
98612
98643
98677
98681
98683
98706
98711
98743
98761
98768
98779
98816
98828
98845
98846
98878
98900
98901
98905
98926
98940
98961
98980
98997
99001
99001
99018
99020
99047
99078
99107
99117
