30
39
46
74
76
76
81
109
143
153
159
218
234
249
256
267
281
297
301
305
316
343
366
388
395
405
409
427
436
445
478
490
501
528
558
559
560
564
575
576
599
611
655
696
700
729
794
798
807
837
842
847
855
887
899
901
906
986
993
1000
1004
1011
1016
1052
1115
1156
1167
1196
1238
1240
1248
1249
1260
1310
1397
1401
1418
1467
1510
1519
1523
1534
1560
1575
1594
1610
1617
1627
1656
1684
1687
1721
1730
1819
1830
1847
1866
1891
1893
1941
1951
1977
1979
2001
2003
2056
2080
2087
2091
2172
2179
2184
2220
2222
2308
2309
2436
2438
2442
2512
2552
2554
2633
2651
2651
2683
2705
2717
2780
2800
2834
2873
2897
2912
2925
2941
2994
3004
3010
3026
3062
3100
3142
3142
3146
3148
3157
3163
3185
3208
3227
3229
3237
3244
3256
3266
3272
3276
3282
3291
3295
3336
3343
3347
3350
3351
3414
3450
3452
3464
3468
3505
3524
3557
3601
3602
3605
3608
3640
3644
3676
3681
3683
3724
3737
3801
3806
3823
3828
3838
3844
3878
3890
3894
3899
3905
3942
3970
3995
4044
4053
4075
4081
4104
4111
4136
4149
4186
4208
4247
4254
4273
4299
4315
4339
4343
4403
4448
4495
4568
4580
4583
4651
4652
4678
4683
4685
4737
4737
4741
4745
4760
4835
4847
4878
4887
4895
4916
4919
4957
4958
4970
4977
4992
5010
5012
5045
5056
5108
5147
5152
5157
5171
5178
5194
5225
5252
5257
5274
5286
5289
5299
5304
5308
5352
5371
5385
5387
5411
5412
5427
5430
5439
5468
5469
5490
5519
5529
5530
5541
5548
5555
5607
5610
5619
5626
5656
5660
5666
5701
5738
5768
5786
5786
5813
5818
5832
5844
5853
5874
5880
5891
5896
5911
5918
5930
5944
5946
5963
5970
5987
6000
6015
6025
6061
6070
6070
6087
6102
6103
6172
6183
6191
6199
6200
6213
6240
6245
6278
6287
6303
6304
6320
6323
6341
6367
6381
6408
6428
6456
6464
6477
6487
6526
6560
6567
6598
6617
6618
6631
6657
6702
6716
6744
6754
6755
6765
6778
6793
6802
6816
6820
6822
6839
6856
6859
6869
6878
6891
6913
6931
6938
6946
6948
6950
6967
6986
7007
7011
7056
7064
7076
7086
7093
7106
7126
7127
7136
7141
7152
7204
7209
7224
7226
7228
7232
7272
7290
7301
7307
7315
7318
7384
7403
7413
7418
7419
7500
7524
7569
7581
7588
7602
7631
7635
7644
7666
7666
7693
7694
7706
7715
7732
7744
7751
7754
7771
7776
7787
7802
7805
7831
7863
7891
7894
7898
7911
7930
7938
7966
7990
8003
8049
8087
8088
8091
8106
8113
8153
8154
8160
8187
8218
8268
8277
8284
8367
8385
8390
8394
8403
8403
8419
8424
8462
8475
8508
8513
8523
8614
8647
8663
8688
8690
8718
8721
8730
8738
8751
8780
8794
8810
8811
8845
8852
8855
8861
8874
8883
8938
8948
8958
8969
8994
9002
9031
9045
9060
9067
9067
9078
9095
9119
9162
9168
9170
9172
9174
9205
9244
9253
9273
9289
9303
9317
9319
9331
9346
9354
9361
9405
9413
9426
9438
9447
9458
9490
9505
9521
9530
9543
9545
9548
9573
9592
9596
9599
9700
9704
9724
9726
9743
9743
9758
9766
9790
9795
9802
9803
9837
9859
9871
9877
9886
9895
9898
9936
9946
9955
9984
9991
9992
9996
10026
10043
10048
10064
10070
10070
10075
10081
10087
10105
10123
10143
10163
10177
10211
10229
10240
10260
10276
10287
10307
10309
10317
10352
10353
10369
10397
10416
10425
10427
10449
10478
10515
10522
10542
10571
10573
10591
10604
10611
10617
10636
10643
10656
10658
10675
10693
10704
10717
10719
10774
10775
10776
10794
10815
10825
10839
10845
10877
10886
10921
10948
10949
11003
11009
11025
11038
11041
11062
11083
11108
11110
11112
11117
11120
11142
11146
11154
11177
11178
11188
11202
11203
11203
11206
11249
11262
11290
11293
11297
11311
11312
11314
11324
11326
11327
11340
11347
11358
11361
11362
11399
11424
11432
11445
11446
11461
11470
11511
11513
11551
11552
11564
11585
11610
11613
11624
11640
11649
11660
11664
11693
11702
11704
11710
11714
11735
11744
11771
11794
11843
11861
11873
11880
11896
11906
11957
12010
12020
12049
12066
12079
12081
12091
12111
12129
12132
12146
12157
12243
12243
12244
12260
12284
12286
12303
12309
12310
12325
12333
12337
12378
12387
12392
12402
12420
12421
12423
12437
12438
12468
12468
12491
12504
12516
12519
12536
12554
12565
12605
12621
12633
12646
12647
12669
12674
12687
12712
12718
12723
12726
12734
12736
12741
12770
12809
12841
12857
12859
12929
12932
12940
12943
12946
12951
13005
13040
13043
13045
13050
13077
13081
13115
13121
13127
13155
13157
13237
13255
13260
13308
13327
13345
13367
13379
13383
13385
13394
13400
13447
13462
13515
13527
13534
13554
13591
13593
13621
13625
13668
13693
13695
13698
13708
13717
13722
13768
13795
13829
13838
13870
13892
13902
13991
13994
14020
14028
14039
14062
14072
14083
14113
14145
14175
14181
14213
14221
14230
14251
14261
14262
14311
14341
14350
14452
14453
14460
14480
14540
14575
14582
14592
14607
14626
14647
14657
14661
14672
14674
14684
14685
14686
14701
14712
14743
14752
14763
14774
14792
14808
14862
14872
14913
14940
14961
14983
15007
15014
15020
15033
15034
15056
15075
15079
15090
15097
15105
15114
15118
15129
15149
15153
15169
15180
15193
15231
15271
15274
15280
15281
15296
15330
15331
15340
15345
15355
15363
15364
15400
15403
15413
15417
15447
15456
15463
15481
15487
15490
15490
15511
15530
15596
15607
15615
15628
15635
15638
15641
15651
15657
15657
15661
15706
15706
15715
15749
15755
15763
15785
15796
15802
15803
15817
15838
15857
15859
15861
15880
15883
15901
15903
15918
15934
15967
15973
16004
16004
16016
16021
16023
16026
16040
16049
16052
16064
16073
16076
16081
16081
16094
16102
16102
16114
16151
16159
16168
16169
16176
16186
16187
16187
16200
16220
16222
16223
16229
16254
16266
16269
16271
16281
16282
16292
16298
16303
16307
16309
16320
16327
16329
16366
16374
16386
16407
16408
16413
16417
16418
16425
16438
16472
16477
16488
16491
16499
16501
16504
16507
16527
16534
16563
16565
16595
16623
16639
16665
16688
16703
16704
16726
16738
16772
16775
16780
16825
16846
16855
16855
16856
16880
16893
16905
16935
16952
16954
16969
16976
16977
16977
16998
17006
17011
17013
17019
17042
17044
17049
17078
17079
17088
17115
17139
17142
17167
17188
17194
17204
17229
17258
17270
17280
17284
17296
17298
17322
17343
17353
17374
17379
17407
17413
17443
17445
17452
17467
17510
17568
17616
17639
17639
17673
17682
17705
17709
17717
17718
17730
17731
17735
17735
17761
17771
17780
17804
17818
17846
17856
17859
17871
17877
17881
17884
17892
17906
17908
17909
17918
17919
17934
17934
17963
17964
17995
18002
18004
18018
18049
18057
18076
18081
18120
18142
18149
18149
18155
18176
18195
18211
18249
18270
18308
18310
18320
18336
18342
18354
18413
18415
18416
18420
18437
18444
18450
18462
18462
18469
18477
18483
18483
18489
18498
18513
18523
18524
18568
18575
18586
18587
18588
18592
18606
18607
18608
18620
18624
18652
18654
18702
18710
18736
18750
18758
18828
18828
18829
18831
18841
18853
18872
18891
18894
18910
18914
18925
18940
18966
18972
18984
19004
19055
19062
19074
19082
19132
19141
19152
19180
19201
19203
19234
19247
19254
19267
19271
19294
19299
19316
19326
19338
19346
19350
19351
19407
19430
19435
19493
19499
19509
19518
19556
19568
19580
19583
19591
19608
19609
19661
19685
19690
19691
19695
19698
19719
19763
19782
19801
19852
19867
19871
19900
19917
19933
19947
19957
20020
20030
20040
20082
20087
20096
20123
20144
20172
20173
20187
20212
20213
20227
20235
20235
20255
20259
20288
20296
20305
20316
20335
20368
20382
20395
20422
20459
20472
20494
20497
20501
20519
20520
20523
20530
20558
20576
20603
20607
20629
20663
20673
20701
20703
20751
20754
20755
20773
20777
20790
20803
20815
20858
20862
20881
20889
20901
20907
20916
20921
20934
20939
20941
20951
20977
20980
20989
21000
21006
21013
21013
21034
21047
21056
21063
21103
21115
21124
21127
21147
21150
21152
21154
21161
21161
21165
21206
21208
21210
21226
21229
21250
21290
21299
21301
21303
21303
21306
21332
21334
21347
21348
21365
21377
21378
21389
21393
21405
21446
21456
21457
21457
21469
21480
21482
21494
21504
21515
21526
21535
21538
21546
21546
21565
21568
21585
21590
21602
21615
21677
21692
21706
21726
21732
21740
21744
21744
21755
21757
21785
21801
21803
21813
21852
21862
21869
21885
21924
21940
21996
22055
22069
22088
22110
22142
22158
22179
22188
22214
22223
22237
22249
22298
22313
22333
22347
22367
22371
22387
22428
22449
22458
22477
22478
22480
22510
22519
22522
22522
22533
22536
22551
22554
22563
22586
22648
22652
22655
22656
22670
22689
22696
22707
22723
22737
22750
22754
22763
22768
22777
22819
22953
22959
22966
23008
23059
23082
23092
23138
23190
23192
23217
23224
23251
23254
23281
23293
23294
23315
23365
23366
23401
23411
23478
23483
23483
23494
23496
23545
23555
23556
23557
23569
23582
23594
23600
23607
23608
23620
23628
23632
23632
23642
23660
23666
23687
23692
23719
23720
23726
23727
23745
23756
23773
23796
23808
23817
23818
23827
23829
23844
23854
23877
23880
23898
23900
23914
23921
23937
23942
23944
23958
23973
23995
23999
24002
24007
24021
24025
24029
24031
24033
24035
24036
24059
24093
24099
24121
24124
24124
24135
24135
24139
24206
24211
24228
24240
24261
24270
24280
24282
24291
24296
24298
24307
24316
24321
24332
24337
24338
24373
24389
24390
24394
24400
24411
24416
24422
24422
24448
24457
24460
24466
24466
24472
24482
24488
24511
24527
24551
24573
24580
24586
24594
24594
24605
24617
24644
24652
24660
24664
24677
24683
24684
24698
24702
24714
24727
24736
24739
24755
24773
24778
24800
24803
24812
24815
24823
24830
24834
24840
24841
24843
24855
24860
24877
24881
24890
24893
24923
24934
24948
24950
24958
24969
24994
24998
25018
25023
25065
25075
25076
25080
25094
25105
25106
25129
25132
25144
25163
25178
25187
25203
25208
25216
25225
25225
25227
25231
25258
25262
25271
25272
25291
25294
25303
25320
25324
25354
25366
25376
25389
25399
25399
25412
25419
25435
25437
25440
25456
25458
25470
25488
25491
25494
25496
25508
25512
25565
25584
25589
25594
25643
25659
25668
25677
25689
25750
25798
25821
25822
25851
25854
25871
25881
25884
25895
25929
25936
25947
25978
25994
26007
26011
26014
26061
26079
26107
26149
26155
26162
26208
26213
26222
26248
26255
26267
26291
26314
26322
26330
26332
26350
26376
26402
26417
26430
26439
26441
26454
26498
26515
26566
26567
26576
26582
26585
26594
26598
26611
26648
26662
26667
26683
26714
26727
26735
26750
26756
26757
26779
26801
26801
26810
26832
26841
26863
26866
26869
26881
26897
26906
26913
26921
26937
26940
26941
26942
26982
27013
27019
27046
27051
27062
27074
27075
27096
27115
27122
27125
27135
27137
27148
27157
27162
27172
27216
27222
27222
27288
27288
27290
27327
27350
27362
27434
27435
27437
27442
27449
27475
27480
27488
27502
27508
27518
27538
27561
27568
27576
27578
27601
27601
27609
27614
27614
27623
27650
27653
27655
27656
27658
27660
27666
27669
27707
27722
27723
27725
27728
27753
27755
27756
27759
27761
27766
27772
27784
27788
27798
27801
27824
27832
27860
27863
27869
27885
27888
27891
27902
27902
27909
27911
27911
27914
27919
27947
27950
27964
27970
27971
27995
27999
28003
28004
28006
28014
28015
28030
28055
28060
28067
28068
28079
28082
28097
28099
28108
28111
28118
28128
28142
28145
28176
28176
28182
28188
28199
28202
28202
28212
28225
28227
28234
28240
28243
28261
28286
28287
28290
28293
28303
28307
28320
28329
28354
28358
28372
28377
28383
28386
28395
28410
28411
28418
28422
28426
28428
28430
28440
28464
28473
28483
28485
28497
28512
28532
28535
28537
28567
28579
28580
28616
28619
28638
28648
28653
28653
28658
28658
28659
28660
28662
28674
28677
28696
28713
28721
28726
28730
28734
28738
28738
28741
28755
28782
28784
28815
28821
28881
28890
28907
28923
28927
28931
28937
28942
28955
28957
28974
28984
28998
29000
29009
29017
29024
29047
29051
29076
29081
29091
29108
29129
29130
29131
29135
29152
29182
29187
29193
29194
29198
29202
29204
29207
29219
29223
29226
29230
29278
29286
29289
29326
29327
29329
29341
29353
29357
29367
29395
29401
29404
29406
29422
29457
29462
29478
29487
29490
29490
29512
29513
29521
29534
29567
29589
29602
29610
29611
29618
29622
29629
29642
29651
29671
29674
29681
29698
29717
29731
29732
29739
29739
29743
29745
29769
29787
29797
29802
29816
29827
29828
29828
29850
29860
29865
29866
29910
29917
29919
29919
29928
29929
29935
29943
29945
29952
29954
29957
29958
29964
29982
30013
30013
30023
30030
30034
30037
30038
30058
30063
30067
30073
30080
30094
30108
30117
30138
30144
30169
30178
30178
30181
30191
30205
30210
30224
30234
30235
30251
30262
30264
30279
30299
30333
30361
30371
30393
30412
30413
30414
30438
30440
30448
30464
30470
30476
30485
30497
30511
30529
30529
30534
30534
30538
30561
30563
30584
30597
30601
30616
30642
30651
30659
30684
30700
30712
30759
30775
30784
30792
30799
30812
30836
30855
30855
30855
30858
30878
30882
30887
30892
30899
30912
30922
30936
30937
30966
30981
31004
31006
31007
31016
31020
31023
31038
31041
31051
31065
31065
31083
31098
31098
31098
31149
31158
31187
31208
31211
31216
31242
31250
31255
31272
31290
31311
31311
31316
31327
31373
31378
31388
31409
31447
31449
31453
31455
31471
31473
31475
31485
31486
31493
31501
31503
31537
31540
31541
31545
31554
31577
31581
31598
31604
31610
31638
31658
31664
31679
31698
31704
31706
31713
31732
31742
31743
31748
31751
31754
31764
31783
31789
31795
31807
31847
31857
31864
31874
31885
31922
31924
31934
31941
31943
31946
31988
32017
32023
32056
32059
32065
32071
32072
32077
32094
32110
32113
32142
32145
32152
32154
32162
32183
32186
32204
32205
32208
32245
32250
32256
32259
32273
32279
32280
32286
32306
32317
32341
32344
32345
32363
32369
32377
32381
32389
32391
32399
32400
32405
32410
32425
32427
32434
32438
32451
32475
32489
32491
32513
32516
32524
32537
32558
32576
32578
32581
32584
32597
32662
32683
32711
32716
32720
32725
32730
32730
32735
32737
32740
32758
32765
32768
32772
32795
32797
32804
32810
32817
32829
32835
32846
32865
32868
32882
32887
32888
32889
32900
32901
32903
32923
32932
32934
32935
32940
32946
32962
32975
32992
32998
33019
33028
33077
33090
33092
33094
33126
33135
33191
33195
33198
33206
33208
33211
33215
33219
33230
33238
33248
33248
33262
33269
33290
33292
33329
33332
33357
33373
33384
33384
33387
33396
33399
33425
33425
33429
33450
33453
33455
33463
33464
33475
33480
33487
33506
33508
33520
33521
33531
33532
33538
33538
33552
33559
33563
33591
33594
33596
33598
33612
33613
33613
33614
33618
33620
33622
33625
33626
33629
33638
33644
33648
33652
33657
33659
33660
33692
33697
33719
33719
33741
33748
33750
33753
33763
33770
33778
33784
33791
33792
33805
33814
33817
33821
33824
33831
33848
33857
33861
33869
33905
33915
33921
33939
33939
33941
33950
33965
33971
33977
33980
33980
33987
33989
34016
34023
34028
34037
34041
34047
34051
34059
34061
34062
34063
34075
34079
34085
34086
34090
34103
34111
34117
34136
34141
34156
34156
34182
34185
34189
34211
34222
34223
34234
34267
34273
34278
34282
34306
34314
34322
34324
34326
34344
34352
34357
34378
34379
34388
34389
34393
34395
34399
34401
34402
34412
34420
34423
34425
34427
34429
34432
34452
34456
34462
34473
34473
34478
34481
34492
34545
34556
34564
34566
34571
34574
34586
34614
34634
34640
34647
34654
34673
34677
34701
34706
34715
34717
34726
34759
34765
34786
34794
34796
34798
34806
34809
34820
34845
34874
34882
34884
34898
34902
34907
34912
34925
34930
34968
34976
34976
34982
35008
35010
35011
35012
35015
35041
35042
35042
35053
35055
35059
35074
35090
35099
35145
35150
35154
35170
35202
35205
35206
35212
35232
35234
35234
35240
35241
35247
35256
35267
35275
35276
35280
35288
35289
35304
35308
35310
35317
35319
35335
35337
35343
35343
35355
35390
35393
35398
35410
35422
35432
35462
35468
35473
35486
35517
35526
35534
35544
35547
35559
35564
35571
35578
35599
35612
35631
35648
35672
35691
35691
35697
35708
35759
35782
35797
35807
35814
35828
35845
35879
35882
35904
35988
36001
36024
36025
36070
36073
36075
36090
36106
36132
36133
36146
36155
36156
36177
36178
36179
36182
36184
36187
36201
36204
36206
36215
36226
36237
36246
36248
36250
36251
36266
36276
36286
36318
36343
36368
36380
36399
36404
36410
36417
36417
36429
36439
36448
36450
36455
36467
36469
36474
36482
36485
36491
36498
36516
36527
36528
36533
36542
36560
36598
36599
36601
36604
36621
36633
36637
36669
36681
36685
36685
36690
36703
36724
36730
36742
36761
36766
36774
36785
36794
36801
36802
36803
36814
36818
36822
36830
36836
36861
36865
36884
36895
36902
36950
36958
36958
36968
36972
36981
37002
37012
37021
37022
37032
37034
37044
37048
37076
37079
37107
37115
37121
37128
37143
37147
37151
37162
37167
37173
37174
37174
37180
37195
37205
37208
37211
37215
37238
37268
37280
37285
37300
37321
37323
37339
37360
37360
37360
37361
37364
37365
37367
37372
37379
37385
37408
37413
37413
37424
37428
37453
37461
37465
37484
37495
37525
37528
37531
37534
37535
37538
37542
37564
37568
37592
37595
37602
37603
37604
37626
37662
37665
37683
37694
37713
37720
37730
37730
37738
37750
37752
37755
37761
37762
37778
37794
37795
37798
37800
37801
37815
37821
37822
37833
37845
37884
37920
37931
37955
37968
37979
38001
38005
38006
38007
38008
38009
38011
38012
38044
38046
38058
38066
38075
38075
38077
38082
38087
38103
38106
38108
38109
38110
38111
38125
38128
38129
38133
38138
38142
38147
38150
38151
38170
38173
38177
38183
38191
38192
38199
38213
38220
38256
38261
38261
38263
38276
38282
38293
38296
38311
38315
38325
38339
38348
38366
38403
38426
38434
38449
38453
38456
38464
38466
38466
38472
38478
38479
38480
38484
38509
38518
38535
38538
38539
38552
38592
38622
38631
38646
38659
38676
38679
38679
38694
38710
38719
38722
38744
38759
38759
38782
38803
38804
38809
38812
38832
38839
38847
38867
38875
38900
38901
38911
38922
38924
38936
38940
38976
38991
38993
38994
39013
39013
39017
39020
39040
39076
39083
39084
39086
39102
39107
39145
39159
39169
39187
39189
39215
39216
39227
39231
39255
39255
39267
39295
39297
39300
39312
39325
39325
39336
39345
39347
39352
39353
39354
39356
39372
39375
39383
39393
39395
39404
39410
39420
39437
39441
39445
39446
39467
39475
39489
39489
39503
39504
39515
39516
39521
39525
39537
39544
39556
39561
39582
39600
39602
39613
39617
39619
39627
39629
39647
39675
39676
39678
39682
39684
39686
39689
39689
39693
39694
39695
39698
39718
39730
39739
39747
39759
39776
39777
39780
39783
39790
39802
39819
39819
39827
39830
39832
39834
39838
39848
39868
39895
39898
39900
39901
39906
39906
39910
39918
39920
39927
39928
39943
39945
39948
39949
39964
39966
39977
39978
39990
39997
40001
40022
40024
40032
40043
40044
40051
40060
40070
40072
40086
40087
40092
40100
40126
40130
40130
40139
40147
40157
40164
40173
40176
40176
40182
40199
40212
40216
40244
40250
40267
40280
40283
40286
40316
40361
40363
40363
40364
40365
40398
40408
40416
40417
40417
40423
40424
40465
40472
40475
40476
40503
40506
40534
40571
40585
40594
40605
40607
40612
40656
40664
40667
40683
40700
40712
40729
40747
40750
40755
40769
40781
40804
40807
40810
40810
40812
40832
40834
40842
40848
40852
40882
40886
40891
40895
40932
40933
40942
40969
40974
40989
40998
41006
41020
41024
41029
41037
41040
41042
41045
41049
41063
41119
41137
41157
41168
41174
41183
41194
41204
41208
41282
41285
41288
41335
41336
41354
41365
41375
41389
41391
41394
41407
41408
41423
41425
41440
41447
41452
41460
41464
41467
41473
41475
41477
41478
41481
41501
41514
41522
41527
41535
41546
41555
41576
41595
41600
41601
41609
41621
41642
41644
41659
41671
41678
41683
41683
41703
41705
41720
41731
41736
41738
41749
41754
41755
41765
41770
41790
41803
41809
41814
41815
41822
41885
41888
41891
41904
41910
41916
41927
41927
41941
41944
41954
41963
41977
41978
41984
41994
41999
42000
42058
42074
42077
42091
42098
42100
42123
42138
42142
42146
42159
42180
42181
42188
42210
42223
42223
42242
42247
42250
42259
42267
42273
42282
42294
42294
42318
42357
42412
42429
42432
42449
42473
42483
42491
42495
42501
42513
42513
42541
42557
42568
42572
42600
42632
42645
42664
42673
42674
42685
42693
42707
42714
42715
42718
42722
42723
42730
42758
42762
42791
42792
42821
42842
42847
42848
42852
42861
42864
42871
42886
42888
42888
42891
42900
42908
42940
42950
42952
42959
42968
42971
42997
43005
43028
43037
43070
43079
43082
43087
43098
43100
43106
43133
43140
43143
43147
43148
43167
43199
43213
43225
43231
43233
43267
43315
43319
43330
43340
43342
43344
43352
43355
43365
43366
43372
43374
43379
43381
43382
43382
43399
43404
43421
43424
43457
43493
43496
43542
43552
43574
43578
43596
43631
43638
43651
43658
43660
43666
43683
43691
43695
43722
43739
43763
43774
43775
43785
43841
43858
43865
43922
43923
43926
43934
43937
43948
43957
43967
43975
43988
43993
43994
44012
44013
44014
44042
44043
44047
44056
44065
44077
44089
44103
44108
44120
44123
44125
44143
44155
44158
44171
44203
44206
44215
44236
44248
44254
44260
44272
44274
44280
44283
44285
44298
44313
44321
44341
44343
44346
44349
44350
44351
44362
44366
44405
44413
44427
44439
44458
44464
44471
44476
44489
44492
44496
44518
44520
44529
44545
44545
44547
44547
44553
44555
44555
44561
44562
44565
44567
44570
44601
44606
44611
44621
44632
44643
44646
44654
44656
44659
44661
44674
44686
44689
44696
44702
44711
44715
44720
44728
44735
44743
44745
44751
44756
44763
44785
44787
44809
44819
44828
44832
44838
44859
44865
44882
44885
44886
44899
44903
44906
44926
44957
44958
44971
44972
44972
44973
44982
44985
44988
45004
45018
45020
45024
45027
45031
45040
45049
45058
45059
45062
45069
45077
45083
45098
45114
45116
45118
45135
45163
45184
45184
45186
45204
45212
45213
45216
45222
45234
45236
45238
45242
45246
45253
45255
45279
45298
45299
45306
45324
45330
45335
45341
45352
45354
45358
45368
45369
45372
45395
45425
45425
45433
45448
45449
45467
45468
45469
45471
45482
45487
45497
45501
45508
45516
45519
45523
45540
45570
45576
45584
45596
45597
45601
45608
45609
45616
45620
45638
45648
45653
45669
45674
45681
45691
45698
45702
45715
45721
45721
45725
45727
45732
45739
45744
45760
45763
45766
45773
45779
45780
45796
45802
45820
45837
45842
45844
45844
45849
45850
45851
45853
45853
45854
45867
45870
45871
45873
45884
45886
45891
45896
45904
45908
45917
45927
45927
45928
45936
45937
45939
45941
45950
45964
45966
45971
45977
45980
45987
46001
46002
46027
46044
46047
46064
46076
46081
46084
46104
46120
46121
46126
46129
46141
46146
46146
46154
46164
46165
46189
46192
46198
46216
46218
46222
46227
46235
46237
46239
46243
46244
46244
46251
46256
46262
46262
46280
46290
46315
46317
46318
46319
46326
46328
46343
46345
46346
46369
46376
46378
46383
46394
46397
46421
46422
46430
46462
46473
46475
46491
46499
46500
46526
46530
46542
46545
46548
46571
46572
46577
46579
46581
46587
46588
46589
46594
46597
46602
46603
46623
46626
46636
46637
46647
46647
46668
46669
46683
46693
46695
46701
46706
46707
46707
46707
46712
46714
46716
46720
46734
46742
46749
46753
46757
46768
46770
46773
46775
46780
46800
46801
46802
46808
46812
46817
46823
46831
46833
46835
46840
46848
46856
46858
46870
46878
46884
46892
46905
46907
46908
46921
46932
46933
46948
46949
46962
46968
46988
46995
46999
47011
47013
47014
47019
47031
47058
47060
47060
47066
47078
47086
47089
47090
47098
47098
47106
47112
47121
47125
47127
47132
47134
47135
47137
47153
47169
47171
47173
47176
47177
47183
47205
47213
47218
47231
47233
47233
47236
47254
47259
47261
47264
47269
47278
47279
47282
47285
47294
47299
47303
47321
47329
47330
47333
47338
47342
47342
47346
47348
47354
47358
47360
47363
47377
47379
47380
47380
47386
47399
47405
47407
47419
47434
47435
47436
47437
47449
47450
47453
47459
47459
47462
47462
47471
47474
47474
47476
47480
47496
47496
47501
47504
47509
47516
47519
47524
47526
47536
47538
47562
47574
47576
47585
47592
47594
47596
47613
47634
47641
47642
47647
47653
47655
47655
47665
47676
47678
47684
47687
47691
47715
47732
47732
47737
47748
47755
47761
47766
47768
47773
47777
47782
47786
47788
47789
47789
47795
47800
47804
47805
47806
47807
47808
47808
47816
47821
47838
47840
47855
47879
47881
47883
47902
47907
47912
47928
47936
47941
47941
47943
47944
47966
47972
47975
47983
47999
48006
48006
48010
48016
48019
48034
48037
48041
48041
48067
48071
48079
48083
48093
48105
48108
48111
48114
48119
48122
48141
48144
48163
48163
48165
48165
48171
48198
48212
48222
48225
48242
48253
48296
48317
48340
48362
48378
48406
48407
48424
48426
48465
48470
48472
48484
48497
48515
48524
48530
48540
48550
48561
48571
48585
48638
48655
48684
48698
48702
48724
48734
48741
48782
48803
48803
48806
48818
48821
48839
48862
48885
48897
48898
48940
48942
48943
48958
48958
48968
48983
48992
49008
49037
49037
49055
49060
49083
49094
49107
49125
49125
49129
49146
49150
49195
49208
49219
49229
49248
49253
49256
49256
49263
49271
49280
49280
49291
49297
49304
49306
49319
49330
49334
49338
49345
49377
49382
49382
49383
49401
49412
49423
49432
49443
49445
49459
49462
49496
49499
49514
49524
49530
49533
49570
49572
49594
49625
49632
49648
49651
49656
49659
49659
49660
49666
49677
49684
49694
49702
49706
49714
49714
49770
49788
49795
49807
49814
49820
49824
49848
49856
49878
49912
49922
49923
49936
49937
49943
49952
49956
50037
50092
50097
50100
50112
50125
50127
50128
50129
50131
50162
50186
50186
50207
50218
50221
50224
50236
50241
50258
50258
50277
50286
50290
50317
50327
50340
50353
50361
50369
50402
50424
50430
50449
50451
50452
50454
50471
50475
50497
50502
50503
50510
50511
50524
50525
50550
50559
50573
50590
50595
50610
50611
50650
50662
50662
50679
50689
50695
50707
50714
50732
50737
50738
50745
50767
50788
50789
50789
50789
50817
50822
50847
50862
50871
50872
50881
50884
50886
50911
50924
50935
50937
50945
50949
50958
50981
50993
50998
51063
51063
51071
51074
51114
51132
51139
51139
51159
51177
51179
51206
51207
51210
51218
51226
51232
51240
51254
51274
51283
51330
51338
51339
51343
51344
51344
51345
51347
51358
51384
51402
51412
51425
51426
51456
51464
51472
51478
51482
51483
51496
51503
51512
51516
51519
51520
51526
51527
51533
51548
51549
51557
51562
51577
51578
51582
51601
51625
51626
51637
51641
51645
51647
51651
51653
51654
51667
51675
51692
51707
51722
51736
51742
51750
51765
51767
51771
51776
51788
51790
51797
51803
51818
51844
51848
51873
51874
51876
51879
51883
51893
51899
51906
51940
51973
51993
51993
51999
52000
52004
52036
52038
52058
52069
52079
52079
52101
52102
52109
52119
52121
52134
52136
52148
52155
52169
52170
52183
52201
52203
52224
52250
52288
52304
52312
52315
52338
52344
52344
52347
52348
52353
52359
52364
52372
52376
52376
52379
52389
52402
52417
52419
52432
52435
52438
52438
52443
52479
52501
52505
52521
52546
52586
52597
52609
52609
52619
52627
52644
52651
52657
52662
52664
52669
52678
52706
52707
52740
52741
52754
52759
52767
52775
52779
52782
52789
52798
52799
52815
52816
52827
52836
52847
52851
52852
52853
52864
52866
52870
52871
52873
52878
52879
52882
52893
52903
52907
52909
52913
52925
52927
52948
52951
52960
52966
53002
53005
53012
53013
53018
53037
53044
53056
53067
53082
53092
53107
53109
53112
53114
53125
53131
53139
53142
53147
53163
53181
53186
53199
53215
53222
53222
53234
53238
53238
53244
53246
53262
53266
53276
53281
53288
53292
53298
53300
53308
53309
53346
53361
53362
53378
53379
53381
53383
53405
53438
53439
53443
53447
53459
53466
53474
53493
53507
53509
53522
53523
53544
53559
53565
53569
53573
53573
53578
53579
53582
53586
53593
53598
53601
53615
53622
53640
53658
53669
53682
53696
53712
53719
53719
53723
53724
53727
53733
53738
53740
53744
53753
53770
53789
53805
53810
53814
53816
53827
53843
53844
53847
53848
53865
53880
53883
53886
53899
53913
53915
53919
53931
53950
53951
53955
53970
54000
54015
54018
54019
54021
54021
54035
54046
54052
54055
54058
54060
54062
54069
54073
54076
54077
54089
54097
54098
54131
54141
54161
54162
54200
54209
54217
54229
54253
54262
54282
54311
54311
54351
54355
54388
54394
54404
54438
54441
54443
54461
54469
54482
54491
54494
54509
54515
54531
54531
54532
54550
54556
54565
54576
54577
54609
54630
54649
54658
54661
54678
54689
54705
54722
54722
54789
54794
54810
54831
54835
54845
54864
54866
54867
54870
54876
54906
54910
54921
54958
54968
54996
55000
55003
55006
55017
55028
55043
55078
55100
55101
55148
55158
55159
55162
55164
55165
55173
55177
55192
55244
55254
55298
55302
55304
55328
55333
55343
55345
55351
55358
55366
55390
55390
55407
55422
55433
55435
55437
55454
55477
55478
55492
55514
55518
55522
55533
55540
55542
55589
55600
55609
55638
55640
55652
55661
55662
55681
55688
55689
55707
55713
55738
55744
55756
55760
55762
55767
55774
55778
55781
55781
55799
55849
55860
55874
55876
55886
55888
55903
55917
55922
55926
55935
55959
55970
55971
55976
55980
56012
56021
56043
56045
56053
56055
56101
56106
56144
56148
56166
56173
56185
56225
56237
56271
56272
56276
56278
56287
56321
56352
56372
56381
56403
56413
56419
56423
56444
56465
56465
56466
56466
56479
56483
56492
56502
56528
56532
56546
56585
56601
56604
56632
56637
56638
56639
56643
56660
56661
56662
56673
56690
56702
56727
56735
56743
56756
56758
56762
56763
56784
56787
56797
56807
56836
56851
56852
56863
56870
56892
56898
56923
56945
56971
56974
56975
56977
56991
56999
56999
57031
57037
57042
57053
57056
57068
57085
57096
57098
57101
57140
57143
57147
57150
57165
57168
57173
57188
57198
57211
57220
57235
57242
57249
57250
57253
57254
57256
57262
57268
57273
57282
57282
57283
57295
57305
57306
57306
57316
57326
57330
57333
57343
57347
57348
57360
57367
57367
57371
57372
57373
57377
57383
57395
57401
57419
57426
57429
57432
57438
57447
57451
57452
57452
57452
57458
57463
57463
57471
57475
57477
57481
57500
57501
57504
57505
57543
57543
57561
57577
57590
57591
57595
57614
57616
57618
57619
57620
57620
57625
57631
57631
57644
57645
57673
57677
57685
57692
57692
57704
57705
57711
57731
57743
57749
57769
57776
57789
57791
57809
57843
57849
57852
57867
57876
57885
57886
57899
57900
57901
57902
57913
57920
57931
57931
57941
57943
57945
57947
57974
57976
57979
57980
57984
58003
58008
58015
58020
58020
58026
58027
58036
58037
58050
58055
58060
58066
58072
58074
58083
58083
58093
58114
58117
58124
58130
58135
58136
58145
58161
58178
58195
58195
58204
58224
58232
58235
58236
58236
58260
58263
58265
58268
58273
58285
58292
58301
58304
58307
58314
58324
58336
58339
58347
58358
58360
58372
58395
58401
58417
58426
58454
58460
58470
58472
58476
58476
58490
58503
58519
58539
58555
58572
58581
58593
58601
58612
58638
58640
58651
58668
58673
58686
58687
58689
58703
58706
58714
58724
58726
58731
58756
58760
58768
58789
58790
58800
58806
58821
58837
58840
58862
58873
58878
58884
58885
58890
58908
58917
58950
58965
58993
59009
59064
59078
59091
59096
59113
59117
59128
59145
59149
59157
59161
59163
59169
59170
59177
59195
59200
59215
59227
59238
59243
59256
59279
59296
59307
59312
59335
59387
59393
59396
59416
59420
59432
59436
59446
59448
59471
59472
59477
59500
59524
59529
59529
59533
59538
59546
59612
59615
59619
59630
59639
59660
59664
59672
59690
59699
59731
59737
59749
59750
59751
59754
59758
59775
59800
59811
59874
59878
59878
59888
59905
59909
59935
59955
59955
59957
59963
59993
60007
60024
60078
60082
60096
60116
60116
60132
60143
60162
60168
60174
60176
60198
60252
60255
60260
60275
60287
60293
60315
60333
60341
60349
60358
60365
60374
60381
60382
60382
60388
60404
60419
60440
60440
60449
60450
60460
60464
60472
60475
60484
60485
60500
60508
60518
60524
60526
60528
60539
60554
60575
60581
60598
60606
60607
60607
60610
60615
60621
60625
60632
60641
60641
60643
60660
60664
60710
60728
60732
60740
60759
60782
60787
60794
60800
60803
60816
60818
60836
60862
60888
60927
60933
60940
60955
60961
60987
61012
61042
61045
61048
61098
61107
61107
61116
61119
61124
61128
61129
61147
61150
61154
61170
61176
61177
61199
61207
61213
61218
61236
61240
61249
61267
61268
61274
61299
61303
61310
61312
61339
61363
61365
61379
61383
61392
61403
61403
61408
61411
61415
61426
61429
61433
61434
61439
61441
61445
61446
61455
61459
61463
61466
61469
61469
61472
61485
61487
61489
61497
61509
61512
61514
61538
61545
61554
61561
61567
61578
61602
61603
61606
61638
61645
61651
61666
61699
61706
61713
61713
61715
61716
61718
61728
61729
61733
61737
61743
61757
61764
61769
61783
61795
61804
61809
61814
61830
61836
61841
61858
61860
61868
61874
61874
61875
61880
61880
61894
61896
61898
61900
61901
61903
61907
61915
61920
61929
61930
61937
61937
61937
61939
61942
61948
61953
61961
61966
61979
61981
61988
62008
62017
62029
62037
62038
62049
62055
62072
62073
62080
62092
62092
62096
62096
62114
62130
62145
62150
62157
62158
62158
62163
62200
62217
62237
62239
62242
62248
62261
62264
62273
62276
62278
62281
62292
62306
62328
62332
62348
62366
62385
62404
62418
62423
62424
62436
62448
62452
62453
62458
62475
62476
62485
62500
62512
62551
62561
62570
62580
62582
62607
62609
62614
62625
62646
62650
62667
62667
62670
62671
62699
62731
62762
62764
62771
62788
62789
62795
62803
62810
62814
62842
62845
62854
62861
62864
62889
62902
62904
62917
62929
62934
62950
62956
62958
62967
63002
63008
63017
63018
63029
63030
63036
63061
63068
63074
63095
63110
63139
63145
63153
63156
63156
63158
63165
63188
63208
63209
63213
63225
63230
63230
63231
63237
63239
63240
63242
63243
63245
63258
63260
63271
63271
63275
63276
63278
63279
63300
63311
63318
63324
63324
63337
63346
63355
63369
63374
63376
63378
63381
63396
63397
63404
63408
63411
63415
63427
63438
63451
63456
63477
63488
63504
63524
63530
63532
63549
63550
63552
63553
63556
63558
63590
63604
63615
63625
63625
63641
63647
63647
63667
63678
63683
63690
63712
63719
63719
63719
63721
63721
63732
63737
63741
63742
63748
63767
63770
63777
63783
63783
63787
63793
63805
63805
63808
63819
63825
63840
63846
63861
63866
63872
63893
63908
63921
63922
63936
63939
63941
63950
63970
63982
64005
64010
64017
64049
64058
64064
64065
64072
64077
64081
64081
64083
64086
64090
64101
64102
64104
64105
64114
64127
64140
64143
64146
64196
64206
64209
64237
64250
64250
64287
64288
64292
64306
64309
64341
64400
64405
64420
64460
64461
64478
64482
64484
64506
64511
64517
64527
64558
64561
64574
64587
64607
64611
64613
64620
64623
64628
64633
64640
64649
64650
64652
64655
64676
64679
64684
64707
64748
64825
64830
64831
64837
64874
64893
64954
64954
64960
64961
65003
65007
65018
65025
65042
65046
65066
65077
65087
65091
65100
65135
65139
65141
65148
65171
65194
65227
65230
65237
65243
65263
65276
65279
65289
65294
65297
65313
65322
65325
65331
65334
65335
65345
65348
65354
65394
65395
65416
65419
65426
65428
65437
65437
65452
65454
65462
65465
65480
65484
65509
65511
65523
65530
65548
65548
65557
65568
65590
65595
65615
65617
65619
65636
65656
65663
65677
65680
65701
65707
65717
65718
65718
65719
65738
65750
65751
65758
65774
65782
65787
65789
65789
65800
65812
65814
65816
65828
65830
65857
65861
65871
65881
65882
65898
65922
65922
65923
65927
65936
65954
65961
65971
66008
66015
66024
66032
66036
66036
66049
66055
66061
66071
66073
66089
66109
66112
66122
66123
66128
66130
66132
66163
66174
66186
66189
66194
66226
66239
66241
66247
66280
66280
66286
66293
66309
66323
66341
66342
66346
66347
66348
66353
66360
66361
66364
66365
66387
66387
66400
66419
66425
66450
66455
66457
66459
66490
66506
66509
66523
66538
66546
66553
66555
66558
66559
66578
66597
66601
66650
66655
66661
66676
66677
66678
66679
66681
66712
66717
66749
66750
66764
66775
66796
66798
66830
66832
66833
66867
66882
66920
66927
66929
66938
66951
66959
66963
66967
67002
67004
67010
67023
67029
67032
67036
67047
67057
67060
67063
67068
67077
67080
67088
67093
67124
67181
67183
67197
67207
67210
67220
67252
67264
67274
67274
67274
67291
67294
67303
67319
67325
67340
67367
67370
67372
67409
67432
67450
67491
67503
67506
67507
67519
67521
67522
67527
67543
67553
67557
67561
67567
67598
67605
67616
67632
67635
67642
67691
67720
67733
67760
67768
67772
67775
67784
67785
67787
67790
67795
67795
67804
67809
67816
67821
67823
67830
67831
67833
67840
67842
67881
67899
67949
67961
67969
67972
67986
68004
68007
68017
68029
68039
68048
68049
68050
68051
68054
68098
68114
68123
68123
68149
68153
68172
68191
68193
68199
68208
68238
68257
68278
68297
68298
68299
68308
68333
68334
68365
68385
68390
68396
68399
68408
68425
68425
68438
68452
68463
68466
68476
68476
68489
68502
68515
68532
68534
68535
68537
68541
68543
68585
68588
68595
68601
68608
68609
68623
68626
68640
68663
68700
68715
68716
68731
68758
68759
68762
68787
68791
68797
68799
68800
68819
68819
68829
68843
68848
68855
68859
68862
68883
68894
68920
68929
68933
68934
68939
68980
68988
69001
69002
69011
69014
69021
69021
69028
69031
69043
69055
69074
69081
69087
69091
69094
69099
69103
69109
69114
69124
69135
69137
69146
69158
69161
69162
69181
69184
69201
69206
69233
69243
69244
69244
69248
69251
69264
69279
69288
69296
69315
69323
69326
69330
69344
69365
69375
69382
69393
69398
69405
69406
69434
69451
69459
69465
69480
69490
69501
69506
69512
69514
69530
69536
69555
69558
69564
69570
69570
69575
69575
69589
69592
69612
69617
69632
69635
69644
69658
69662
69665
69670
69672
69681
69686
69693
69694
69705
69713
69716
69722
69726
69731
69735
69748
69748
69751
69758
69765
69773
69780
69780
69786
69790
69791
69798
69813
69834
69847
69862
69865
69874
69901
69920
69927
69927
69956
69956
69959
69973
69976
69977
69988
69999
70001
70001
70014
70023
70035
70050
70052
70053
70054
70062
70063
70066
70067
70080
70088
70127
70136
70139
70142
70145
70149
70171
70173
70186
70190
70190
70238
70240
70251
70272
70274
70274
70284
70285
70287
70292
70299
70303
70304
70312
70316
70317
70317
70321
70324
70327
70355
70357
70384
70395
70396
70399
70412
70421
70423
70428
70429
70443
70451
70481
70482
70492
70503
70505
70519
70543
70577
70582
70616
70620
70636
70638
70639
70642
70660
70690
70701
70722
70730
70739
70753
70765
70767
70775
70792
70796
70820
70821
70851
70862
70878
70887
70890
70899
70900
70904
70909
70921
70934
70937
70957
70961
70961
70969
70973
70996
71009
71045
71069
71078
71091
71092
71105
71118
71124
71126
71128
71133
71154
71154
71171
71176
71189
71218
71235
71239
71240
71249
71265
71288
71323
71329
71332
71341
71349
71357
71363
71366
71405
71408
71411
71447
71457
71466
71475
71479
71486
71491
71509
71526
71529
71537
71544
71557
71560
71569
71578
71589
71591
71599
71609
71619
71638
71658
71675
71686
71688
71697
71711
71715
71722
71724
71729
71730
71761
71781
71782
71787
71792
71796
71830
71841
71852
71855
71882
71883
71896
71897
71914
71935
71936
71947
71949
71977
71987
71988
71988
71989
71993
71999
72000
72000
72033
72039
72047
72050
72053
72056
72062
72064
72066
72070
72078
72096
72100
72115
72133
72139
72140
72143
72143
72145
72147
72164
72167
72175
72189
72206
72206
72218
72219
72227
72241
72241
72242
72243
72248
72259
72260
72272
72289
72299
72305
72305
72313
72321
72324
72360
72372
72391
72395
72411
72428
72432
72433
72436
72441
72443
72449
72463
72463
72496
72498
72500
72501
72515
72521
72529
72548
72551
72551
72564
72570
72571
72587
72593
72606
72612
72617
72623
72628
72629
72630
72652
72664
72669
72673
72674
72675
72678
72682
72689
72689
72691
72693
72695
72697
72707
72720
72728
72729
72745
72749
72754
72771
72776
72776
72796
72801
72817
72818
72820
72821
72822
72827
72847
72860
72865
72866
72868
72878
72880
72880
72889
72905
72922
72926
72941
72942
72955
72961
72963
72982
73003
73010
73013
73025
73044
73055
73063
73109
73110
73124
73138
73139
73151
73165
73184
73187
73191
73193
73208
73212
73219
73224
73227
73234
73261
73266
73273
73274
73274
73275
73277
73280
73296
73297
73305
73306
73328
73366
73368
73388
73389
73393
73408
73413
73416
73427
73444
73454
73460
73478
73479
73479
73485
73487
73489
73513
73514
73519
73521
73521
73525
73527
73530
73542
73549
73576
73584
73599
73601
73603
73603
73618
73632
73635
73640
73642
73645
73648
73651
73655
73671
73677
73682
73685
73688
73695
73701
73707
73708
73709
73712
73728
73731
73732
73745
73747
73758
73769
73782
73785
73808
73812
73817
73841
73843
73846
73868
73885
73889
73905
73905
73906
73917
73921
73935
73936
73940
73960
73972
73978
73982
73987
73988
73992
73996
73997
73998
73998
73999
74003
74009
74014
74019
74019
74023
74027
74035
74038
74048
74050
74060
74070
74071
74073
74075
74081
74081
74092
74099
74104
74108
74118
74123
74131
74135
74153
74166
74171
74173
74175
74187
74195
74199
74204
74205
74216
74233
74256
74257
74258
74263
74264
74265
74278
74285
74286
74306
74308
74310
74318
74325
74329
74361
74361
74365
74369
74376
74380
74401
74418
74427
74438
74440
74445
74455
74457
74457
74459
74461
74466
74469
74475
74478
74483
74490
74493
74495
74498
74498
74499
74500
74511
74512
74512
74533
74540
74545
74566
74572
74577
74580
74582
74584
74587
74600
74602
74603
74614
74617
74622
74630
74631
74639
74640
74640
74641
74661
74662
74663
74664
74664
74666
74673
74693
74699
74701
74704
74726
74728
74729
74730
74731
74747
74748
74751
74754
74765
74773
74779
74784
74801
74804
74814
74837
74853
74860
74862
74863
74866
74868
74870
74887
74897
74903
74906
74912
74915
74921
74948
74954
74972
75000
75016
75017
75025
75028
75042
75044
75054
75062
75083
75099
75126
75130
75132
75133
75136
75138
75138
75146
75150
75154
75163
75170
75175
75176
75193
75209
75209
75226
75228
75246
75258
75276
75278
75285
75288
75293
75310
75331
75337
75351
75352
75358
75367
75369
75387
75388
75414
75431
75440
75442
75456
75487
75492
75498
75508
75511
75528
75528
75542
75568
75569
75580
75581
75596
75598
75612
75614
75623
75630
75640
75645
75653
75681
75682
75688
75691
75691
75700
75714
75721
75728
75731
75744
75755
75766
75769
75769
75771
75775
75777
75778
75792
75793
75794
75819
75822
75828
75833
75837
75841
75896
75897
75907
75934
75934
75941
75945
75967
75985
75988
76060
76066
76095
76113
76164
76165
76220
76250
76251
76261
76268
76297
76340
76352
76376
76388
76389
76390
76407
76415
76424
76433
76455
76467
76480
76497
76511
76515
76515
76536
76566
76589
76602
76653
76656
76667
76696
76704
76715
76717
76733
76760
76765
76788
76795
76806
76833
76869
76879
76883
76886
76887
76888
76893
76900
76916
76922
76929
76931
76937
76948
76951
76959
76982
76985
76986
76999
76999
77020
77024
77031
77033
77045
77055
77067
77074
77094
77099
77107
77122
77125
77132
77146
77178
77181
77198
77199
77202
77207
77219
77225
77246
77285
77286
77296
77301
77319
77330
77332
77345
77355
77390
77404
77418
77421
77427
77429
77432
77447
77448
77458
77460
77479
77508
77509
77514
77521
77533
77549
77557
77565
77587
77592
77608
77609
77639
77644
77674
77693
77697
77737
77760
77782
77796
77798
77823
77836
77841
77864
77866
77881
77892
77895
77896
77899
77902
77903
77903
77924
77926
77968
77979
77981
77983
77985
77996
78010
78024
78030
78051
78054
78060
78065
78085
78093
78095
78105
78113
78143
78144
78155
78157
78159
78170
78170
78171
78180
78193
78196
78204
78204
78205
78211
78214
78215
78219
78224
78234
78237
78242
78243
78266
78275
78278
78282
78283
78301
78304
78318
78322
78330
78333
78353
78362
78366
78368
78371
78383
78383
78385
78394
78397
78429
78430
78430
78449
78456
78466
78478
78520
78523
78532
78541
78546
78552
78555
78569
78574
78589
78589
78591
78592
78599
78600
78603
78607
78608
78627
78628
78638
78651
78659
78674
78680
78681
78688
78697
78703
78718
78724
78727
78727
78730
78730
78735
78736
78761
78787
78807
78809
78813
78818
78820
78826
78826
78846
78855
78868
78880
78889
78889
78910
78927
78927
78942
78967
78973
79000
79027
79027
79034
79041
79044
79052
79082
79109
79145
79147
79152
79181
79187
79192
79221
79224
79234
79273
79284
79289
79319
79323
79341
79349
79353
79353
79357
79367
79392
79411
79414
79440
79457
79459
79460
79460
79469
79518
79529
79537
79549
79584
79589
79603
79644
79654
79669
79714
79729
79762
79807
79818
79827
79846
79855
79871
79876
79888
79894
79908
79911
79921
79922
79938
79955
79967
79976
79989
80000
80000
80013
80016
80018
80026
80029
80042
80074
80078
80081
80083
80085
80094
80111
80123
80125
80126
80127
80129
80161
80169
80183
80208
80210
80228
80239
80251
80257
80267
80274
80288
80298
80338
80343
80353
80358
80371
80376
80377
80378
80379
80396
80399
80446
80462
80463
80463
80472
80498
80498
80501
80510
80550
80550
80554
80557
80559
80573
80575
80581
80592
80598
80599
80604
80628
80644
80663
80699
80702
80703
80711
80713
80734
80755
80767
80776
80786
80791
80795
80796
80821
80836
80840
80841
80846
80851
80859
80860
80860
80882
80883
80883
80895
80896
80905
80917
80920
80937
80944
80961
80964
80965
80970
80992
80996
81010
81017
81019
81025
81037
81040
81053
81053
81067
81090
81099
81113
81123
81126
81134
81138
81173
81174
81184
81189
81195
81205
81227
81235
81261
81264
81270
81271
81272
81291
81294
81313
81315
81334
81370
81371
81393
81397
81404
81423
81429
81449
81450
81450
81453
81455
81455
81457
81462
81462
81471
81489
81493
81514
81525
81526
81527
81530
81533
81584
81603
81611
81612
81622
81642
81673
81680
81681
81684
81687
81688
81726
81728
81731
81741
81742
81746
81760
81778
81783
81786
81790
81792
81798
81815
81826
81831
81838
81861
81874
81875
81877
81882
81924
81929
81953
81977
82002
82002
82008
82009
82012
82023
82029
82046
82048
82065
82073
82077
82079
82086
82086
82089
82091
82118
82120
82124
82152
82167
82167
82172
82183
82186
82187
82189
82202
82206
82218
82224
82227
82228
82230
82241
82244
82244
82250
82251
82264
82301
82304
82310
82329
82334
82340
82359
82373
82382
82402
82414
82422
82442
82456
82462
82469
82471
82475
82482
82490
82502
82504
82510
82520
82521
82533
82573
82574
82576
82582
82597
82605
82613
82624
82636
82651
82690
82699
82702
82724
82725
82725
82749
82754
82762
82770
82783
82785
82792
82802
82803
82806
82811
82822
82832
82843
82844
82850
82869
82880
82886
82886
82889
82893
82894
82900
82905
82922
82938
82941
82946
82956
82963
82966
82980
82984
82985
83002
83016
83029
83032
83044
83054
83057
83063
83069
83073
83078
83079
83086
83099
83101
83104
83104
83106
83120
83142
83146
83162
83165
83166
83174
83183
83188
83206
83214
83214
83221
83237
83254
83265
83278
83285
83286
83295
83296
83297
83301
83318
83322
83343
83343
83352
83361
83366
83381
83390
83397
83401
83410
83411
83419
83438
83441
83443
83444
83445
83445
83453
83457
83528
83531
83533
83537
83545
83549
83553
83561
83562
83569
83578
83579
83592
83606
83622
83625
83626
83632
83633
83637
83640
83643
83659
83659
83665
83673
83681
83689
83703
83708
83712
83716
83722
83723
83742
83744
83752
83768
83769
83777
83793
83795
83803
83804
83805
83805
83827
83827
83828
83830
83842
83843
83849
83849
83850
83850
83851
83852
83865
83866
83867
83876
83879
83883
83886
83898
83903
83926
83951
83956
83999
84004
84012
84013
84021
84034
84045
84046
84050
84062
84064
84072
84083
84105
84108
84113
84133
84136
84142
84146
84151
84164
84164
84193
84193
84208
84213
84214
84226
84230
84230
84232
84239
84279
84282
84283
84304
84308
84312
84357
84370
84373
84386
84388
84393
84398
84402
84405
84406
84410
84422
84423
84457
84458
84470
84472
84473
84497
84533
84543
84543
84550
84552
84568
84574
84580
84581
84586
84590
84590
84598
84602
84606
84618
84621
84622
84625
84648
84666
84685
84697
84698
84698
84725
84727
84744
84754
84756
84757
84760
84769
84777
84778
84825
84830
84833
84855
84862
84863
84865
84877
84885
84891
84915
84921
84923
84947
84968
84977
84978
85013
85015
85020
85022
85028
85033
85034
85049
85049
85050
85057
85058
85065
85069
85072
85093
85093
85097
85099
85100
85120
85124
85126
85127
85154
85159
85175
85179
85180
85181
85183
85198
85225
85227
85252
85252
85254
85256
85267
85289
85291
85336
85340
85367
85381
85382
85401
85404
85406
85407
85410
85415
85421
85436
85436
85439
85460
85469
85514
85526
85526
85527
85537
85540
85545
85547
85559
85560
85563
85564
85564
85584
85586
85602
85628
85628
85633
85640
85656
85668
85670
85671
85689
85690
85708
85715
85718
85732
85735
85746
85754
85768
85771
85773
85781
85785
85801
85804
85807
85808
85809
85809
85810
85817
85827
85834
85852
85857
85859
85891
85896
85900
85904
85927
85951
85976
85999
86002
86033
86052
86063
86068
86070
86078
86083
86087
86104
86106
86109
86109
86113
86131
86133
86134
86137
86156
86157
86168
86168
86180
86188
86200
86235
86240
86243
86251
86254
86296
86338
86347
86351
86377
86387
86399
86423
86423
86425
86425
86428
86454
86470
86475
86498
86507
86522
86526
86545
86556
86559
86597
86598
86606
86612
86613
86629
86630
86652
86659
86665
86675
86682
86684
86693
86712
86717
86723
86725
86751
86752
86755
86766
86778
86782
86788
86798
86798
86826
86852
86893
86898
86907
86908
86912
86913
86916
86919
86923
86930
86934
86935
86935
86941
86943
86950
86951
86953
86961
86963
86963
86964
86970
86973
86980
86983
86991
87000
87004
87014
87017
87035
87042
87045
87054
87069
87070
87077
87079
87095
87095
87104
87111
87125
87127
87129
87132
87139
87149
87152
87164
87192
87198
87210
87225
87232
87243
87243
87268
87276
87313
87320
87322
87331
87333
87336
87340
87348
87350
87358
87371
87372
87376
87386
87404
87412
87412
87416
87419
87419
87422
87424
87445
87445
87447
87454
87461
87468
87483
87493
87494
87496
87506
87515
87519
87520
87527
87533
87535
87541
87556
87560
87575
87578
87579
87591
87613
87623
87652
87665
87670
87671
87675
87742
87743
87748
87754
87756
87795
87803
87824
87829
87853
87857
87858
87883
87885
87898
87906
87929
87933
87935
87947
87950
87952
87954
88010
88011
88012
88018
88027
88042
88075
88076
88118
88118
88134
88153
88163
88179
88182
88184
88212
88221
88224
88238
88250
88259
88286
88290
88299
88306
88309
88324
88345
88370
88386
88387
88397
88401
88407
88415
88424
88440
88444
88455
88490
88508
88530
88537
88538
88568
88581
88585
88616
88643
88649
88662
88669
88694
88695
88696
88699
88705
88707
88715
88725
88727
88732
88754
88758
88760
88768
88775
88775
88804
88809
88814
88847
88854
88862
88866
88890
88894
88904
88929
88942
88945
88980
89004
89006
89016
89036
89042
89047
89051
89059
89075
89121
89147
89153
89167
89173
89175
89191
89203
89206
89211
89212
89239
89239
89247
89257
89259
89275
89275
89290
89292
89293
89297
89298
89310
89313
89314
89326
89329
89368
89371
89379
89387
89389
89392
89409
89433
89438
89441
89441
89463
89472
89480
89484
89485
89501
89525
89533
89540
89587
89588
89593
89617
89621
89634
89637
89645
89656
89665
89670
89675
89676
89679
89709
89717
89722
89724
89768
89787
89806
89877
89880
89890
89901
89902
89919
89932
89959
89967
89968
89974
89978
89992
90034
90078
90089
90101
90104
90104
90107
90125
90131
90133
90162
90198
90213
90225
90226
90264
90271
90291
90307
90324
90326
90340
90350
90353
90379
90387
90388
90425
90435
90443
90455
90456
90473
90479
90482
90483
90539
90554
90558
90560
90585
90587
90593
90596
90612
90614
90615
90619
90627
90637
90672
90678
90688
90703
90703
90720
90775
90806
90810
90822
90833
90845
90855
90862
90898
90906
90909
90920
90948
90962
90981
90996
90996
90999
91002
91022
91026
91036
91047
91053
91067
91082
91083
91083
91085
91097
91101
91104
91130
91135
91166
91167
91167
91181
91198
91198
91199
91203
91215
91220
91223
91231
91232
91236
91236
91239
91257
91260
91265
91266
91267
91270
91304
91326
91331
91334
91352
91352
91355
91365
91396
91408
91420
91445
91454
91470
91472
91491
91497
91498
91523
91540
91542
91566
91594
91597
91608
91619
91626
91647
91679
91681
91686
91694
91705
91716
91731
91743
91749
91761
91765
91800
91842
91843
91861
91867
91876
91879
91880
91933
91941
91979
92009
92021
92023
92046
92065
92145
92158
92169
92174
92174
92190
92212
92231
92273
92273
92280
92280
92285
92317
92334
92343
92345
92350
92357
92365
92365
92377
92386
92386
92403
92414
92431
92432
92446
92455
92458
92463
92488
92495
92505
92506
92510
92537
92538
92549
92549
92560
92569
92580
92582
92587
92589
92590
92609
92630
92639
92661
92671
92671
92672
92676
92695
92722
92722
92725
92763
92767
92769
92800
92807
92808
92832
92836
92847
92890
92891
92897
92898
92900
92903
92904
92912
92922
92928
92929
92934
92935
92938
92950
92957
92959
92960
92977
92990
93005
93032
93049
93065
93109
93115
93128
93138
93140
93156
93173
93174
93176
93182
93205
93215
93218
93264
93264
93269
93281
93288
93292
93296
93297
93307
93309
93357
93365
93373
93375
93375
93378
93378
93400
93414
93437
93458
93468
93482
93490
93494
93505
93529
93540
93548
93553
93566
93577
93580
93599
93607
93611
93615
93620
93621
93634
93636
93638
93642
93665
93689
93698
93704
93717
93739
93765
93772
93774
93789
93800
93816
93874
93896
93907
93923
93924
93958
93964
93985
93991
94019
94034
94041
94059
94065
94068
94069
94117
94117
94134
94139
94191
94266
94275
94282
94297
94308
94321
94367
94386
94401
94412
94414
94423
94430
94436
94444
94448
94480
94487
94507
94531
94533
94549
94553
94562
94575
94617
94621
94628
94630
94630
94638
94643
94647
94648
94651
94659
94690
94691
94692
94703
94713
94744
94753
94768
94773
94779
94810
94810
94814
94817
94820
94838
94842
94885
94887
94893
94896
94899
94918
94922
94936
94966
94986
94991
95009
95019
95023
95040
95062
95084
95084
95126
95148
95148
95151
95198
95205
95205
95239
95245
95248
95258
95277
95292
95302
95308
95309
95311
95340
95350
95350
95358
95379
95388
95390
95392
95394
95405
95428
95433
95442
95453
95466
95477
95478
95498
95501
95506
95512
95512
95519
95525
95536
95541
95545
95557
95558
95575
95578
95628
95632
95632
95644
95644
95647
95647
95659
95667
95672
95672
95685
95690
95706
95713
95720
95726
95738
95754
95765
95777
95786
95800
95837
95866
95870
95891
95911
95938
95942
95953
95971
95972
95986
96000
96013
96028
96029
96053
96062
96081
96092
96094
96097
96109
96114
96124
96146
96161
96174
96219
96248
96249
96251
96252
96262
96274
96274
96275
96301
96313
96317
96317
96320
96321
96322
96342
96349
96379
96382
96402
96411
96414
96421
96421
96426
96443
96445
96458
96466
96472
96490
96496
96504
96520
96525
96526
96537
96544
96549
96572
96598
96603
96605
96606
96607
96612
96625
96639
96646
96652
96653
96659
96666
96681
96684
96694
96703
96705
96705
96707
96708
96716
96719
96720
96727
96734
96741
96746
96781
96781
96793
96794
96798
96799
96802
96807
96815
96826
96832
96833
96837
96838
96840
96857
96901
96901
96908
96911
96916
96920
96923
96944
96945
96970
96971
96971
96972
96975
96979
96992
97009
97009
97013
97013
97019
97021
97022
97045
97054
97055
97062
97066
97082
97083
97096
97102
97109
97112
97124
97135
97139
97140
97151
97158
97168
97180
97187
97199
97235
97240
97246
97249
97265
97266
97274
97285
97289
97301
97308
97311
97313
97319
97339
97340
97353
97354
97355
97359
97367
97379
97385
97388
97401
97408
97417
97427
97430
97434
97434
97443
97465
97474
97479
97499
97505
97509
97524
97530
97534
97537
97561
97574
97575
97583
97591
97593
97598
97604
97606
97608
97609
97621
97623
97635
97638
97651
97655
97664
97665
97665
97683
97684
97709
97733
97736
97748
97757
97764
97767
97769
97769
97777
97794
97804
97822
97860
97882
97905
97925
97940
97949
97961
97962
97963
97966
97972
97975
97978
97987
97988
97992
98002
98012
98019
98037
98040
98066
98083
98084
98097
98114
98119
98119
98129
98136
98152
98158
98170
98186
98205
98227
98251
98263
98287
98310
98316
98332
98344
98403
98431
98431
98437
98454
98459
98461
98467
98471
98495
98531
98536
98538
98546
98599
98607
98610
98637
