3
9
14
14
23
24
43
48
53
55
77
94
99
106
108
120
132
134
143
144
150
196
201
208
224
225
231
243
248
280
285
293
345
349
352
360
375
387
390
410
420
439
442
443
458
461
476
484
484
485
505
520
527
542
543
545
546
548
563
569
570
574
575
581
597
601
602
614
623
644
659
662
663
665
674
674
687
688
711
726
778
780
793
797
809
859
866
866
872
888
891
906
934
935
936
947
956
980
984
998
1007
1011
1023
1025
1039
1048
1081
1091
1105
1115
1121
1177
1191
1203
1221
1222
1246
1274
1290
1295
1299
1307
1317
1348
1349
1392
1392
1475
1489
1498
1539
1553
1556
1575
1590
1599
1634
1634
1650
1671
1696
1714
1753
1757
1766
1771
1772
1790
1796
1817
1824
1827
1861
1873
1875
1884
1903
1906
1917
1927
1934
1941
1978
1983
1986
1989
1996
2000
2004
2019
2021
2021
2045
2052
2057
2061
2077
2079
2090
2103
2119
2122
2123
2124
2134
2146
2164
2165
2167
2170
2177
2184
2187
2194
2194
2233
2238
2257
2277
2283
2316
2320
2355
2357
2374
2387
2393
2393
2396
2403
2419
2423
2447
2468
2478
2516
2524
2525
2538
2545
2550
2556
2557
2561
2564
2565
2568
2582
2593
2613
2621
2657
2677
2696
2700
2704
2728
2729
2731
2732
2747
2760
2766
2789
2794
2794
2819
2849
2850
2857
2872
2872
2884
2889
2891
2894
2896
2916
2944
2957
2969
2980
3000
3015
3016
3025
3034
3053
3060
3073
3107
3108
3155
3170
3195
3214
3256
3293
3296
3298
3334
3336
3338
3341
3382
3384
3390
3409
3419
3431
3477
3485
3485
3508
3553
3598
3600
3606
3626
3626
3641
3669
3706
3720
3725
3766
3773
3777
3781
3808
3816
3821
3829
3831
3833
3834
3842
3847
3848
3888
3892
3910
3929
3934
3949
3955
3974
3975
3985
3986
3987
3990
4008
4020
4022
4035
4061
4091
4105
4115
4119
4179
4183
4191
4217
4218
4226
4232
4242
4244
4259
4268
4268
4272
4293
4327
4361
4378
4380
4382
4385
4392
4394
4399
4400
4408
4420
4420
4436
4452
4474
4498
4502
4507
4508
4513
4535
4550
4557
4565
4567
4583
4590
4593
4597
4617
4626
4626
4640
4658
4659
4672
4678
4680
4693
4699
4717
4744
4763
4780
4813
4817
4822
4830
4833
4842
4863
4864
4867
4875
4884
4889
4890
4890
4897
4902
4904
4907
4930
4937
4938
4940
4943
4959
4968
4982
4993
5024
5027
5039
5061
5061
5076
5076
5081
5083
5143
5158
5185
5203
5213
5230
5264
5265
5270
5272
5273
5277
5297
5300
5304
5306
5323
5337
5345
5356
5375
5386
5404
5409
5423
5446
5456
5459
5487
5496
5508
5541
5557
5580
5590
5593
5601
5620
5628
5663
5666
5692
5717
5753
5781
5781
5783
5789
5799
5800
5812
5832
5843
5852
5870
5876
5882
5913
5922
5924
5934
5945
5957
5957
5970
5971
5979
6004
6022
6028
6039
6058
6062
6088
6148
6151
6159
6171
6218
6228
6259
6270
6272
6289
6321
6329
6337
6341
6342
6355
6359
6363
6386
6402
6409
6410
6425
6444
6466
6471
6472
6476
6494
6499
6505
6508
6518
6535
6567
6592
6596
6601
6613
6621
6634
6643
6676
6684
6684
6692
6720
6740
6757
6760
6766
6770
6777
6787
6801
6817
6821
6869
6891
6896
6902
6904
6906
6916
6952
6992
6995
7001
7026
7110
7138
7144
7145
7151
7156
7158
7162
7171
7171
7185
7186
7188
7203
7204
7280
7291
7297
7321
7330
7349
7368
7400
7410
7412
7436
7442
7447
7455
7471
7471
7484
7485
7489
7489
7489
7501
7510
7515
7536
7537
7538
7543
7562
7574
7578
7603
7613
7622
7651
7658
7685
7704
7734
7734
7739
7744
7763
7770
7771
7771
7783
7786
7829
7837
7839
7840
7843
7856
7861
7864
7867
7873
7880
7882
7884
7902
7902
7907
8039
8060
8062
8081
8086
8089
8111
8119
8120
8132
8142
8147
8168
8191
8203
8213
8217
8217
8226
8229
8240
8244
8245
8255
8279
8300
8303
8322
8350
8353
8359
8362
8381
8382
8409
8436
8440
8446
8455
8470
8475
8480
8497
8499
8508
8512
8530
8536
8538
8541
8544
8545
8546
8591
8634
8640
8644
8656
8670
8683
8704
8715
8732
8737
8738
8745
8763
8767
8783
8784
8786
8792
8795
8810
8812
8827
8846
8850
8861
8862
8870
8892
8904
8910
8940
8988
9014
9029
9032
9068
9069
9107
9113
9130
9137
9152
9157
9157
9201
9219
9230
9234
9243
9284
9310
9362
9370
9387
9412
9418
9434
9441
9468
9499
9503
9549
9557
9565
9574
9574
9575
9592
9594
9603
9606
9621
9637
9647
9657
9671
9679
9682
9692
9728
9731
9735
9820
9840
9841
9852
9854
9867
9888
9905
9908
9912
9925
9928
9967
9973
9979
9987
9995
10005
10009
10017
10055
10057
10089
10112
10149
10194
10195
10206
10207
10220
10243
10245
10252
10262
10271
10288
10308
10308
10330
10332
10336
10338
10363
10377
10378
10383
10388
10400
10409
10411
10416
10432
10454
10454
10465
10469
10484
10488
10515
10542
10547
10563
10565
10566
10571
10606
10606
10607
10620
10625
10660
10678
10678
10684
10684
10686
10686
10698
10713
10716
10727
10734
10740
10740
10756
10765
10767
10775
10790
10799
10818
10826
10827
10832
10853
10874
10892
10943
10945
10948
10949
10955
10960
10969
10977
10979
10986
11013
11013
11038
11050
11096
11114
11132
11134
11148
11154
11170
11174
11174
11175
11181
11196
11220
11238
11246
11248
11249
11257
11261
11261
11264
11274
11279
11294
11299
11306
11318
11325
11348
11377
11378
11381
11395
11396
11398
11409
11412
11416
11417
11426
11447
11463
11468
11486
11537
11555
11586
11596
11601
11609
11619
11635
11646
11649
11680
11682
11715
11761
11762
11763
11790
11790
11792
11803
11811
11815
11815
11818
11827
11842
11849
11876
11899
11907
11909
11911
11915
11935
11940
11944
11956
11963
11963
11985
11991
11992
12005
12052
12065
12079
12090
12107
12116
12121
12157
12174
12180
12182
12182
12199
12207
12232
12233
12239
12250
12272
12289
12302
12322
12323
12329
12337
12359
12371
12396
12400
12400
12405
12426
12447
12449
12451
12464
12469
12512
12522
12526
12546
12554
12555
12558
12601
12619
12629
12638
12640
12644
12651
12675
12679
12692
12714
12738
12740
12743
12749
12762
12765
12789
12798
12801
12819
12833
12838
12852
12855
12889
12892
12902
12902
12906
12953
12953
12957
12993
13002
13013
13027
13028
13045
13075
13084
13091
13126
13136
13149
13178
13240
13250
13256
13258
13283
13286
13302
13320
13320
13320
13323
13323
13324
13329
13330
13348
13348
13352
13406
13422
13428
13433
13456
13474
13475
13483
13487
13496
13506
13510
13537
13550
13568
13593
13634
13635
13638
13640
13650
13701
13710
13718
13734
13737
13739
13756
13766
13772
13780
13783
13790
13801
13803
13824
13831
13879
13881
13883
13889
13902
13913
13916
13918
13924
13925
13946
13967
13976
13987
14003
14009
14021
14070
14084
14094
14099
14105
14121
14127
14133
14137
14141
14156
14188
14208
14212
14220
14237
14240
14252
14259
14286
14329
14332
14341
14358
14371
14383
14387
14405
14415
14479
14490
14495
14523
14531
14531
14538
14546
14548
14586
14603
14609
14653
14653
14658
14664
14669
14684
14706
14745
14755
14778
14779
14792
14795
14823
14825
14825
14828
14860
14878
14879
14881
14892
14913
14923
14940
14945
14975
14993
14999
15017
15018
15021
15048
15061
15070
15075
15092
15104
15127
15134
15155
15169
15171
15216
15220
15223
15230
15238
15262
15268
15276
15284
15296
15303
15307
15309
15309
15322
15360
15370
15372
15374
15381
15383
15384
15417
15422
15424
15431
15434
15440
15453
15472
15476
15500
15520
15521
15523
15527
15529
15534
15548
15585
15601
15604
15605
15606
15608
15613
15628
15630
15648
15653
15720
15737
15746
15754
15769
15779
15802
15827
15836
15840
15842
15856
15856
15865
15872
15884
15971
15977
15995
16008
16015
16039
16055
16092
16124
16128
16161
16169
16178
16189
16199
16205
16206
16207
16214
16218
16221
16225
16231
16233
16285
16288
16305
16323
16324
16338
16351
16371
16390
16400
16424
16426
16431
16431
16470
16470
16483
16502
16529
16529
16551
16552
16555
16560
16571
16590
16601
16612
16613
16617
16624
16657
16660
16663
16692
16703
16705
16713
16716
16723
16723
16736
16737
16747
16750
16754
16758
16764
16771
16774
16774
16776
16784
16791
16806
16833
16860
16885
16950
16952
16978
16997
16997
16997
17001
17010
17012
17027
17027
17036
17037
17049
17072
17074
17076
17117
17125
17126
17151
17155
17159
17195
17198
17199
17202
17217
17225
17227
17233
17242
17319
17322
17324
17329
17332
17336
17351
17359
17361
17370
17374
17383
17386
17394
17399
17406
17424
17441
17441
17442
17448
17452
17452
17501
17514
17522
17525
17539
17551
17565
17566
17569
17569
17588
17593
17598
17612
17613
17620
17621
17624
17624
17642
17658
17661
17665
17674
17695
17699
17703
17707
17717
17719
17738
17744
17748
17749
17754
17771
17804
17808
17822
17832
17836
17852
17871
17875
17890
17955
17988
18025
18027
18046
18062
18077
18084
18094
18097
18111
18116
18176
18177
18200
18207
18232
18256
18270
18279
18282
18297
18306
18316
18332
18335
18354
18357
18387
18390
18393
18400
18414
18429
18447
18456
18478
18495
18532
18533
18565
18567
18570
18572
18591
18596
18596
18601
18606
18609
18640
18644
18648
18656
18685
18690
18694
18738
18739
18742
18745
18753
18757
18805
18820
18867
18880
18880
18922
18941
18947
18995
19002
19007
19033
19043
19043
19047
19052
19053
19071
19080
19087
19088
19097
19112
19112
19123
19130
19131
19147
19147
19150
19156
19166
19170
19173
19182
19188
19208
19233
19237
19259
19278
19294
19304
19306
19313
19317
19332
19338
19338
19353
19357
19371
19378
19382
19390
19394
19399
19420
19423
19440
19453
19466
19469
19469
19494
19496
19497
19508
19510
19525
19542
19547
19547
19550
19558
19569
19577
19583
19585
19604
19610
19615
19641
19662
19665
19671
19687
19695
19702
19714
19722
19730
19740
19742
19761
19768
19783
19792
19809
19829
19845
19846
19848
19857
19868
19884
19892
19909
19917
19939
19941
19944
19953
19959
19983
20005
20012
20026
20029
20037
20040
20077
20080
20082
20091
20111
20111
20118
20121
20123
20145
20160
20196
20222
20230
20232
20250
20261
20277
20280
20285
20294
20299
20331
20334
20353
20354
20387
20389
20400
20410
20421
20456
20480
20492
20500
20502
20506
20509
20511
20532
20532
20540
20553
20573
20574
20576
20578
20580
20583
20586
20597
20600
20600
20607
20622
20626
20637
20666
20676
20713
20724
20776
20804
20812
20815
20841
20874
20882
20904
20911
20950
20965
20977
20978
21001
21006
21015
21027
21029
21030
21032
21042
21096
21098
21124
21149
21162
21164
21180
21212
21218
21220
21232
21233
21250
21253
21269
21282
21317
21317
21324
21357
21369
21373
21381
21382
21393
21412
21414
21441
21443
21457
21459
21465
21472
21475
21491
21491
21522
21564
21569
21589
21591
21616
21646
21657
21660
21677
21690
21703
21704
21705
21712
21717
21730
21737
21738
21754
21758
21776
21789
21806
21867
21870
21896
21902
21920
21939
22004
22009
22021
22022
22037
22051
22052
22078
22101
22147
22166
22169
22203
22217
22222
22227
22235
22242
22265
22267
22274
22285
22288
22317
22317
22319
22327
22354
22378
22378
22394
22400
22416
22417
22445
22451
22466
22468
22479
22481
22485
22488
22500
22508
22516
22522
22523
22528
22529
22537
22540
22545
22559
22563
22571
22582
22607
22621
22622
22640
22647
22678
22680
22684
22700
22703
22708
22713
22759
22772
22779
22779
22786
22797
22809
22820
22828
22839
22845
22848
22851
22864
22864
22869
22876
22879
22882
22885
22889
22894
22909
22923
22925
22926
22930
22957
22964
22985
22997
23000
23009
23030
23034
23034
23036
23062
23087
23110
23128
23151
23157
23177
23178
23186
23191
23198
23204
23207
23215
23233
23235
23268
23296
23302
23306
23317
23321
23334
23357
23368
23429
23435
23442
23461
23498
23518
23525
23526
23536
23540
23573
23592
23593
23607
23614
23625
23642
23667
23669
23684
23691
23698
23703
23708
23733
23741
23762
23785
23803
23812
23816
23821
23827
23843
23857
23882
23889
23899
23923
23937
23946
23947
23948
23972
23977
23979
24010
24016
24022
24036
24038
24060
24075
24082
24084
24094
24103
24112
24116
24131
24141
24143
24154
24159
24182
24182
24189
24196
24217
24231
24232
24270
24273
24279
24320
24321
24327
24350
24356
24357
24404
24428
24450
24450
24470
24475
24478
24501
24572
24615
24638
24640
24642
24644
24646
24663
24669
24679
24693
24726
24737
24744
24748
24756
24817
24817
24819
24838
24842
24843
24853
24870
24878
24882
24882
24889
24927
24932
24933
24938
24945
24960
24963
24966
24967
24978
24984
24985
25004
25005
25044
25046
25049
25061
25085
25086
25088
25089
25093
25100
25109
25129
25133
25133
25155
25166
25183
25192
25209
25210
25215
25220
25225
25226
25227
25232
25238
25239
25249
25267
25274
25286
25300
25311
25312
25322
25324
25337
25349
25355
25385
25389
25391
25392
25399
25400
25408
25428
25434
25486
25502
25520
25549
25558
25560
25566
25570
25581
25585
25586
25637
25653
25656
25657
25676
25681
25696
25742
25748
25788
25799
25820
25836
25839
25840
25890
25901
25948
26017
26044
26058
26073
26131
26210
26267
26274
26285
26362
26366
26414
26445
26457
26474
26500
26603
26633
26668
26668
26679
26709
26711
26713
26725
26725
26725
26734
26756
26761
26773
26774
26779
26785
26787
26793
26801
26802
26806
26812
26837
26839
26846
26849
26890
26891
26900
26902
26903
26904
26908
26912
26918
26932
26956
26980
26982
26982
26994
27004
27007
27010
27010
27011
27021
27027
27038
27058
27059
27068
27069
27071
27071
27075
27084
27089
27097
27107
27110
27125
27130
27135
27141
27152
27156
27164
27165
27166
27168
27172
27194
27195
27215
27222
27243
27245
27245
27249
27256
27258
27262
27275
27277
27289
27289
27292
27299
27300
27305
27309
27313
27313
27318
27319
27327
27332
27333
27333
27335
27340
27345
27354
27355
27356
27359
27361
27374
27379
27381
27404
27410
27447
27447
27456
27471
27475
27496
27496
27499
27501
27516
27517
27522
27527
27540
27545
27548
27551
27586
27596
27598
27638
27662
27663
27699
27702
27753
27757
27762
27764
27796
27803
27807
27811
27820
27844
27850
27854
27892
27923
27937
27942
27943
27949
27957
27959
27979
27987
27988
28046
28049
28055
28088
28106
28114
28122
28136
28167
28186
28189
28191
28201
28224
28226
28237
28242
28268
28294
28321
28342
28345
28351
28372
28394
28411
28418
28425
28447
28465
28470
28489
28491
28495
28508
28511
28519
28534
28541
28544
28549
28576
28579
28580
28584
28587
28631
28639
28639
28645
28646
28664
28671
28675
28681
28687
28700
28718
28719
28723
28726
28752
28755
28763
28763
28764
28766
28779
28799
28820
28822
28827
28836
28839
28879
28883
28891
28891
28898
28902
28913
28926
28936
28940
28963
28963
28969
28986
28988
28991
29001
29063
29065
29083
29086
29090
29091
29103
29112
29118
29132
29144
29147
29151
29159
29162
29163
29175
29189
29199
29211
29218
29242
29246
29264
29266
29287
29289
29294
29295
29297
29304
29306
29318
29320
29325
29327
29340
29348
29352
29368
29381
29414
29424
29437
29479
29496
29502
29511
29512
29520
29548
29561
29578
29580
29590
29599
29622
29660
29663
29666
29667
29671
29680
29690
29705
29710
29713
29728
29743
29786
29790
29794
29797
29800
29811
29814
29843
29863
29863
29867
29873
29920
29922
29949
29951
29979
29991
30014
30025
30038
30039
30048
30060
30061
30075
30083
30109
30132
30139
30140
30145
30223
30241
30243
30243
30245
30249
30251
30272
30286
30303
30314
30322
30323
30328
30333
30335
30351
30364
30364
30400
30406
30408
30428
30447
30448
30496
30500
30521
30530
30533
30538
30539
30544
30576
30596
30604
30605
30607
30616
30672
30683
30685
30693
30694
30699
30704
30732
30742
30743
30757
30772
30780
30799
30801
30803
30819
30832
30896
30936
30949
30956
30968
30971
30984
31003
31013
31013
31022
31026
31028
31040
31058
31096
31097
31108
31112
31114
31131
31155
31162
31181
31187
31188
31209
31236
31254
31285
31323
31326
31334
31337
31347
31361
31383
31394
31397
31415
31419
31430
31439
31453
31455
31468
31473
31483
31487
31491
31492
31492
31497
31499
31503
31507
31512
31513
31527
31529
31535
31535
31559
31563
31564
31566
31585
31600
31612
31615
31619
31635
31639
31655
31657
31658
31677
31678
31687
31699
31707
31718
31723
31750
31776
31779
31793
31795
31802
31813
31815
31872
31878
31891
31899
31911
31918
31924
31938
31955
31961
31966
31969
31982
31992
32009
32012
32012
32021
32033
32033
32062
32084
32094
32095
32115
32125
32126
32129
32164
32183
32192
32194
32196
32223
32249
32258
32259
32263
32266
32271
32289
32304
32317
32324
32326
32332
32360
32369
32375
32383
32383
32391
32405
32426
32437
32437
32455
32488
32520
32521
32559
32564
32592
32606
32610
32670
32678
32679
32680
32690
32702
32708
32731
32734
32754
32808
32832
32838
32841
32852
32856
32859
32879
32891
32916
32927
32975
32985
32991
32995
33039
33059
33062
33072
33081
33084
33088
33097
33097
33116
33119
33146
33162
33177
33177
33182
33205
33213
33216
33221
33225
33227
33251
33278
33294
33295
33300
33301
33355
33357
33369
33378
33385
33399
33399
33423
33429
33437
33438
33439
33443
33462
33473
33482
33510
33526
33541
33565
33566
33569
33574
33581
33599
33599
33611
33620
33636
33637
33639
33642
33643
33647
33654
33670
33673
33679
33687
33694
33697
33705
33713
33713
33735
33755
33775
33785
33792
33798
33802
33802
33809
33812
33813
33815
33819
33858
33861
33882
33918
33944
33946
33953
33955
33966
33969
33970
33976
33978
33979
33996
34002
34023
34050
34052
34083
34086
34098
34137
34143
34185
34201
34206
34212
34215
34224
34230
34233
34238
34245
34263
34280
34289
34290
34293
34297
34297
34304
34305
34314
34314
34349
34358
34358
34361
34362
34364
34380
34388
34393
34420
34429
34430
34432
34448
34453
34473
34480
34491
34494
34494
34510
34517
34519
34530
34532
34541
34550
34580
34582
34598
34605
34651
34678
34682
34683
34685
34693
34696
34716
34716
34719
34739
34752
34763
34763
34779
34793
34797
34809
34810
34835
34843
34887
34913
34915
34934
34940
34966
34970
34972
34979
34979
34980
34982
35027
35031
35042
35050
35064
35064
35065
35066
35080
35080
35100
35106
35111
35126
35130
35130
35136
35146
35156
35169
35170
35174
35190
35197
35228
35233
35258
35271
35322
35322
35327
35371
35414
35425
35443
35444
35449
35450
35473
35473
35506
35508
35510
35512
35519
35521
35530
35530
35556
35559
35575
35575
35575
35583
35625
35630
35655
35659
35670
35671
35728
35748
35749
35763
35767
35768
35770
35776
35800
35811
35840
35853
35872
35909
35916
35920
35925
35930
35941
35950
35971
35973
35988
36000
36007
36015
36032
36038
36043
36055
36079
36098
36098
36116
36120
36121
36128
36141
36149
36156
36195
36202
36251
36260
36261
36305
36329
36338
36357
36359
36412
36414
36435
36482
36484
36513
36518
36527
36528
36561
36571
36583
36586
36617
36630
36630
36631
36634
36641
36656
36700
36707
36709
36710
36715
36721
36737
36738
36744
36757
36778
36779
36781
36790
36794
36799
36810
36816
36817
36829
36843
36855
36857
36858
36881
36885
36900
36908
36920
36929
36966
36972
36980
36987
36987
37001
37010
37020
37037
37037
37041
37044
37060
37075
37091
37091
37103
37113
37122
37124
37144
37147
37151
37160
37221
37224
37227
37228
37259
37261
37273
37281
37283
37297
37324
37328
37328
37340
37350
37363
37365
37374
37381
37389
37394
37399
37440
37447
37448
37450
37454
37455
37464
37465
37467
37473
37487
37510
37523
37528
37531
37550
37552
37566
37580
37628
37633
37664
37670
37674
37682
37686
37729
37732
37745
37758
37868
37908
37918
37920
37924
37928
37992
37994
37998
38008
38016
38038
38040
38052
38084
38100
38113
38137
38154
38170
38170
38174
38178
38179
38182
38193
38195
38246
38251
38253
38306
38307
38311
38314
38315
38324
38328
38328
38343
38388
38403
38408
38416
38423
38483
38498
38506
38510
38518
38519
38552
38555
38558
38570
38587
38591
38597
38604
38609
38613
38616
38621
38639
38646
38651
38657
38676
38687
38696
38722
38738
38738
38745
38745
38782
38788
38798
38801
38806
38811
38830
38848
38868
38868
38879
38885
38904
38933
38938
38941
38947
38954
38974
38977
39009
39025
39036
39037
39061
39062
39064
39077
39081
39094
39102
39121
39124
39129
39134
39139
39200
39226
39231
39233
39234
39247
39247
39252
39263
39291
39302
39310
39315
39317
39332
39345
39350
39365
39370
39378
39399
39400
39410
39425
39443
39455
39464
39466
39467
39467
39469
39477
39479
39484
39488
39513
39526
39530
39548
39556
39560
39596
39628
39654
39672
39694
39697
39700
39726
39741
39750
39774
39815
39844
39848
39870
39882
39911
39919
39934
39957
39961
39992
40007
40020
40020
40022
40044
40051
40054
40066
40066
40095
40100
40106
40116
40123
40124
40138
40166
40191
40206
40222
40286
40292
40301
40302
40309
40309
40315
40331
40343
40346
40379
40401
40459
40464
40472
40479
40490
40500
40519
40522
40522
40530
40532
40534
40570
40589
40600
40604
40607
40610
40612
40613
40631
40632
40646
40650
40764
40765
40774
40783
40792
40802
40809
40815
40816
40820
40835
40852
40856
40867
40875
40888
40902
40907
40909
40913
40923
40946
40962
40976
40985
40999
41007
41028
41048
41063
41067
41068
41069
41086
41090
41091
41099
41103
41110
41116
41134
41137
41218
41223
41252
41280
41290
41307
41314
41327
41349
41362
41384
41405
41408
41417
41425
41435
41453
41454
41458
41460
41461
41467
41468
41499
41500
41511
41526
41544
41577
41590
41594
41607
41621
41625
41626
41627
41634
41659
41689
41715
41727
41738
41742
41744
41746
41750
41756
41773
41777
41779
41785
41808
41810
41834
41839
41839
41840
41849
41861
41866
41867
41870
41877
41899
41921
41921
41944
41949
41951
41951
41966
41972
41974
41994
42004
42018
42024
42029
42042
42068
42072
42089
42096
42103
42109
42161
42164
42168
42175
42180
42197
42213
42219
42231
42234
42251
42253
42255
42284
42306
42308
42315
42324
42331
42352
42355
42366
42375
42382
42417
42421
42432
42438
42453
42457
42457
42463
42468
42494
42495
42496
42530
42556
42567
42568
42575
42600
42605
42615
42625
42642
42645
42645
42666
42703
42710
42745
42748
42749
42779
42787
42788
42805
42807
42848
42866
42870
42881
42888
42895
42910
42916
42921
42930
42939
42954
42973
42983
43003
43017
43022
43026
43027
43040
43067
43073
43080
43081
43088
43143
43145
43153
43172
43181
43184
43188
43199
43215
43224
43240
43245
43278
43310
43315
43330
43346
43351
43352
43361
43367
43381
43391
43399
43400
43414
43430
43462
43471
43477
43500
43507
43524
43528
43539
43567
43575
43601
43625
43642
43652
43663
43676
43679
43708
43717
43727
43739
43763
43763
43765
43777
43789
43820
43822
43838
43839
43841
43843
43852
43882
43883
43912
43916
43927
43941
43946
43951
43958
43964
43967
43972
43986
44006
44048
44050
44062
44103
44118
44140
44188
44199
44200
44204
44205
44236
44270
44277
44279
44285
44291
44370
44377
44430
44431
44432
44435
44436
44440
44466
44509
44509
44518
44526
44536
44554
44569
44633
44649
44671
44698
44701
44721
44722
44734
44734
44747
44758
44773
44819
44827
44829
44829
44857
44863
44867
44869
44876
44878
44881
44897
44900
44936
44954
44963
45009
45019
45021
45022
45035
45059
45063
45063
45109
45129
45137
45141
45148
45149
45163
45195
45205
45237
45247
45251
45267
45271
45277
45289
45301
45302
45316
45336
45336
45337
45349
45357
45369
45386
45403
45415
45420
45432
45458
45468
45495
45521
45528
45536
45541
45548
45549
45557
45565
45575
45600
45604
45616
45640
45648
45666
45668
45672
45673
45676
45684
45702
45711
45712
45751
45759
45778
45784
45795
45821
45825
45835
45839
45860
45875
45889
45890
45917
45919
45926
45952
45953
45957
45959
45965
46024
46035
46086
46093
46108
46148
46176
46196
46253
46255
46289
46297
46299
46308
46310
46333
46334
46352
46368
46371
46377
46383
46395
46409
46422
46458
46489
46517
46544
46554
46556
46566
46572
46584
46586
46596
46609
46620
46626
46633
46634
46660
46661
46663
46664
46666
46677
46709
46710
46750
46754
46773
46786
46821
46842
46888
46896
46899
46923
46927
46929
46944
46945
46965
46971
46979
47005
47044
47047
47048
47059
47059
47063
47063
47077
47104
47107
47121
47127
47154
47157
47158
47165
47166
47178
47200
47201
47201
47229
47256
47263
47266
47277
47342
47349
47388
47394
47395
47401
47414
47420
47421
47421
47440
47463
47464
47483
47502
47517
47563
47585
47599
47601
47620
47625
47628
47690
47693
47699
47705
47708
47708
47718
47725
47732
47748
47757
47770
47801
47811
47817
47848
47862
47877
47900
47906
47906
47907
47922
47933
47934
47941
47959
47972
47980
48008
48046
48056
48069
48087
48131
48149
48152
48162
48163
48175
48176
48180
48181
48191
48197
48207
48208
48213
48226
48244
48265
48271
48271
48279
48282
48284
48286
48291
48297
48318
48319
48331
48335
48336
48338
48366
48385
48396
48398
48400
48406
48407
48445
48446
48449
48451
48463
48466
48470
48472
48473
48473
48480
48488
48499
48504
48507
48531
48532
48550
48553
48560
48575
48578
48619
48635
48643
48646
48664
48669
48678
48688
48689
48717
48732
48741
48741
48742
48770
48771
48772
48777
48790
48793
48803
48826
48833
48838
48843
48848
48860
48873
48896
48952
48965
48984
48989
48994
48998
49033
49041
49076
49077
49128
49143
49179
49180
49202
49215
49223
49239
49254
49261
49271
49271
49296
49301
49313
49316
49320
49324
49328
49328
49337
49342
49360
49394
49410
49412
49422
49453
49456
49460
49467
49474
49477
49490
49500
49508
49516
49526
49539
49561
49569
49570
49575
49576
49577
49608
49612
49627
49634
49635
49644
49652
49659
49664
49680
49681
49690
49692
49724
49728
49731
49749
49779
49799
49805
49815
49818
49830
49832
49847
49848
49851
49853
49873
49886
49899
49910
49914
49929
49947
49954
49965
49985
49990
49995
50010
50027
50028
50061
50072
50081
50089
50103
50123
50124
50132
50155
50157
50160
50162
50163
50169
50174
50176
50184
50190
50199
50216
50235
50263
50278
50285
50290
50309
50321
50347
50349
50353
50364
50368
50377
50388
50446
50476
50512
50534
50535
50573
50574
50591
50602
50615
50633
50635
50638
50648
50674
50675
50679
50700
50720
50725
50800
50832
50857
50874
50891
50910
50919
50922
50922
50927
50948
50982
50989
51027
51056
51059
51087
51100
51105
51113
51119
51122
51129
51131
51161
51182
51186
51188
51192
51204
51244
51257
51272
51272
51275
51276
51285
51291
51299
51325
51346
51351
51368
51368
51385
51389
51406
51429
51445
51449
51460
51477
51489
51489
51501
51504
51504
51508
51511
51515
51537
51540
51549
51562
51573
51612
51617
51627
51627
51638
51649
51658
51671
51695
51739
51746
51781
51782
51785
51796
51797
51801
51819
51858
51860
51868
51871
51888
51896
51900
51902
51916
51928
51951
51975
51975
51981
52005
52024
52025
52044
52045
52046
52049
52068
52076
52083
52095
52100
52112
52112
52132
52143
52178
52193
52203
52241
52249
52279
52289
52292
52309
52335
52337
52341
52352
52361
52402
52438
52459
52462
52474
52481
52491
52517
52523
52528
52539
52574
52576
52631
52657
52658
52663
52666
52677
52679
52685
52687
52701
52718
52721
52726
52734
52737
52738
52761
52798
52799
52825
52831
52836
52860
52863
52869
52889
52891
52897
52908
52909
52919
52925
52929
52937
52939
52942
52954
52968
52970
52972
52987
53009
53018
53026
53032
53034
53041
53077
53079
53096
53098
53126
53133
53141
53155
53179
53210
53212
53249
53263
53266
53269
53287
53295
53296
53302
53306
53308
53339
53345
53352
53355
53372
53372
53427
53450
53451
53453
53456
53457
53459
53514
53529
53595
53603
53604
53606
53618
53648
53654
53667
53691
53700
53701
53722
53724
53744
53756
53766
53786
53791
53810
53816
53832
53850
53856
53857
53858
53872
53902
53903
53904
53917
53928
53935
53941
53944
53956
53970
53984
53984
53995
53996
54003
54035
54045
54058
54059
54067
54067
54081
54091
54102
54103
54104
54108
54130
54131
54135
54136
54187
54188
54207
54230
54247
54270
54279
54279
54286
54290
54312
54312
54316
54318
54358
54358
54376
54419
54421
54422
54436
54448
54468
54471
54475
54488
54491
54497
54503
54507
54508
54518
54526
54528
54537
54541
54552
54569
54579
54583
54587
54591
54632
54635
54662
54676
54683
54684
54690
54695
54696
54710
54710
54713
54723
54726
54728
54733
54751
54764
54771
54812
54823
54828
54829
54833
54834
54840
54851
54868
54877
54922
54965
54975
54998
55010
55030
55042
55061
55080
55087
55098
55105
55115
55122
55135
55147
55153
55164
55180
55194
55224
55241
55250
55253
55255
55272
55278
55284
55286
55294
55296
55309
55319
55324
55328
55351
55354
55357
55360
55365
55382
55405
55407
55415
55428
55450
55454
55467
55468
55493
55510
55518
55532
55540
55551
55552
55557
55560
55564
55565
55570
55576
55597
55600
55615
55634
55649
55674
55682
55702
55712
55744
55751
55756
55759
55777
55777
55799
55800
55813
55816
55852
55885
55894
55915
55917
55918
55928
55928
55930
55932
55938
55950
55962
55965
56013
56029
56042
56050
56053
56054
56057
56073
56098
56119
56151
56159
56159
56173
56193
56202
56204
56215
56233
56244
56250
56262
56267
56273
56307
56309
56311
56326
56332
56342
56351
56369
56371
56371
56389
56393
56394
56395
56398
56401
56430
56443
56461
56462
56466
56469
56483
56495
56510
56511
56518
56539
56551
56563
56571
56582
56611
56615
56631
56640
56676
56680
56684
56722
56729
56738
56742
56744
56757
56763
56776
56780
56784
56787
56810
56819
56831
56852
56861
56863
56875
56892
56898
56901
56907
56913
56927
56937
56993
56994
57009
57017
57017
57033
57063
57089
57109
57117
57120
57131
57136
57140
57147
57151
57171
57187
57208
57223
57228
57229
57230
57237
57239
57244
57244
57245
57247
57250
57251
57253
57254
57254
57264
57277
57277
57290
57313
57315
57325
57327
57327
57329
57369
57399
57402
57404
57406
57409
57448
57458
57461
57465
57468
57480
57487
57493
57509
57520
57543
57565
57597
57599
57604
57611
57611
57617
57623
57625
57684
57690
57696
57697
57700
57708
57719
57721
57726
57751
57756
57766
57779
57788
57793
57794
57807
57822
57834
57842
57843
57849
57875
57881
57904
57914
57915
57916
57917
57922
57954
57975
57977
57992
57998
58003
58008
58014
58018
58050
58083
58102
58110
58120
58127
58136
58149
58161
58187
58240
58244
58252
58262
58335
58336
58350
58355
58361
58379
58386
58397
58413
58438
58453
58454
58454
58476
58480
58506
58514
58515
58521
58556
58566
58568
58585
58585
58598
58630
58646
58646
58657
58666
58666
58679
58686
58700
58717
58731
58759
58763
58768
58828
58837
58842
58845
58873
58885
58892
58898
58899
58900
58908
58920
58926
58962
58978
58984
58993
59009
59013
59019
59021
59050
59058
59075
59079
59138
59141
59156
59159
59169
59178
59181
59181
59183
59184
59205
59209
59228
59230
59256
59261
59264
59272
59337
59338
59341
59350
59358
59390
59399
59419
59453
59460
59466
59470
59472
59476
59481
59508
59518
59524
59527
59545
59551
59557
59557
59563
59573
59574
59588
59600
59612
59614
59619
59622
59623
59625
59633
59681
59703
59709
59717
59718
59721
59731
59734
59734
59800
59802
59803
59806
59806
59828
59865
59868
59872
59878
59878
59881
59905
59913
59935
59946
59957
59980
59981
60023
60030
60038
60043
60099
60103
60135
60148
60159
60167
60170
60178
60186
60218
60218
60230
60237
60240
60248
60274
60293
60293
60324
60330
60331
60336
60356
60361
60387
60389
60389
60390
60449
60458
60461
60465
60472
60488
60504
60505
60567
60589
60615
60625
60664
60671
60692
60698
60711
60713
60755
60768
60768
60784
60794
60795
60850
60880
60916
60917
60920
60931
60977
60992
60993
60996
61003
61009
61029
61030
61030
61035
61058
61067
61072
61102
61113
61127
61129
61135
61151
61166
61168
61184
61204
61223
61233
61233
61234
61236
61260
61266
61267
61284
61312
61325
61348
61365
61414
61423
61429
61450
61455
61463
61485
61525
61544
61552
61565
61570
61606
61628
61631
61637
61638
61659
61663
61676
61687
61691
61691
61692
61707
61711
61717
61718
61721
61735
61753
61763
61815
61819
61820
61823
61868
61877
61878
61880
61884
61887
61891
61920
61925
61948
61952
61955
61955
61963
61967
61975
61979
62004
62014
62031
62039
62079
62080
62089
62094
62095
62116
62116
62127
62128
62131
62152
62156
62161
62175
62207
62210
62218
62232
62243
62281
62289
62294
62296
62309
62320
62320
62324
62339
62359
62374
62374
62381
62384
62384
62387
62394
62405
62424
62425
62426
62439
62443
62450
62466
62477
62485
62504
62506
62520
62520
62557
62564
62570
62597
62613
62624
62629
62636
62644
62649
62658
62680
62691
62699
62703
62736
62740
62748
62772
62798
62812
62835
62854
62859
62862
62866
62870
62881
62884
62887
62888
62896
62924
62928
62929
62932
62934
62934
62939
62947
62955
62965
62966
62978
62980
63002
63038
63041
63047
63049
63111
63123
63123
63129
63145
63146
63158
63180
63198
63217
63227
63249
63250
63250
63261
63269
63288
63302
63333
63344
63363
63379
63399
63409
63444
63468
63478
63490
63492
63507
63510
63516
63530
63550
63553
63554
63559
63560
63563
63580
63588
63592
63599
63601
63601
63604
63606
63608
63619
63624
63629
63644
63649
63650
63655
63672
63677
63698
63710
63712
63726
63746
63748
63777
63785
63805
63808
63815
63873
63877
63891
63934
63936
63942
63946
63966
63975
63988
63996
64001
64005
64029
64055
64064
64075
64090
64111
64116
64140
64140
64149
64160
64173
64201
64214
64215
64216
64269
64288
64304
64306
64313
64324
64326
64333
64340
64342
64343
64359
64363
64377
64377
64391
64430
64438
64440
64443
64443
64446
64447
64456
64507
64558
64562
64585
64591
64609
64619
64650
64691
64700
64726
64734
64745
64748
64766
64770
64805
64817
64841
64849
64855
64879
64880
64890
64893
64902
64909
64927
64943
64961
64974
64995
65004
65007
65030
65038
65045
65046
65054
65082
65089
65109
65110
65111
65148
65152
65168
65169
65171
65172
65183
65185
65201
65202
65209
65264
65290
65329
65337
65348
65360
65369
65377
65382
65392
65393
65394
65420
65421
65429
65437
65454
65466
65484
65485
65519
65548
65561
65573
65587
65595
65595
65610
65610
65638
65640
65643
65671
65674
65703
65711
65719
65741
65748
65755
65780
65822
65823
65831
65836
65858
65866
65900
65908
65927
65931
65944
65952
65956
65957
65974
65974
65977
66001
66004
66020
66039
66039
66059
66085
66103
66139
66140
66146
66158
66164
66170
66190
66229
66242
66260
66278
66310
66330
66336
66358
66372
66374
66375
66377
66384
66384
66399
66412
66414
66425
66435
66446
66464
66477
66494
66496
66526
66528
66534
66545
66550
66551
66552
66554
66560
66587
66593
66603
66604
66617
66675
66683
66698
66708
66726
66729
66738
66741
66751
66754
66769
66783
66815
66827
66846
66849
66869
66885
66889
66904
66925
66935
66938
66943
66948
66955
66976
67003
67013
67023
67029
67031
67037
67040
67050
67060
67100
67127
67130
67132
67142
67143
67156
67170
67218
67237
67246
67255
67258
67271
67274
67290
67319
67323
67330
67332
67334
67335
67338
67340
67364
67380
67381
67393
67395
67404
67451
67452
67453
67466
67471
67474
67520
67529
67545
67559
67566
67599
67613
67635
67645
67649
67663
67676
67680
67693
67694
67702
67710
67724
67725
67735
67758
67760
67768
67772
67772
67785
67786
67817
67823
67829
67850
67851
67859
67875
67885
67918
67926
67937
67968
67978
67992
67997
68006
68013
68024
68027
68046
68050
68064
68082
68106
68116
68121
68127
68137
68154
68154
68180
68188
68188
68189
68190
68196
68208
68209
68221
68223
68230
68242
68245
68260
68271
68274
68282
68293
68297
68302
68309
68338
68347
68349
68355
68358
68359
68375
68395
68397
68417
68457
68479
68534
68538
68541
68548
68549
68571
68622
68647
68659
68679
68695
68702
68703
68714
68722
68745
68745
68764
68770
68770
68780
68792
68792
68809
68825
68829
68831
68832
68834
68879
68897
68919
68923
68953
68986
69004
69021
69028
69073
69083
69092
69109
69110
69123
69140
69177
69183
69200
69202
69211
69212
69232
69247
69249
69260
69261
69323
69371
69381
69402
69408
69410
69458
69468
69470
69486
69486
69552
69579
69588
69637
69662
69662
69676
69745
69776
69777
69781
69783
69789
69796
69808
69830
69835
69859
69878
69887
69891
69898
69913
69948
69957
69966
69966
69966
69973
69991
70033
70033
70038
70052
70061
70075
70087
70139
70154
70172
70183
70184
70198
70199
70204
70214
70246
70247
70281
70287
70289
70296
70303
70331
70334
70359
70368
70370
70372
70377
70379
70382
70386
70392
70399
70430
70434
70500
70523
70531
70544
70583
70591
70597
70624
70630
70662
70692
70713
70714
70722
70732
70742
70748
70760
70778
70786
70809
70813
70813
70816
70828
70837
70851
70855
70857
70878
70881
70893
70894
70896
70914
70925
70929
70940
70944
70950
70966
70985
70986
71010
71024
71030
71037
71043
71058
71083
71101
71143
71147
71156
71156
71179
71179
71190
71234
71241
71244
71255
71263
71279
71281
71293
71320
71324
71331
71336
71341
71354
71370
71379
71380
71391
71398
71423
71438
71445
71446
71450
71451
71465
71475
71493
71498
71501
71501
71528
71547
71549
71552
71580
71598
71608
71613
71629
71645
71646
71685
71691
71700
71700
71701
71703
71704
71714
71720
71725
71725
71752
71784
71792
71803
71814
71819
71829
71840
71846
71856
71865
71895
71904
71928
71943
71944
71960
71966
71989
72000
72001
72010
72013
72016
72031
72049
72051
72055
72061
72065
72067
72073
72081
72115
72118
72131
72136
72168
72190
72199
72206
72221
72243
72252
72255
72270
72274
72279
72304
72313
72321
72331
72348
72356
72360
72372
72374
72389
72390
72413
72430
72439
72459
72465
72473
72495
72501
72510
72544
72557
72559
72579
72618
72619
72624
72637
72643
72653
72662
72674
72689
72704
72742
72811
72834
72845
72877
72878
72881
72892
72895
72896
72928
72928
72936
72938
72941
72942
72967
72972
72986
72987
73009
73042
73051
73060
73097
73100
73102
73106
73107
73115
73137
73150
73184
73194
73202
73214
73219
73224
73228
73235
73248
73298
73299
73333
73338
73346
73376
73376
73378
73385
73388
73389
73392
73424
73445
73447
73449
73478
73482
73488
73506
73521
73521
73532
73539
73553
73566
73567
73578
73597
73614
73643
73654
73663
73666
73677
73678
73685
73690
73692
73709
73724
73733
73756
73765
73773
73776
73798
73812
73815
73825
73841
73842
73851
73910
73924
73933
73933
73935
73938
73944
73952
73965
73967
73968
73983
73997
74011
74021
74034
74035
74060
74078
74079
74083
74092
74093
74099
74125
74143
74210
74210
74212
74219
74233
74236
74249
74283
74285
74294
74295
74317
74327
74345
74413
74424
74425
74434
74440
74467
74490
74490
74490
74495
74500
74508
74535
74539
74548
74565
74566
74571
74572
74618
74626
74640
74645
74700
74719
74739
74756
74759
74762
74779
74802
74822
74822
74846
74860
74879
74880
74885
74911
74923
74926
74932
74961
74969
74976
74979
74980
75118
75208
75223
75266
75277
75298
75315
75529
75677
75726
75736
75762
75811
75839
75854
75961
75968
75968
75974
75984
75995
76002
76007
76009
76013
76030
76039
76042
76050
76085
76086
76088
76088
76099
76106
76106
76125
76134
76139
76145
76146
76156
76161
76163
76164
76165
76166
76166
76176
76178
76197
76199
76203
76204
76205
76206
76206
76212
76216
76221
76246
76252
76256
76269
76277
76285
76295
76300
76305
76316
76316
76317
76328
76334
76335
76338
76339
76341
76347
76352
76370
76370
76382
76383
76385
76398
76400
76404
76409
76414
76421
76423
76425
76445
76462
76467
76486
76505
76517
76517
76518
76545
76550
76563
76576
76576
76589
76592
76611
76617
76624
76626
76635
76636
76676
76695
76702
76717
76740
76747
76747
76764
76766
76769
76771
76771
76782
76786
76790
76795
76809
76809
76809
76816
76823
76838
76846
76852
76861
76875
76875
76877
76888
76891
76895
76898
76901
76902
76903
76906
76907
76915
76918
76922
76931
76938
76940
76941
76959
76960
76997
77006
77016
77027
77029
77050
77066
77082
77091
77099
77135
77140
77155
77205
77223
77242
77251
77278
77292
77299
77314
77335
77345
77345
77369
77373
77385
77422
77449
77467
77469
77483
77512
77521
77538
77541
77555
77565
77568
77579
77593
77641
77643
77659
77670
77683
77699
77708
77710
77727
77776
77780
77827
77833
77844
77867
77880
77892
77909
77915
77927
77939
77950
77955
77962
77980
78007
78027
78028
78050
78061
78064
78071
78126
78159
78167
78228
78247
78268
78323
78323
78355
78362
78376
78377
78419
78439
78453
78459
78469
78475
78481
78486
78497
78502
78505
78522
78532
78543
78558
78580
78594
78627
78643
78644
78660
78677
78680
78680
78688
78706
78706
78711
78713
78718
78759
78760
78777
78803
78827
78835
78845
78854
78857
78874
78874
78893
78894
78911
78915
78922
78929
78947
78953
78991
79001
79071
79104
79118
79127
79142
79151
79153
79168
79179
79201
79214
79250
79271
79274
79295
79298
79299
79305
79311
79316
79325
79328
79335
79350
79355
79367
79373
79381
79403
79412
79416
79426
79435
79437
79444
79453
79495
79521
79522
79527
79527
79541
79558
79592
79605
79610
79638
79647
79652
79682
79745
79751
79761
79767
79780
79786
79803
79831
79867
79867
79873
79911
79917
79924
79930
79949
79961
80007
80018
80068
80092
80099
80150
80151
80153
80167
80176
80180
80235
80262
80275
80295
80297
80309
80330
80409
80426
80435
80448
80470
80474
80480
80493
80505
80507
80523
80530
80553
80568
80591
80638
80669
80685
80688
80743
80746
80748
80791
80795
80798
80799
80821
80827
80843
80884
80903
80916
80919
80920
80927
80940
80959
81040
81063
81067
81099
81103
81112
81121
81127
81137
81155
81155
81202
81205
81260
81281
81285
81295
81311
81311
81329
81338
81339
81346
81365
81390
81419
81427
81428
81438
81475
81487
81491
81491
81501
81503
81511
81515
81541
81577
81587
81590
81596
81603
81608
81617
81634
81637
81653
81668
81670
81672
81684
81698
81708
81727
81732
81739
81755
81771
81772
81777
81784
81797
81809
81837
81839
81839
81860
81865
81892
81899
81903
81914
81931
81981
81983
81986
82013
82037
82037
82038
82044
82045
82052
82055
82080
82096
82118
82119
82128
82128
82147
82157
82161
82183
82188
82201
82207
82208
82210
82227
82231
82249
82260
82266
82269
82282
82298
82364
82391
82400
82404
82423
82423
82473
82502
82516
82523
82524
82528
82532
82532
82549
82564
82569
82575
82615
82634
82653
82677
82721
82724
82728
82735
82750
82776
82777
82778
82794
82803
82805
82818
82819
82829
82850
82854
82869
82910
82921
82924
82930
82931
82932
82946
82963
82996
82997
83009
83044
83052
83058
83077
83101
83104
83109
83113
83115
83123
83133
83155
83165
83172
83182
83204
83206
83222
83227
83236
83244
83249
83257
83264
83270
83277
83278
83304
83305
83317
83325
83333
83337
83343
83368
83368
83368
83371
83377
83402
83403
83431
83446
83494
83497
83498
83503
83523
83535
83542
83549
83558
83596
83601
83606
83608
83647
83652
83662
83667
83682
83698
83705
83705
83705
83714
83742
83754
83759
83769
83781
83787
83789
83795
83799
83803
83804
83806
83809
83810
83810
83811
83817
83826
83834
83835
83841
83847
83847
83847
83848
83857
83866
83894
83897
83903
83942
83964
83985
84024
84025
84053
84080
84088
84100
84101
84122
84125
84146
84170
84171
84183
84184
84190
84219
84221
84223
84244
84253
84256
84264
84264
84266
84268
84295
84304
84332
84362
84369
84382
84400
84406
84417
84419
84440
84446
84449
84474
84476
84497
84533
84550
84569
84587
84590
84591
84601
84607
84613
84623
84655
84668
84672
84700
84742
84742
84747
84764
84765
84768
84771
84802
84804
84807
84820
84822
84828
84831
84836
84844
84855
84870
84874
84875
84886
84891
84899
84907
84929
84940
84952
84984
84996
85007
85011
85018
85041
85052
85065
85096
85153
85201
85236
85239
85249
85261
85272
85278
85283
85298
85325
85325
85343
85352
85371
85398
85398
85404
85433
85438
85448
85494
85604
85615
85636
85636
85642
85645
85657
85668
85682
85728
85745
85752
85766
85772
85780
85781
85784
85814
85840
85853
85855
85862
85879
85879
85893
85898
85902
85920
85923
85941
85944
85952
85953
85962
85975
85987
86000
86004
86028
86034
86086
86086
86096
86107
86126
86143
86183
86200
86214
86247
86273
86285
86306
86310
86315
86345
86364
86370
86377
86401
86407
86412
86455
86474
86476
86479
86502
86552
86552
86556
86560
86597
86598
86602
86634
86695
86710
86717
86719
86737
86760
86781
86797
86804
86806
86826
86827
86877
86879
86882
86897
86908
86911
86938
86940
86972
86995
87001
87020
87026
87037
87055
87071
87072
87075
87083
87089
87098
87108
87144
87178
87183
87188
87195
87213
87251
87264
87271
87323
87330
87332
87342
87349
87361
87406
87415
87437
87455
87486
87514
87551
87562
87575
87576
87608
87649
87666
87691
87706
87721
87771
87877
87877
87878
87880
87885
87888
87915
87928
87938
87945
87947
87969
87973
87981
87992
87992
88003
88030
88035
88077
88077
88081
88102
88114
88129
88132
88137
88140
88157
88250
88256
88297
88314
88317
88333
88352
88352
88371
88376
88380
88388
88390
88394
88400
88423
88433
88434
88495
88497
88502
88517
88530
88557
88571
88579
88584
88587
88616
88665
88668
88669
88678
88727
88730
88758
88810
88827
88835
88857
88870
88878
88896
88898
88949
88955
88955
88976
89011
89032
89057
89070
89094
89101
89107
89115
89120
89120
89135
89149
89191
89207
89211
89247
89259
89275
89332
89337
89357
89385
89411
89437
89459
89470
89487
89519
89534
89549
89553
89563
89568
89579
89582
89616
89617
89626
89636
89681
89740
89759
89767
89774
89795
89802
89844
89855
89873
89873
89898
89900
89951
89981
89988
90013
90022
90063
90070
90087
90091
90106
90109
90115
90200
90209
90246
90267
90315
90335
90339
90345
90353
90419
90420
90455
90463
90481
90500
90530
90537
90584
90590
90607
90616
90622
90664
90665
90676
90705
90742
90761
90773
90800
90832
90833
90843
90933
90936
90937
90964
90971
90985
90990
91002
91006
91024
91039
91039
91040
91042
91048
91051
91064
91076
91088
91102
91105
91123
91133
91134
91145
91168
91181
91183
91195
91199
91206
91214
91221
91236
91251
91253
91258
91278
91287
91296
91302
91324
91325
91328
91349
91354
91362
91362
91394
91403
91429
91434
91477
91480
91504
91518
91522
91524
91557
91562
91583
91590
91603
91637
91644
91670
91670
91674
91695
91707
91712
91713
91722
91733
91736
91737
91745
91775
91796
91810
91818
91842
91850
91855
91859
91860
91867
91884
91898
91932
91932
91934
91944
91958
91973
91980
91983
91988
92002
92005
92021
92027
92035
92079
92085
92086
92095
92097
92108
92119
92136
92151
92151
92162
92188
92196
92198
92207
92207
92214
92223
92228
92229
92230
92242
92244
92280
92281
92290
92326
92338
92376
92378
92382
92405
92424
92427
92434
92437
92438
92453
92457
92469
92498
92501
92503
92525
92544
92552
92571
92583
92587
92608
92611
92647
92661
92677
92678
92684
92688
92688
92692
92696
92709
92710
92713
92724
92735
92747
92747
92749
92750
92754
92758
92771
92813
92827
92860
92869
92870
92872
92928
92959
93044
93068
93073
93078
93085
93101
93162
93165
93169
93191
93239
93250
93289
93319
93322
93330
93332
93346
93406
93431
93435
93454
93469
93484
93493
93505
93515
93573
93583
93622
93629
93642
93668
93697
93708
93723
93730
93731
93737
93747
93769
93789
93792
93798
93805
93820
93853
93862
93878
93880
93889
93911
93918
93924
93956
93959
93967
93994
94010
94023
94035
94062
94072
94098
94116
94174
94175
94175
94194
94195
94214
94219
94235
94241
94275
94308
94323
94324
94357
94373
94383
94439
94457
94458
94524
94555
94567
94569
94599
94606
94623
94638
94651
94655
94661
94677
94686
94709
94742
94765
94769
94773
94776
94777
94780
94802
94809
94810
94815
94816
94820
94823
94833
94852
94861
94862
94863
94867
94867
94870
94870
94883
94890
94913
94915
94927
94940
94949
94960
94965
94969
94972
94977
94991
94996
95000
95006
95012
95017
95017
95037
95039
95040
95055
95062
95075
95090
95091
95094
95101
95113
95114
95114
95134
95153
95164
95165
95169
95175
95177
95184
95198
95243
95246
95247
95259
95270
95270
95293
95340
95358
95360
95361
95368
95379
95382
95382
95383
95404
95414
95419
95446
95448
95456
95473
95482
95487
95489
95508
95510
95529
95532
95536
95538
95538
95540
95543
95548
95555
95563
95575
95577
95586
95595
95604
95648
95649
95649
95651
95656
95659
95680
95688
95713
95728
95733
95733
95739
95755
95772
95773
95773
95820
95822
95822
95862
95878
95900
95916
95918
95931
95940
95941
95950
95994
95998
96008
96042
96095
96125
96145
96172
96219
96239
96240
96250
96253
96284
96286
96323
96336
96340
96349
96352
96363
96374
96375
96378
96386
96404
96435
96467
96473
96478
96479
96484
96529
96531
96537
96552
96556
96565
96578
96579
96587
96609
96617
96625
96636
96637
96645
96682
96687
96702
96707
96708
96711
96715
96716
96754
96761
96766
96790
96827
96833
96845
96852
96875
96905
96916
96963
96970
96984
96990
96997
97008
97028
97076
97099
97112
97113
97114
97136
97160
97183
97193
97216
97228
97229
97230
97247
97285
97299
97301
97304
97322
97323
97385
97391
97404
97413
97426
97459
97473
97490
97498
97553
97559
97585
97624
97629
97636
97639
97659
97677
97701
97714
97719
97735
97737
97740
97744
97750
97755
97760
97766
97776
97802
97813
97813
97815
97836
97891
97899
97901
97903
97916
97920
97926
97928
97953
97975
98026
98038
98039
98049
98083
98103
98105
98116
98123
98129
98136
98171
98182
98208
98249
98263
98266
98288
98310
98328
98367
98373
98404
98430
98457
98470
98479
98523
98526
98534
98559
98573
98621
98637
98646
98651
98674
98698
98705
98730
98737
