1
47
86
99
124
127
146
191
211
227
234
248
251
296
304
320
327
329
374
394
412
426
463
475
476
493
547
571
574
586
603
626
634
655
680
695
698
712
729
731
753
759
762
769
791
803
806
807
814
818
857
874
886
887
893
912
932
932
941
973
992
993
1002
1036
1036
1038
1041
1090
1098
1105
1120
1129
1151
1175
1182
1196
1199
1244
1250
1281
1286
1287
1314
1364
1377
1384
1438
1459
1465
1472
1479
1505
1508
1511
1514
1516
1542
1555
1572
1577
1586
1600
1611
1614
1623
1630
1639
1641
1653
1683
1684
1700
1706
1740
1749
1755
1770
1795
1807
1831
1841
1850
1857
1866
1886
1894
1898
1906
1930
1960
1965
1972
2007
2036
2100
2101
2105
2108
2114
2149
2194
2199
2201
2225
2238
2253
2262
2298
2315
2327
2334
2336
2350
2358
2360
2367
2375
2387
2387
2421
2436
2438
2483
2484
2495
2496
2506
2512
2515
2540
2558
2580
2585
2601
2605
2658
2659
2664
2683
2705
2712
2715
2719
2727
2734
2734
2738
2744
2764
2765
2766
2766
2771
2785
2792
2802
2815
2827
2871
2888
2897
2926
2926
2934
2935
2965
2967
2968
2992
3004
3008
3045
3064
3110
3112
3116
3137
3140
3158
3172
3179
3188
3210
3217
3226
3226
3247
3253
3256
3260
3261
3266
3271
3283
3291
3302
3307
3351
3356
3359
3374
3382
3390
3394
3399
3402
3404
3407
3410
3412
3415
3421
3477
3486
3492
3495
3503
3525
3528
3529
3529
3539
3542
3547
3549
3572
3583
3592
3618
3636
3648
3667
3674
3679
3710
3711
3718
3729
3766
3775
3776
3781
3784
3787
3787
3788
3798
3807
3820
3849
3868
3872
3888
3900
3906
3919
3921
3987
3994
4008
4013
4014
4034
4044
4057
4061
4063
4079
4083
4092
4093
4099
4109
4117
4131
4148
4150
4154
4156
4170
4172
4190
4193
4194
4213
4215
4215
4234
4243
4243
4246
4254
4264
4269
4275
4280
4284
4291
4306
4309
4323
4342
4356
4361
4361
4378
4378
4389
4398
4402
4422
4423
4423
4424
4425
4427
4437
4438
4439
4442
4455
4466
4485
4497
4509
4540
4541
4563
4569
4580
4587
4607
4616
4628
4635
4645
4658
4663
4679
4712
4727
4734
4766
4791
4804
4819
4824
4832
4835
4840
4846
4866
4889
4927
4935
4939
4948
4961
4971
4992
5010
5022
5033
5040
5045
5056
5120
5132
5133
5146
5160
5165
5178
5184
5213
5224
5227
5236
5241
5288
5342
5354
5371
5378
5383
5387
5390
5427
5432
5441
5452
5455
5458
5471
5472
5503
5513
5513
5514
5525
5530
5585
5609
5634
5645
5657
5661
5676
5694
5695
5710
5752
5769
5786
5790
5798
5820
5826
5850
5868
5876
5888
5888
5902
5927
5956
5961
5972
5980
6006
6007
6011
6018
6023
6036
6042
6043
6068
6069
6078
6087
6102
6167
6191
6203
6203
6279
6298
6299
6304
6311
6320
6328
6334
6337
6339
6345
6356
6377
6385
6388
6401
6404
6409
6410
6411
6448
6459
6462
6478
6483
6496
6531
6548
6559
6571
6574
6579
6608
6624
6631
6637
6642
6644
6647
6652
6653
6653
6656
6658
6676
6679
6686
6703
6710
6713
6722
6726
6733
6745
6747
6766
6776
6790
6797
6803
6807
6810
6812
6826
6837
6838
6839
6844
6870
6890
6892
6902
6906
6927
6932
6962
6966
6968
6970
6979
6995
7038
7073
7091
7164
7170
7170
7180
7207
7228
7237
7242
7257
7274
7290
7356
7366
7372
7389
7417
7420
7433
7448
7458
7463
7467
7470
7477
7478
7490
7522
7532
7546
7551
7553
7556
7580
7609
7663
7667
7669
7676
7683
7689
7691
7695
7708
7708
7733
7746
7755
7779
7783
7789
7790
7796
7807
7808
7816
7819
7824
7826
7832
7834
7835
7855
7856
7879
7900
7914
7925
7975
7979
8016
8023
8059
8062
8068
8070
8076
8085
8099
8145
8156
8169
8180
8233
8234
8237
8249
8254
8255
8265
8276
8277
8309
8324
8336
8337
8374
8375
8397
8424
8434
8442
8444
8448
8450
8452
8454
8515
8527
8531
8532
8545
8545
8556
8563
8568
8591
8603
8604
8663
8665
8666
8668
8706
8753
8759
8779
8779
8779
8790
8804
8804
8805
8812
8812
8814
8824
8824
8827
8841
8856
8864
8878
8883
8896
8899
8977
8980
8981
9011
9020
9034
9054
9087
9090
9119
9154
9158
9163
9204
9206
9270
9297
9370
9413
9414
9428
9452
9465
9491
9504
9510
9518
9526
9534
9540
9545
9555
9656
9660
9668
9707
9739
9775
9775
9811
9828
9834
9870
9873
9881
9893
9899
9924
9947
9968
9969
9977
9982
10005
10026
10052
10060
10066
10082
10083
10085
10090
10123
10135
10139
10144
10144
10148
10170
10203
10245
10245
10260
10283
10295
10299
10344
10344
10355
10356
10363
10376
10388
10413
10415
10425
10439
10447
10449
10458
10475
10496
10527
10535
10557
10560
10577
10583
10612
10615
10618
10619
10625
10630
10644
10676
10679
10687
10691
10695
10697
10704
10706
10751
10752
10754
10768
10770
10775
10776
10789
10805
10809
10818
10819
10822
10871
10886
10886
10900
10907
10917
10919
10950
10961
10976
11054
11069
11070
11083
11084
11103
11115
11115
11126
11139
11140
11140
11141
11185
11191
11217
11222
11236
11249
11276
11288
11291
11328
11334
11346
11400
11405
11412
11424
11427
11436
11439
11442
11458
11471
11478
11478
11481
11486
11491
11492
11504
11508
11591
11592
11621
11641
11690
11708
11720
11752
11752
11765
11767
11800
11814
11832
11853
11865
11890
11898
11907
11908
11921
11934
11950
12011
12011
12029
12035
12041
12069
12073
12079
12098
12103
12155
12164
12172
12182
12187
12190
12227
12230
12232
12238
12248
12250
12272
12306
12312
12342
12354
12365
12368
12427
12428
12430
12434
12450
12462
12466
12473
12489
12492
12493
12495
12497
12525
12542
12568
12570
12578
12585
12591
12616
12618
12656
12666
12674
12703
12708
12741
12752
12757
12769
12779
12789
12799
12816
12834
12844
12846
12846
12857
12860
12867
12928
12980
12981
13002
13006
13010
13029
13051
13057
13078
13089
13107
13110
13114
13155
13180
13196
13198
13199
13217
13222
13231
13254
13254
13262
13265
13295
13296
13296
13337
13350
13375
13423
13439
13452
13453
13485
13485
13492
13510
13520
13526
13547
13572
13578
13579
13644
13647
13653
13658
13672
13690
13704
13758
13758
13768
13769
13789
13792
13800
13810
13810
13821
13831
13832
13847
13852
13853
13890
13899
13900
13926
13950
13960
13967
13975
14048
14054
14065
14071
14075
14082
14086
14087
14113
14131
14138
14167
14190
14194
14200
14213
14218
14225
14227
14229
14246
14261
14271
14276
14287
14288
14308
14310
14311
14319
14321
14322
14333
14335
14340
14353
14353
14353
14355
14357
14365
14379
14408
14411
14412
14435
14476
14480
14483
14490
14494
14511
14520
14527
14528
14534
14544
14554
14557
14567
14574
14595
14613
14636
14645
14661
14687
14691
14697
14698
14708
14738
14757
14759
14807
14825
14860
14870
14875
14894
14899
14915
14918
14921
15025
15031
15042
15043
15044
15064
15076
15079
15111
15122
15135
15143
15167
15186
15197
15206
15265
15317
15330
15335
15371
15382
15392
15393
15419
15452
15500
15504
15530
15543
15568
15587
15608
15609
15616
15621
15636
15678
15682
15719
15721
15738
15740
15765
15777
15821
15825
15859
15863
15914
15917
15989
16004
16010
16063
16116
16118
16126
16161
16192
16236
16276
16303
16316
16324
16344
16347
16374
16375
16381
16413
16422
16461
16475
16500
16529
16543
16556
16565
16567
16611
16621
16636
16663
16664
16682
16691
16706
16712
16735
16743
16770
16774
16792
16798
16798
16805
16809
16862
16912
16952
16954
16954
16967
16984
17063
17066
17081
17086
17088
17091
17100
17116
17119
17133
17139
17157
17159
17168
17210
17219
17233
17242
17262
17262
17276
17296
17311
17327
17327
17352
17384
17387
17393
17412
17438
17447
17451
17493
17495
17499
17534
17553
17571
17585
17603
17618
17619
17649
17652
17656
17697
17725
17752
17787
17796
17821
17822
17854
17867
17880
17886
17890
17902
17911
17916
17930
17942
17947
17959
17971
17973
17974
18020
18029
18029
18032
18034
18050
18052
18053
18055
18078
18082
18091
18106
18107
18117
18148
18149
18158
18161
18170
18176
18176
18176
18191
18196
18199
18217
18222
18227
18230
18238
18238
18288
18301
18312
18330
18337
18361
18375
18403
18404
18410
18416
18471
18496
18564
18573
18586
18594
18681
18683
18702
18702
18722
18727
18728
18770
18783
18791
18795
18799
18837
18840
18853
18856
18860
18882
18898
18928
18943
18987
18989
19108
19110
19135
19136
19157
19163
19169
19178
19186
19187
19190
19212
19229
19239
19243
19250
19252
19267
19282
19330
19336
19343
19371
19382
19393
19404
19437
19442
19445
19450
19458
19479
19497
19503
19504
19514
19541
19548
19569
19580
19596
19622
19625
19649
19663
19680
19691
19694
19722
19770
19773
19779
19880
19893
19897
19898
19904
19939
19943
19953
19963
20005
20019
20050
20063
20064
20084
20118
20145
20155
20172
20189
20210
20216
20220
20224
20236
20238
20247
20258
20275
20285
20289
20295
20298
20332
20347
20362
20363
20371
20394
20447
20466
20476
20486
20491
20518
20524
20536
20554
20568
20570
20574
20592
20592
20631
20672
20678
20684
20703
20718
20735
20770
20770
20774
20790
20793
20819
20821
20845
20874
20921
20925
20938
20951
20972
20990
20992
21039
21041
21065
21067
21083
21089
21107
21144
21146
21183
21199
21205
21220
21234
21237
21265
21292
21296
21309
21349
21363
21370
21402
21417
21430
21430
21433
21445
21455
21486
21499
21509
21511
21524
21535
21536
21556
21578
21593
21599
21606
21609
21611
21647
21657
21667
21684
21700
21726
21757
21799
21849
21875
21890
21911
21916
21939
21949
21993
22002
22015
22043
22070
22082
22090
22095
22147
22207
22229
22248
22252
22262
22323
22324
22327
22329
22333
22344
22349
22365
22394
22425
22436
22452
22457
22465
22477
22481
22495
22500
22508
22555
22559
22562
22575
22587
22598
22611
22618
22630
22635
22641
22651
22652
22660
22665
22697
22723
22756
22762
22765
22767
22770
22793
22816
22818
22830
22843
22859
22884
22929
22944
22947
22953
22965
22979
23013
23015
23018
23022
23057
23065
23078
23079
23089
23094
23096
23116
23166
23166
23185
23191
23194
23213
23220
23222
23226
23246
23247
23271
23279
23289
23298
23305
23321
23342
23355
23364
23365
23384
23439
23444
23448
23455
23465
23471
23477
23477
23478
23485
23509
23513
23528
23553
23554
23603
23609
23648
23669
23677
23690
23691
23695
23710
23715
23718
23765
23774
23793
23822
23838
23838
23849
23859
23861
23863
23864
23872
23877
23878
23886
23890
23897
23942
23964
23977
23987
23999
24021
24029
24030
24031
24061
24075
24085
24096
24142
24148
24159
24174
24199
24199
24208
24215
24222
24266
24274
24284
24296
24299
24301
24318
24329
24337
24357
24364
24365
24370
24384
24387
24408
24421
24450
24458
24460
24522
24540
24540
24554
24570
24571
24577
24591
24603
24604
24613
24615
24625
24639
24650
24668
24676
24683
24696
24700
24701
24711
24716
24727
24749
24773
24782
24812
24823
24831
24865
24865
24895
24902
24933
24937
24955
24959
24984
24986
24988
25011
25042
25074
25133
25137
25141
25147
25163
25174
25189
25211
25227
25235
25239
25244
25248
25298
25310
25331
25360
25381
25402
25405
25417
25423
25437
25442
25445
25446
25452
25477
25506
25506
25532
25540
25584
25598
25615
25620
25623
25636
25646
25662
25663
25678
25694
25721
25735
25740
25742
25770
25777
25815
25826
25837
25846
25873
25889
25890
25914
25954
25971
25985
25987
25990
26010
26015
26029
26068
26078
26078
26087
26096
26101
26115
26141
26151
26161
26167
26189
26221
26250
26261
26272
26279
26311
26315
26318
26334
26352
26353
26397
26412
26420
26426
26438
26446
26447
26448
26459
26506
26508
26526
26528
26547
26584
26604
26606
26661
26690
26702
26704
26716
26718
26739
26763
26766
26807
26815
26834
26879
26896
26922
26934
26946
26987
26997
27024
27038
27061
27069
27077
27093
27107
27159
27188
27194
27245
27249
27255
27286
27307
27374
27405
27408
27409
27447
27458
27474
27498
27498
27529
27545
27559
27569
27580
27600
27607
27607
27613
27620
27631
27647
27658
27659
27693
27694
27710
27722
27725
27749
27760
27763
27775
27776
27776
27815
27828
27836
27845
27851
27852
27863
27881
27913
27931
27942
27952
27954
27960
27993
27997
28002
28018
28048
28070
28098
28108
28137
28143
28154
28216
28219
28239
28257
28274
28305
28322
28351
28368
28376
28389
28399
28401
28418
28437
28438
28498
28504
28537
28600
28618
28622
28646
28723
28746
28751
28786
28788
28804
28829
28840
28867
28867
28873
28878
28880
28896
28955
28964
29000
29032
29033
29054
29079
29089
29101
29107
29109
29110
29161
29174
29198
29205
29234
29234
29244
29256
29257
29275
29276
29308
29321
29347
29357
29361
29379
29400
29429
29437
29459
29501
29548
29577
29622
29626
29659
29758
29771
29772
29779
29791
29812
29814
29815
29840
29877
29883
29883
29910
29927
29930
29950
29955
30016
30023
30129
30235
30251
30258
30284
30288
30333
30334
30359
30374
30411
30422
30427
30464
30486
30489
30549
30550
30598
30598
30615
30619
30625
30632
30647
30673
30690
30701
30703
30720
30753
30817
30824
30835
30857
30872
30884
30890
30907
30917
30920
30922
30934
30934
30935
30941
31006
31011
31034
31044
31046
31065
31069
31122
31135
31137
31151
31159
31272
31293
31304
31352
31358
31358
31370
31379
31380
31381
31401
31408
31500
31528
31570
31574
31591
31598
31621
31622
31640
31647
31649
31664
31670
31676
31690
31696
31760
31765
31778
31813
31821
31847
31858
31877
31894
31900
31924
31927
31961
31968
31976
31997
32000
32010
32014
32023
32050
32067
32075
32103
32126
32173
32205
32224
32252
32262
32262
32302
32306
32310
32317
32317
32327
32354
32363
32372
32411
32424
32429
32433
32458
32465
32469
32508
32531
32537
32548
32550
32568
32583
32593
32604
32607
32617
32619
32621
32629
32631
32638
32644
32656
32656
32661
32673
32703
32713
32717
32788
32795
32801
32801
32827
32839
32861
32864
32965
32987
32999
33006
33027
33027
33064
33072
33080
33105
33111
33122
33123
33125
33150
33158
33163
33166
33187
33193
33198
33202
33210
33219
33231
33232
33236
33238
33240
33251
33264
33274
33294
33305
33309
33326
33326
33336
33346
33353
33375
33385
33426
33430
33448
33468
33544
33575
33594
33622
33644
33651
33673
33677
33681
33685
33695
33712
33716
33745
33757
33797
33806
33829
33859
33876
33896
33903
33929
33966
34000
34037
34093
34108
34120
34125
34167
34184
34192
34203
34224
34242
34243
34255
34265
34286
34300
34303
34314
34316
34319
34347
34349
34351
34370
34387
34400
34419
34443
34443
34443
34459
34461
34470
34489
34514
34516
34518
34544
34549
34607
34612
34617
34627
34634
34641
34658
34703
34707
34712
34743
34744
34748
34753
34832
34838
34877
34877
34897
34897
34899
34927
34934
34955
34958
34963
34987
34992
35020
35028
35042
35058
35072
35085
35086
35091
35136
35147
35163
35166
35171
35200
35213
35214
35219
35249
35254
35259
35267
35280
35304
35315
35317
35326
35329
35347
35381
35386
35397
35409
35410
35410
35415
35428
35429
35451
35466
35503
35568
35584
35603
35630
35640
35643
35650
35677
35681
35687
35694
35713
35748
35748
35760
35764
35769
35776
35789
35801
35811
35885
35894
35896
35908
35913
35916
35920
35941
35993
36050
36060
36077
36088
36096
36098
36116
36121
36124
36140
36158
36177
36188
36195
36198
36235
36271
36287
36290
36305
36344
36355
36379
36381
36382
36393
36401
36425
36438
36444
36546
36575
36579
36599
36600
36619
36662
36671
36687
36719
36749
36770
36771
36806
36815
36839
36877
36891
36905
36908
36955
36960
36963
36974
36989
36997
37002
37002
37012
37026
37033
37049
37057
37057
37058
37126
37134
37169
37199
37214
37247
37250
37254
37270
37272
37279
37284
37290
37291
37301
37322
37324
37342
37404
37412
37418
37426
37468
37469
37501
37507
37548
37555
37561
37571
37573
37601
37616
37617
37637
37641
37686
37727
37732
37745
37798
37806
37818
37824
37828
37830
37838
37862
37875
37876
37883
37892
37900
37910
37927
37930
37947
37992
38022
38027
38029
38052
38061
38065
38067
38084
38095
38120
38136
38186
38191
38229
38236
38242
38242
38272
38284
38299
38309
38310
38317
38381
38474
38516
38584
38587
38596
38598
38622
38625
38658
38699
38705
38726
38729
38734
38757
38758
38774
38786
38796
38821
38844
38845
38847
38879
38881
38963
38976
38982
38996
38997
39001
39001
39004
39030
39037
39053
39053
39056
39059
39092
39121
39131
39144
39181
39183
39188
39192
39209
39213
39226
39228
39244
39250
39327
39330
39371
39372
39380
39382
39411
39431
39465
39465
39480
39493
39518
39541
39546
39551
39557
39594
39596
39637
39642
39643
39648
39655
39655
39665
39672
39688
39689
39694
39703
39719
39728
39730
39738
39743
39750
39788
39792
39800
39808
39836
39841
39849
39852
39873
39890
39956
39974
39977
39977
39978
39991
39998
40007
40040
40054
40079
40088
40096
40101
40111
40119
40131
40139
40152
40163
40167
40200
40201
40211
40228
40244
40255
40275
40287
40288
40295
40328
40352
40358
40386
40390
40391
40402
40405
40408
40435
40435
40441
40444
40457
40461
40500
40526
40532
40556
40592
40610
40625
40637
40638
40655
40666
40668
40744
40778
40784
40788
40801
40801
40805
40809
40835
40848
40862
40889
40899
40906
40937
40969
40978
41011
41025
41033
41049
41056
41063
41098
41118
41158
41186
41196
41248
41289
41322
41362
41413
41414
41418
41420
41449
41461
41467
41470
41480
41502
41521
41558
41597
41601
41604
41611
41614
41669
41708
41715
41749
41751
41775
41791
41791
41824
41840
41859
41902
41909
41913
41923
41954
42003
42011
42018
42036
42043
42065
42078
42098
42111
42115
42138
42155
42162
42174
42183
42190
42197
42213
42223
42260
42265
42282
42283
42293
42295
42301
42331
42373
42416
42423
42423
42439
42454
42468
42485
42488
42513
42541
42601
42601
42603
42611
42637
42687
42700
42705
42727
42745
42766
42767
42773
42802
42802
42827
42830
42844
42851
42867
42868
42869
42894
42898
42923
42933
42939
42953
42954
42991
43015
43041
43078
43090
43100
43104
43107
43109
43118
43126
43134
43138
43145
43146
43177
43181
43182
43185
43189
43194
43243
43243
43260
43288
43333
43354
43366
43371
43389
43409
43414
43415
43430
43460
43468
43498
43503
43524
43555
43591
43595
43621
43669
43694
43730
43750
43752
43781
43792
43809
43813
43820
43822
43848
43851
43855
43881
43882
43894
43910
43916
43919
43930
43934
43944
43978
43998
44073
44079
44095
44119
44120
44123
44133
44138
44141
44151
44156
44170
44218
44224
44243
44256
44269
44289
44291
44334
44343
44344
44353
44358
44367
44394
44397
44401
44426
44430
44450
44461
44491
44532
44534
44548
44571
44594
44621
44698
44708
44720
44723
44734
44749
44760
44781
44793
44798
44801
44806
44809
44810
44812
44813
44840
44862
44864
44877
44888
44918
44952
44959
44993
45025
45047
45047
45077
45088
45088
45104
45117
45175
45214
45247
45262
45297
45316
45332
45333
45354
45389
45430
45463
45473
45482
45502
45516
45530
45547
45549
45550
45557
45567
45575
45589
45610
45648
45656
45667
45682
45686
45732
45734
45766
45768
45790
45808
45850
45852
45857
45903
45907
45916
45930
45935
45964
45975
45985
45993
46011
46014
46030
46075
46096
46125
46130
46135
46142
46162
46182
46199
46209
46233
46233
46234
46289
46302
46322
46330
46342
46364
46411
46426
46486
46487
46490
46498
46505
46509
46522
46540
46550
46583
46588
46598
46653
46667
46677
46710
46728
46736
46785
46816
46822
46827
46862
46874
46888
46949
46952
46962
46986
46993
47032
47034
47036
47058
47081
47091
47092
47100
47130
47133
47214
47237
47249
47261
47262
47298
47320
47342
47388
47389
47407
47427
47428
47453
47459
47488
47499
47503
47516
47553
47582
47619
47635
47669
47669
47716
47729
47740
47750
47756
47761
47774
47776
47781
47832
47841
47850
47898
47911
47913
47915
47957
47961
47962
47963
47964
47968
47969
47972
48008
48011
48032
48058
48066
48077
48077
48081
48087
48090
48091
48115
48118
48130
48168
48172
48221
48238
48250
48259
48304
48318
48318
48325
48331
48366
48389
48417
48425
48427
48432
48440
48451
48459
48482
48495
48497
48501
48503
48506
48507
48509
48530
48536
48558
48571
48588
48591
48623
48637
48708
48744
48749
48757
48794
48814
48818
48854
48863
48864
48866
48866
48896
48905
48925
48942
48949
48977
48985
49004
49011
49026
49057
49095
49108
49159
49163
49188
49211
49212
49220
49228
49229
49234
49236
49272
49276
49277
49305
49332
49344
49359
49379
49389
49400
49436
49436
49445
49477
49493
49546
49554
49592
49664
49681
49682
49754
49773
49776
49783
49814
49818
49826
49840
49861
49876
49899
49915
49942
49982
49987
49987
50001
50008
50020
50052
50054
50093
50111
50119
50141
50149
50167
50175
50175
50188
50211
50238
50265
50267
50280
50281
50285
50291
50303
50306
50325
50336
50348
50366
50372
50381
50386
50392
50393
50430
50430
50433
50458
50460
50489
50498
50517
50583
50593
50605
50645
50660
50661
50663
50673
50679
50691
50702
50710
50715
50726
50727
50731
50749
50761
50821
50835
50838
50849
50855
50905
50953
51000
51000
51060
51081
51102
51104
51112
51117
51119
51132
51151
51154
51181
51185
51266
51291
51300
51307
51309
51315
51316
51329
51341
51350
51372
51374
51395
51398
51414
51421
51431
51456
51485
51496
51499
51500
51501
51509
51517
51519
51533
51540
51546
51579
51580
51587
51697
51737
51738
51745
51750
51755
51772
51774
51801
51817
51849
51851
51858
51870
51873
51881
51901
51904
51931
51956
51972
51977
51993
52012
52021
52030
52034
52041
52046
52074
52116
52118
52140
52162
52170
52183
52198
52221
52237
52244
52251
52271
52276
52277
52308
52330
52349
52356
52362
52391
52392
52397
52411
52419
52426
52428
52428
52437
52448
52463
52473
52476
52534
52555
52614
52639
52641
52645
52688
52701
52703
52708
52710
52723
52747
52757
52830
52834
52839
52839
52891
52899
52933
52935
52971
52971
53011
53019
53048
53101
53104
53108
53119
53141
53155
53171
53217
53286
53293
53295
53304
53328
53337
53365
53423
53425
53441
53443
53498
53523
53525
53554
53599
53611
53630
53656
53681
53686
53711
53739
53748
53804
53813
53831
53880
53880
53895
53923
53951
53958
53977
53999
54015
54018
54018
54037
54046
54088
54105
54131
54185
54195
54213
54217
54221
54253
54263
54268
54277
54294
54307
54323
54328
54345
54350
54391
54391
54415
54428
54440
54444
54446
54448
54463
54470
54472
54496
54508
54537
54573
54574
54588
54604
54604
54607
54611
54644
54648
54681
54698
54721
54758
54800
54803
54805
54808
54814
54825
54845
54862
54865
54871
54904
54911
54923
54934
54936
54941
54946
54953
54975
55002
55018
55022
55096
55113
55117
55117
55130
55152
55163
55178
55179
55217
55231
55284
55293
55307
55347
55350
55367
55372
55376
55378
55381
55387
55432
55434
55441
55460
55500
55504
55522
55573
55575
55580
55608
55610
55635
55646
55649
55650
55691
55700
55735
55783
55786
55815
55820
55832
55836
55886
55907
55909
55916
55921
55924
55927
55942
55943
55946
55957
55972
55975
55979
56005
56043
56043
56051
56051
56059
56078
56096
56099
56124
56159
56162
56163
56182
56198
56200
56201
56216
56236
56245
56271
56276
56297
56300
56312
56327
56352
56352
56356
56358
56390
56400
56407
56440
56464
56464
56472
56491
56546
56552
56565
56627
56629
56643
56657
56661
56734
56745
56789
56825
56842
56863
56865
56869
56889
56905
56910
56950
56959
56995
57000
57033
57082
57097
57097
57101
57175
57189
57218
57219
57220
57257
57279
57291
57298
57311
57328
57371
57380
57437
57469
57478
57496
57501
57513
57514
57524
57526
57531
57572
57580
57582
57584
57629
57651
57668
57706
57710
57716
57775
57781
57786
57794
57795
57797
57800
57802
57802
57804
57819
57820
57839
57857
57864
57867
57874
57884
57888
57893
57911
57913
57919
57973
57985
57992
58046
58100
58165
58167
58210
58217
58235
58244
58263
58334
58371
58391
58411
58421
58429
58434
58435
58444
58450
58484
58507
58508
58513
58543
58585
58593
58604
58625
58643
58671
58680
58682
58693
58705
58707
58724
58771
58777
58781
58782
58785
58804
58817
58817
58819
58831
58840
58858
58859
58867
58888
58909
58914
58932
58962
59009
59020
59022
59037
59051
59063
59070
59072
59087
59090
59095
59102
59145
59155
59170
59222
59228
59235
59260
59283
59306
59314
59320
59333
59344
59349
59362
59362
59371
59378
59386
59418
59455
59456
59476
59487
59497
59529
59533
59575
59577
59580
59581
59593
59604
59609
59610
59629
59635
59660
59678
59696
59724
59724
59733
59804
59810
59812
59817
59841
59845
59847
59860
59871
59887
59890
59919
59944
59978
60006
60033
60034
60041
60063
60080
60088
60092
60108
60108
60117
60159
60171
60197
60198
60213
60216
60265
60291
60317
60363
60400
60418
60436
60439
60482
60484
60493
60494
60520
60531
60544
60551
60562
60563
60568
60574
60584
60602
60607
60615
60615
60634
60645
60655
60669
60672
60684
60710
60720
60736
60770
60780
60795
60799
60813
60839
60853
60855
60884
60888
60901
60924
60932
60947
60957
60957
60965
60985
60991
61017
61030
61032
61033
61044
61049
61051
61114
61116
61127
61138
61152
61163
61170
61196
61198
61217
61220
61338
61348
61360
61382
61382
61386
61411
61417
61422
61428
61456
61466
61498
61513
61565
61598
61612
61624
61669
61671
61678
61683
61687
61704
61729
61731
61754
61755
61757
61760
61784
61785
61798
61799
61817
61818
61821
61841
61850
61857
61870
61875
61879
61924
61927
61935
61937
61948
61954
61956
61977
61983
61997
62007
62008
62012
62047
62054
62061
62070
62088
62089
62090
62092
62121
62170
62170
62173
62178
62211
62214
62243
62259
62266
62275
62299
62302
62303
62309
62319
62329
62354
62355
62381
62411
62425
62428
62476
62494
62518
62525
62547
62558
62573
62586
62590
62593
62605
62611
62648
62677
62702
62718
62725
62729
62732
62740
62750
62826
62842
62843
62845
62846
62848
62882
62883
62907
62915
62941
62967
62994
63006
63020
63047
63056
63058
63074
63077
63086
63093
63099
63099
63106
63114
63116
63139
63159
63200
63225
63247
63261
63265
63278
63293
63293
63296
63306
63309
63327
63341
63359
63361
63362
63364
63402
63418
63434
63435
63444
63452
63457
63470
63474
63498
63520
63529
63579
63611
63652
63654
63674
63674
63679
63695
63718
63728
63767
63770
63822
63831
63844
63868
63886
63887
63905
63927
63975
63982
63983
64005
64014
64018
64048
64050
64060
64067
64079
64110
64163
64169
64174
64196
64217
64230
64247
64252
64255
64260
64270
64277
64279
64301
64341
64342
64353
64412
64415
64432
64437
64455
64477
64530
64547
64550
64553
64561
64561
64570
64574
64578
64594
64632
64641
64646
64649
64660
64663
64687
64701
64721
64726
64730
64734
64747
64756
64757
64761
64798
64823
64830
64830
64830
64853
64856
64872
64906
64921
64923
64923
64927
64932
64946
64955
64986
64988
64992
64992
65006
65007
65034
65035
65050
65062
65065
65070
65121
65136
65141
65144
65158
65161
65167
65172
65182
65212
65238
65248
65259
65274
65275
65287
65297
65300
65313
65314
65336
65338
65375
65413
65448
65452
65453
65455
65459
65468
65486
65489
65500
65503
65522
65548
65555
65594
65612
65620
65625
65649
65651
65656
65665
65667
65673
65683
65724
65729
65747
65772
65784
65793
65807
65815
65825
65846
65856
65863
65894
65896
65898
65905
65914
65916
65929
65938
65944
66015
66055
66062
66063
66082
66082
66091
66106
66138
66149
66189
66259
66274
66285
66293
66336
66342
66352
66358
66424
66429
66475
66478
66487
66501
66545
66577
66602
66605
66615
66630
66638
66639
66652
66714
66728
66764
66776
66786
66790
66797
66807
66808
66831
66834
66839
66855
66867
66878
66878
66878
66900
66911
66913
66930
66937
66937
66943
66946
66954
66973
66982
66985
66988
67008
67021
67079
67088
67104
67105
67143
67151
67159
67175
67175
67181
67209
67215
67227
67230
67256
67274
67301
67321
67331
67339
67353
67388
67399
67418
67419
67421
67439
67447
67448
67474
67511
67531
67534
67598
67603
67616
67621
67632
67635
67637
67639
67643
67643
67663
67671
67676
67680
67711
67740
67759
67767
67771
67777
67784
67786
67787
67789
67797
67800
67829
67846
67852
67853
67854
67869
67874
67876
67878
67879
67896
67918
67927
67929
67940
67941
67974
67979
67980
68012
68041
68054
68074
68095
68098
68126
68129
68143
68151
68157
68179
68197
68199
68227
68246
68281
68282
68292
68329
68372
68410
68419
68427
68447
68477
68481
68489
68503
68533
68554
68559
68587
68597
68643
68655
68657
68659
68719
68736
68738
68747
68778
68862
68870
68891
68894
68899
68968
68968
69005
69026
69031
69036
69038
69069
69084
69093
69145
69176
69188
69201
69215
69239
69251
69271
69286
69296
69328
69334
69343
69377
69380
69407
69414
69418
69501
69510
69524
69566
69590
69593
69595
69599
69614
69631
69643
69646
69704
69707
69725
69754
69779
69783
69788
69794
69796
69798
69816
69818
69822
69832
69840
69848
69854
69864
69868
69880
69909
69917
69922
69926
69962
69974
70009
70025
70027
70033
70037
70056
70058
70059
70062
70063
70082
70090
70092
70105
70107
70109
70113
70115
70121
70124
70147
70147
70148
70177
70183
70189
70192
70193
70211
70236
70243
70270
70275
70276
70279
70289
70335
70339
70343
70344
70378
70385
70385
70396
70441
70445
70470
70475
70484
70498
70504
70511
70521
70521
70532
70555
70562
70571
70574
70578
70602
70613
70625
70630
70644
70647
70649
70671
70671
70673
70676
70693
70704
70705
70711
70718
70722
70747
70754
70772
70812
70814
70824
70833
70835
70846
70869
70877
70877
70887
70891
70892
70904
70911
70994
71029
71038
71044
71048
71077
71090
71113
71136
71163
71174
71205
71249
71256
71284
71288
71292
71308
71316
71351
71367
71387
71425
71443
71445
71448
71495
71496
71522
71534
71547
71551
71554
71555
71561
71561
71568
71595
71604
71613
71620
71622
71623
71627
71659
71672
71674
71679
71684
71705
71729
71735
71776
71780
71781
71807
71810
71832
71844
71850
71929
71930
71940
71966
71978
71978
71983
71988
72005
72011
72049
72069
72087
72087
72113
72123
72134
72156
72167
72190
72217
72237
72242
72260
72265
72282
72282
72290
72293
72306
72311
72311
72338
72339
72344
72370
72371
72381
72386
72394
72435
72445
72446
72452
72459
72462
72471
72514
72527
72529
72534
72569
72595
72618
72641
72685
72688
72691
72695
72695
72732
72791
72804
72823
72844
72856
72862
72879
72891
72946
72967
72970
72986
72989
73015
73038
73085
73129
73131
73156
73158
73185
73188
73201
73233
73240
73254
73285
73300
73309
73320
73372
73388
73392
73393
73438
73482
73509
73516
73517
73519
73519
73522
73543
73550
73559
73581
73589
73591
73605
73605
73626
73656
73660
73664
73680
73681
73713
73714
73724
73734
73741
73747
73772
73793
73820
73859
73863
73864
73875
73897
73901
73912
73914
73917
73917
73921
73931
73938
74012
74014
74029
74055
74056
74063
74065
74066
74069
74104
74117
74118
74135
74136
74139
74180
74194
74206
74221
74263
74271
74272
74283
74297
74306
74331
74336
74343
74385
74386
74398
74407
74425
74448
74482
74499
74503
74514
74515
74534
74575
74611
74621
74622
74627
74629
74661
74662
74667
74680
74686
74690
74713
74724
74744
74750
74752
74791
74851
74902
74907
74912
74915
74936
74937
74946
74952
74965
74974
74995
75009
75087
75096
75110
75120
75129
75153
75195
75196
75254
75262
75290
75290
75340
75384
75387
75393
75398
75454
75472
75475
75497
75515
75515
75553
75597
75604
75606
75623
75627
75654
75658
75720
75724
75725
75736
75738
75764
75767
75770
75818
75827
75838
75845
75851
75852
75854
75870
75871
75886
75901
75916
75920
75929
75929
75957
75960
75987
75988
75994
76024
76065
76075
76129
76131
76144
76150
76178
76196
76204
76206
76207
76211
76225
76262
76274
76278
76302
76306
76308
76322
76330
76331
76344
76351
76357
76364
76370
76391
76402
76442
76448
76464
76468
76489
76493
76501
76503
76532
76630
76636
76661
76674
76711
76750
76772
76776
76778
76824
76840
76841
76868
76878
76893
76914
76947
76951
76969
76981
76981
77032
77038
77063
77064
77067
77072
77171
77178
77186
77193
77193
77227
77247
77257
77277
77295
77334
77348
77366
77387
77416
77433
77433
77444
77474
77506
77511
77542
77547
77550
77562
77580
77608
77610
77631
77632
77675
77693
77700
77700
77709
77733
77734
77758
77769
77769
77778
77784
77817
77839
77855
77873
77952
77960
77962
77997
78005
78030
78043
78051
78056
78062
78102
78133
78174
78176
78186
78221
78235
78239
78243
78246
78254
78254
78257
78258
78279
78317
78319
78345
78345
78349
78377
78385
78404
78406
78408
78524
78538
78539
78540
78564
78573
78599
78600
78610
78668
78677
78679
78685
78712
78718
78719
78746
78746
78755
78781
78787
78796
78800
78805
78816
78829
78846
78876
78879
78881
78924
78926
78926
78941
78968
78978
78986
79004
79074
79076
79166
79192
79198
79200
79209
79209
79209
79221
79223
79260
79280
79293
79296
79309
79345
79398
79434
79441
79450
79499
79542
79586
79587
79589
79592
79594
79595
79608
79618
79627
79649
79660
79678
79745
79746
79762
79770
79774
79778
79789
79837
79838
79851
79852
79871
79905
79919
79966
79972
79979
80031
80038
80044
80054
80067
80099
80121
80139
80148
80160
80184
80195
80196
80227
80242
80262
80271
80278
80291
80300
80313
80341
80344
80350
80353
80369
80379
80399
80404
80409
80425
80427
80441
80457
80470
80493
80498
80516
80517
80523
80528
80548
80561
80569
80583
80590
80641
80680
80694
80698
80713
80731
80786
80826
80826
80838
80858
80879
80890
80917
80935
80962
80973
80975
81018
81035
81076
81077
81105
81140
81156
81166
81196
81207
81211
81232
81257
81273
81289
81309
81318
81337
81338
81354
81381
81391
81431
81455
81466
81466
81487
81502
81556
81578
81596
81598
81614
81617
81626
81636
81646
81655
81684
81704
81707
81715
81718
81721
81735
81760
81766
81785
81800
81808
81809
81846
81849
81854
81884
81898
81899
81902
81920
81991
82001
82008
82010
82017
82025
82105
82113
82115
82146
82200
82209
82284
82302
82304
82331
82346
82393
82396
82403
82403
82404
82411
82413
82439
82446
82447
82452
82495
82510
82535
82537
82559
82574
82574
82589
82590
82628
82628
82646
82655
82655
82665
82668
82701
82710
82742
82752
82757
82781
82785
82785
82803
82828
82862
82891
82892
82902
82904
82906
82912
82912
82913
82931
82955
82960
82965
82969
82969
83028
83052
83061
83062
83070
83095
83098
83099
83110
83122
83124
83128
83155
83158
83175
83186
83225
83264
83273
83281
83313
83317
83326
83365
83389
83416
83423
83424
83458
83465
83488
83513
83516
83531
83533
83534
83568
83616
83632
83637
83649
83652
83672
83698
83708
83733
83772
83796
83818
83842
83880
83893
83930
83932
83958
83975
83980
83984
83986
84001
84009
84066
84093
84102
84128
84152
84178
84218
84230
84249
84256
84263
84270
84276
84307
84313
84316
84340
84376
84388
84477
84529
84533
84540
84560
84583
84591
84609
84664
84680
84686
84705
84717
84720
84754
84764
84770
84775
84818
84832
84832
84843
84849
84899
84899
84989
84993
84997
85045
85066
85069
85071
85082
85146
85186
85198
85277
85370
85396
85412
85513
85521
85530
85536
85540
85541
85551
85553
85556
85561
85636
85670
85670
85681
85704
85734
85738
85739
85750
85756
85769
85775
85785
85806
85820
85841
85907
85947
85968
85995
86000
86022
86035
86045
86049
86067
86068
86077
86090
86115
86125
86144
86144
86148
86179
86190
86211
86213
86225
86241
86241
86242
86256
86262
86299
86318
86327
86345
86371
86376
86419
86453
86474
86485
86489
86491
86491
86495
86509
86549
86567
86567
86575
86578
86583
86623
86647
86664
86667
86711
86742
86743
86783
86828
86834
86842
86937
86963
86994
86997
87004
87032
87066
87070
87075
87083
87090
87094
87115
87122
87158
87176
87178
87179
87190
87240
87259
87279
87287
87302
87330
87359
87374
87401
87411
87427
87431
87434
87464
87476
87483
87494
87496
87521
87522
87527
87535
87578
87586
87593
87599
87599
87613
87644
87680
87685
87748
87795
87799
87803
87825
87828
87855
87882
87886
87890
87919
87967
87979
87982
87988
88022
88052
88060
88072
88075
88096
88107
88140
88159
88177
88194
88232
88252
88259
88263
88264
88271
88271
88284
88307
88349
88361
88390
88432
88451
88453
88472
88483
88498
88521
88550
88562
88568
88583
88611
88644
88658
88695
88700
88708
88713
88746
88772
88774
88788
88802
88807
88830
88844
88886
88916
88955
88956
88962
88984
88987
89000
89011
89114
89119
89197
89226
89246
89255
89255
89259
89283
89306
89309
89320
89359
89399
89415
89438
89445
89453
89457
89479
89491
89492
89505
89516
89528
89531
89544
89562
89569
89586
89592
89597
89598
89616
89644
89672
89687
89698
89706
89712
89792
89800
89805
89819
89829
89842
89871
89877
89899
89900
89905
89924
89929
89934
89950
89981
89982
90023
90024
90026
90027
90045
90072
90073
90082
90147
90250
90299
90303
90320
90323
90324
90326
90330
90342
90359
90366
90373
90388
90418
90420
90432
90457
90470
90500
90504
90514
90535
90551
90555
90575
90576
90624
90653
90656
90701
90703
90722
90739
90741
90786
90793
90801
90812
90820
90842
90874
90904
90932
90949
90956
90963
90990
91005
91010
91027
91039
91056
91077
91081
91113
91123
91124
91130
91137
91168
91190
91197
91230
91249
91263
91304
91310
91312
91322
91371
91374
91380
91393
91400
91414
91422
91439
91447
91452
91456
91459
91471
91500
91515
91538
91560
91569
91575
91577
91580
91593
91618
91623
91643
91675
91684
91694
91706
91732
91748
91751
91804
91817
91839
91845
91853
91855
91872
91878
91879
91920
91926
91935
91940
91959
91965
91966
92000
92000
92029
92032
92033
92053
92069
92083
92091
92126
92129
92131
92165
92184
92244
92259
92290
92308
92313
92374
92375
92388
92425
92434
92436
92437
92443
92448
92453
92527
92546
92614
92661
92668
92669
92693
92717
92734
92757
92765
92768
92776
92811
92868
92884
92902
92915
92918
92920
92950
92955
92960
92976
92991
93001
93021
93023
93051
93058
93082
93084
93086
93125
93178
93182
93204
93231
93232
93246
93253
93253
93281
93286
93288
93312
93338
93349
93357
93364
93372
93378
93404
93410
93422
93426
93433
93444
93446
93455
93456
93456
93488
93509
93513
93527
93529
93552
93559
93572
93573
93579
93580
93583
93593
93593
93600
93642
93655
93668
93679
93731
93757
93760
93779
93781
93802
93813
93843
93857
93859
93893
93896
93931
93937
93942
93942
93993
93994
93997
94005
94016
94020
94022
94032
94041
94044
94057
94075
94088
94109
94134
94180
94189
94196
94210
94217
94233
94248
94252
94275
94278
94320
94333
94366
94366
94394
94401
94414
94417
94420
94498
94532
94555
94597
94608
94610
94638
94657
94693
94703
94707
94722
94723
94727
94752
94781
94807
94808
94809
94845
94872
94898
94913
94916
94916
94940
94945
95001
95020
95040
95042
95058
95059
95064
95073
95098
95143
95156
95185
95192
95193
95201
95207
95230
95234
95237
95245
95275
95328
95335
95346
95346
95360
95369
95391
95412
95419
95430
95435
95436
95452
95456
95457
95479
95486
95492
95496
95513
95538
95564
95603
95607
95618
95635
95651
95663
95668
95669
95709
95715
95725
95771
95795
95799
95800
95807
95830
95857
95896
95898
95911
95913
95921
95965
96018
96029
96044
96050
96053
96071
96072
96072
96114
96198
96202
96229
96236
96257
96265
96275
96275
96283
96283
96327
96328
96354
96376
96390
96393
96394
96411
96422
96428
96435
96451
96460
96464
96473
96490
96493
96494
96545
96564
96583
96599
96606
96641
96642
96646
96673
96680
96699
96700
96710
96717
96719
96720
96734
96743
96744
96781
96783
96788
96789
96796
96827
96857
96901
96908
96920
96925
96931
96934
96941
96952
96970
96981
97019
97024
97037
97064
97080
97110
97121
97138
97151
97153
97160
97182
97191
97201
97210
97210
97219
97222
97223
97239
97250
97259
97260
97273
97330
97351
97367
97368
97373
97377
97408
97412
97452
97478
97486
97544
97547
97583
97623
97628
97632
97673
97673
97681
97689
97699
97703
97739
97748
97776
97778
97795
97804
97813
97842
97868
97900
97927
97960
97984
98007
98015
98021
98021
98086
98097
98101
98116
98143
98167
98177
98193
98212
98224
98237
98239
98241
98243
98252
98312
98322
