34
40
44
47
57
77
82
91
103
155
155
161
173
183
223
226
238
244
255
272
305
311
325
327
334
335
342
349
370
378
389
393
421
442
443
457
460
465
518
526
541
550
561
562
563
565
602
614
629
635
640
641
646
664
672
712
714
718
725
727
729
734
739
741
750
763
796
798
825
826
868
872
876
880
890
904
908
913
934
973
987
994
1000
1028
1039
1042
1042
1042
1050
1052
1115
1125
1156
1159
1172
1172
1172
1179
1185
1193
1198
1209
1239
1270
1300
1315
1318
1374
1380
1382
1412
1420
1424
1432
1435
1445
1456
1464
1470
1479
1479
1480
1491
1500
1522
1531
1541
1559
1589
1602
1604
1628
1630
1631
1659
1682
1688
1719
1741
1770
1779
1782
1793
1795
1800
1821
1842
1849
1878
1881
1885
1892
1906
1921
1948
1983
1992
2001
2014
2048
2055
2056
2061
2070
2098
2100
2127
2132
2138
2166
2185
2188
2192
2228
2244
2260
2274
2302
2311
2334
2347
2351
2374
2380
2389
2398
2408
2411
2416
2421
2432
2433
2434
2454
2454
2457
2463
2494
2523
2524
2540
2540
2543
2562
2568
2585
2619
2642
2649
2660
2668
2674
2676
2681
2684
2691
2719
2727
2737
2749
2757
2770
2778
2791
2796
2797
2817
2818
2824
2825
2841
2845
2869
2871
2886
2905
2931
2932
2932
2955
2966
2971
2973
2977
2982
2988
2989
2997
3027
3043
3056
3123
3131
3157
3173
3200
3208
3226
3228
3232
3233
3241
3268
3307
3309
3315
3335
3339
3386
3409
3410
3416
3421
3431
3442
3449
3450
3453
3453
3459
3530
3594
3601
3651
3662
3688
3690
3702
3706
3714
3720
3722
3751
3759
3793
3793
3795
3809
3812
3838
3840
3845
3855
3861
3867
3868
3869
3883
3887
3897
3911
3922
3948
3967
3982
3985
3985
3998
4014
4014
4019
4022
4028
4029
4064
4066
4087
4087
4101
4129
4130
4149
4162
4200
4247
4271
4277
4278
4282
4315
4327
4338
4356
4376
4377
4381
4400
4453
4471
4471
4484
4495
4526
4528
4530
4563
4577
4581
4638
4657
4678
4680
4700
4716
4730
4737
4759
4792
4814
4852
4863
4865
4880
4882
4901
4936
4953
4958
4981
4986
5000
5036
5052
5059
5109
5122
5134
5135
5146
5158
5192
5213
5217
5225
5255
5256
5268
5270
5278
5290
5291
5296
5296
5302
5314
5314
5325
5339
5346
5398
5423
5425
5436
5444
5480
5489
5497
5498
5499
5533
5561
5584
5587
5601
5609
5623
5624
5626
5658
5661
5668
5670
5706
5710
5715
5739
5773
5789
5796
5800
5806
5832
5845
5860
5865
5878
5881
5889
5893
5905
5909
5925
5949
5952
5953
5961
5968
5974
5982
5988
6016
6018
6038
6049
6065
6068
6075
6080
6099
6107
6117
6144
6147
6152
6159
6159
6165
6181
6185
6202
6213
6252
6263
6269
6276
6282
6283
6285
6289
6302
6311
6342
6355
6364
6376
6397
6397
6405
6408
6425
6453
6472
6477
6483
6491
6511
6513
6552
6564
6595
6597
6604
6628
6634
6647
6651
6660
6663
6668
6671
6683
6690
6691
6693
6694
6698
6701
6711
6731
6775
6786
6791
6794
6796
6801
6816
6828
6830
6839
6848
6856
6857
6865
6869
6871
6882
6884
6906
6943
6949
6956
6979
6993
6998
7012
7017
7031
7039
7042
7044
7046
7052
7059
7062
7071
7094
7100
7111
7146
7182
7193
7222
7227
7233
7246
7276
7284
7294
7302
7306
7313
7338
7339
7385
7396
7398
7406
7418
7424
7430
7438
7449
7465
7484
7508
7521
7549
7572
7575
7584
7600
7611
7612
7617
7619
7638
7650
7664
7679
7680
7684
7695
7715
7733
7735
7743
7745
7754
7798
7823
7828
7831
7838
7853
7863
7878
7882
7890
7899
7910
7916
7926
7927
7928
7930
7942
7945
7952
7992
8005
8038
8062
8079
8084
8096
8124
8128
8137
8154
8167
8173
8190
8200
8202
8220
8220
8255
8262
8281
8283
8300
8329
8331
8336
8337
8352
8356
8410
8422
8428
8429
8431
8436
8448
8459
8470
8471
8493
8511
8511
8554
8558
8558
8561
8564
8614
8622
8641
8648
8649
8652
8673
8676
8676
8686
8706
8712
8726
8748
8765
8772
8832
8833
8839
8853
8861
8864
8871
8872
8872
8873
8875
8882
8899
8911
8918
8939
8968
8972
8986
8986
8987
9006
9034
9045
9054
9056
9118
9123
9159
9189
9203
9210
9219
9222
9238
9258
9262
9272
9277
9302
9308
9318
9319
9325
9328
9355
9360
9373
9398
9398
9403
9415
9436
9444
9445
9474
9495
9505
9510
9524
9535
9564
9585
9605
9605
9624
9644
9646
9651
9653
9653
9656
9656
9663
9665
9673
9689
9725
9777
9785
9791
9794
9795
9844
9852
9884
9887
9891
9892
9904
9912
10000
10034
10038
10046
10062
10083
10106
10119
10139
10140
10204
10213
10214
10229
10242
10250
10263
10272
10298
10301
10315
10350
10361
10370
10370
10387
10432
10519
10537
10556
10582
10590
10612
10623
10626
10628
10653
10665
10667
10675
10686
10686
10710
10730
10745
10758
10770
10776
10785
10786
10804
10832
10844
10852
10858
10869
10870
10887
10892
10896
10908
10912
10925
10926
10939
10945
10952
10959
10972
10977
11000
11019
11024
11030
11052
11055
11073
11080
11083
11094
11126
11126
11131
11133
11150
11155
11156
11157
11166
11185
11189
11205
11211
11261
11275
11276
11278
11280
11297
11304
11325
11343
11352
11382
11389
11397
11400
11420
11421
11425
11433
11435
11452
11454
11454
11459
11483
11485
11497
11498
11527
11544
11569
11572
11579
11582
11588
11590
11598
11610
11622
11639
11661
11674
11677
11686
11687
11690
11700
11715
11760
11766
11776
11799
11799
11802
11836
11838
11838
11856
11858
11862
11887
11917
11932
11944
11946
11967
11969
11976
11982
11990
12000
12003
12003
12003
12006
12029
12031
12041
12056
12076
12082
12091
12094
12117
12123
12128
12128
12144
12145
12149
12159
12169
12206
12231
12267
12268
12274
12294
12345
12346
12357
12382
12403
12454
12460
12461
12471
12471
12481
12486
12503
12506
12537
12576
12578
12586
12591
12605
12608
12618
12620
12636
12639
12663
12673
12676
12704
12708
12709
12716
12720
12723
12753
12763
12769
12771
12776
12777
12782
12789
12800
12837
12844
12851
12861
12867
12873
12883
12885
12899
12904
12908
12924
12937
12941
12943
12993
13013
13023
13032
13042
13044
13048
13063
13066
13089
13115
13136
13147
13199
13205
13212
13215
13215
13220
13245
13257
13264
13272
13305
13311
13332
13341
13346
13352
13355
13363
13365
13366
13373
13395
13395
13423
13455
13461
13463
13468
13469
13502
13509
13510
13528
13534
13545
13577
13579
13581
13589
13590
13604
13616
13618
13621
13639
13647
13689
13716
13732
13751
13759
13773
13780
13781
13792
13826
13830
13837
13838
13880
13885
13899
13903
13906
13949
13967
13969
13983
13993
13996
14018
14024
14029
14034
14034
14070
14076
14077
14108
14148
14152
14163
14163
14164
14192
14201
14229
14244
14255
14258
14296
14297
14328
14339
14339
14342
14348
14348
14349
14360
14385
14388
14390
14424
14430
14434
14452
14463
14484
14490
14500
14511
14539
14544
14561
14579
14590
14592
14615
14640
14679
14698
14702
14709
14730
14731
14737
14741
14752
14757
14763
14768
14772
14784
14792
14803
14813
14832
14838
14845
14847
14848
14865
14866
14871
14876
14890
14896
14930
14939
14939
14957
14967
14967
14981
14981
14994
14996
15003
15011
15033
15035
15036
15037
15040
15063
15070
15072
15082
15114
15122
15129
15138
15140
15142
15154
15163
15165
15171
15197
15199
15208
15216
15242
15276
15288
15297
15311
15320
15334
15348
15353
15360
15375
15381
15386
15417
15420
15421
15425
15426
15440
15450
15460
15466
15473
15473
15502
15503
15503
15512
15518
15532
15547
15553
15562
15567
15571
15577
15586
15596
15609
15630
15633
15650
15674
15675
15684
15729
15731
15735
15750
15789
15796
15805
15811
15811
15815
15824
15842
15855
15856
15856
15863
15866
15870
15874
15876
15901
15909
15911
15912
15929
15946
15976
15977
15985
16003
16011
16015
16052
16055
16063
16087
16094
16122
16144
16160
16180
16181
16193
16223
16248
16283
16293
16293
16293
16294
16299
16305
16307
16314
16326
16354
16363
16383
16406
16421
16437
16445
16446
16449
16485
16504
16532
16544
16545
16547
16559
16569
16600
16612
16634
16639
16639
16650
16666
16671
16683
16702
16708
16709
16712
16717
16719
16738
16740
16746
16756
16782
16783
16783
16793
16809
16816
16818
16818
16825
16829
16857
16861
16873
16877
16898
16898
16907
16922
16934
16937
16962
16966
16966
16967
16984
16986
17029
17052
17066
17068
17068
17078
17097
17100
17127
17136
17145
17165
17209
17212
17221
17250
17253
17254
17262
17270
17295
17304
17313
17334
17338
17340
17363
17365
17367
17367
17370
17393
17417
17424
17435
17437
17440
17440
17443
17455
17465
17485
17492
17499
17533
17546
17583
17607
17608
17632
17665
17672
17683
17696
17698
17759
17775
17779
17780
17787
17792
17800
17853
17855
17857
17870
17880
17905
17921
17922
17935
17969
17984
18039
18054
18056
18068
18077
18077
18084
18086
18095
18100
18121
18128
18152
18152
18168
18171
18183
18187
18187
18209
18219
18236
18237
18249
18250
18254
18254
18255
18265
18277
18293
18299
18302
18305
18323
18327
18329
18335
18337
18350
18353
18359
18361
18400
18400
18402
18408
18426
18427
18451
18462
18471
18474
18478
18494
18506
18552
18596
18611
18628
18639
18645
18645
18650
18655
18659
18663
18679
18699
18722
18736
18741
18751
18757
18774
18778
18780
18783
18788
18796
18804
18818
18829
18831
18840
18860
18864
18869
18871
18875
18906
18913
18970
18972
18978
18984
18989
18990
18990
18997
19040
19046
19055
19078
19100
19101
19104
19112
19116
19134
19148
19192
19198
19202
19220
19242
19266
19279
19280
19306
19312
19314
19337
19338
19342
19346
19353
19376
19380
19383
19411
19417
19422
19423
19425
19452
19455
19458
19461
19509
19523
19529
19538
19553
19557
19574
19582
19609
19609
19610
19632
19651
19665
19705
19715
19725
19732
19740
19751
19769
19776
19778
19790
19795
19827
19846
19847
19850
19852
19884
19920
19922
19930
19932
19954
19969
19984
19985
20033
20062
20066
20070
20084
20145
20156
20160
20170
20174
20176
20186
20188
20192
20215
20263
20305
20307
20312
20319
20320
20329
20334
20342
20347
20349
20354
20360
20364
20375
20393
20399
20402
20409
20410
20435
20450
20453
20470
20470
20474
20493
20494
20533
20536
20541
20546
20547
20555
20565
20579
20580
20590
20610
20621
20624
20632
20635
20650
20674
20696
20697
20699
20705
20713
20713
20730
20737
20751
20756
20761
20761
20766
20766
20777
20799
20800
20819
20822
20824
20826
20830
20832
20847
20862
20870
20874
20876
20883
20902
20904
20926
20933
20971
20985
20986
20997
20999
21010
21052
21055
21064
21097
21098
21101
21103
21111
21119
21138
21144
21151
21152
21168
21179
21179
21187
21214
21221
21223
21225
21236
21248
21252
21254
21270
21270
21299
21330
21338
21390
21405
21416
21431
21436
21443
21448
21459
21470
21486
21486
21491
21492
21494
21506
21514
21517
21519
21521
21531
21532
21538
21544
21580
21592
21612
21619
21619
21648
21665
21685
21694
21707
21742
21744
21750
21754
21762
21764
21769
21784
21785
21806
21807
21808
21831
21843
21845
21845
21855
21855
21877
21901
21907
21956
21961
21963
21965
21990
22040
22047
22047
22049
22060
22062
22074
22088
22100
22102
22110
22112
22159
22169
22180
22185
22197
22197
22202
22204
22205
22212
22218
22219
22220
22220
22234
22234
22236
22251
22253
22280
22283
22285
22286
22296
22321
22352
22375
22375
22378
22384
22384
22389
22405
22422
22429
22433
22439
22442
22447
22455
22468
22490
22503
22503
22543
22560
22561
22564
22570
22577
22579
22582
22627
22629
22636
22638
22642
22675
22677
22690
22692
22699
22706
22708
22716
22721
22739
22740
22742
22744
22783
22785
22833
22838
22843
22850
22853
22857
22865
22872
22876
22896
22898
22907
22920
22921
22921
22923
22928
22963
22976
22979
22984
22993
23000
23003
23020
23021
23023
23026
23029
23039
23046
23065
23104
23107
23108
23115
23142
23142
23143
23148
23152
23157
23157
23158
23161
23178
23194
23200
23212
23262
23267
23278
23305
23310
23370
23386
23390
23408
23410
23418
23462
23477
23483
23522
23545
23548
23550
23556
23586
23606
23608
23632
23640
23649
23685
23723
23730
23740
23743
23816
23819
23829
23840
23847
23855
23863
23865
23870
23904
23909
23923
23926
23927
23938
23938
23947
23954
23986
23999
24011
24022
24026
24037
24076
24137
24137
24139
24157
24169
24173
24177
24199
24210
24224
24246
24268
24281
24310
24320
24328
24329
24333
24339
24343
24350
24350
24351
24361
24385
24391
24393
24399
24403
24410
24426
24436
24445
24447
24480
24497
24498
24498
24503
24513
24514
24518
24549
24552
24557
24566
24567
24569
24571
24581
24586
24592
24599
24609
24613
24648
24662
24664
24666
24674
24680
24711
24713
24715
24738
24738
24741
24743
24746
24779
24783
24796
24797
24799
24829
24834
24836
24842
24857
24877
24894
24895
24900
24932
24935
24956
24973
24986
24996
25000
25039
25039
25050
25059
25068
25068
25070
25080
25100
25106
25107
25116
25136
25155
25158
25167
25168
25171
25172
25174
25182
25205
25255
25267
25269
25278
25281
25296
25310
25314
25314
25331
25336
25339
25341
25365
25367
25388
25429
25436
25442
25482
25494
25505
25510
25518
25522
25524
25526
25533
25534
25574
25580
25581
25585
25609
25643
25662
25677
25678
25690
25691
25709
25713
25720
25733
25764
25796
25799
25800
25801
25802
25808
25817
25830
25836
25840
25850
25862
25862
25866
25872
25911
25949
25950
25950
25977
25997
26001
26009
26030
26034
26048
26070
26081
26096
26126
26177
26179
26192
26200
26201
26225
26226
26228
26229
26233
26240
26245
26266
26283
26286
26289
26313
26336
26344
26351
26372
26375
26377
26381
26382
26387
26389
26449
26450
26455
26475
26480
26481
26498
26499
26502
26505
26528
26534
26553
26560
26571
26573
26599
26612
26636
26649
26658
26670
26677
26684
26687
26698
26705
26707
26707
26734
26747
26756
26762
26772
26804
26838
26841
26862
26871
26877
26887
26889
26900
26903
26908
26912
26922
26933
26939
26941
26960
26968
26976
26992
26999
27010
27036
27056
27058
27062
27079
27089
27096
27117
27122
27122
27131
27153
27172
27178
27179
27198
27210
27217
27218
27227
27230
27236
27249
27261
27286
27288
27298
27299
27301
27313
27319
27331
27349
27359
27381
27388
27389
27396
27410
27433
27434
27459
27468
27469
27506
27516
27527
27535
27565
27573
27585
27593
27601
27604
27612
27625
27627
27638
27641
27644
27656
27676
27677
27680
27699
27700
27700
27717
27720
27741
27746
27747
27751
27756
27757
27763
27768
27774
27782
27786
27790
27790
27799
27840
27843
27852
27856
27858
27859
27881
27908
27915
27938
27951
27957
27971
27979
27988
27992
27996
28010
28012
28024
28026
28032
28037
28050
28066
28077
28089
28095
28116
28123
28126
28129
28131
28160
28160
28172
28173
28196
28197
28218
28227
28229
28243
28258
28276
28288
28325
28362
28364
28373
28376
28381
28423
28423
28434
28438
28448
28460
28478
28490
28493
28500
28504
28508
28509
28511
28518
28520
28539
28555
28562
28562
28563
28586
28595
28596
28657
28659
28662
28692
28698
28707
28744
28771
28800
28805
28830
28837
28844
28846
28857
28858
28870
28876
28889
28892
28895
28897
28919
28941
28943
28951
28958
28967
28980
28986
29007
29010
29019
29028
29054
29058
29065
29100
29140
29141
29181
29189
29193
29203
29215
29218
29230
29238
29259
29276
29292
29297
29315
29320
29349
29372
29398
29402
29456
29458
29475
29477
29479
29492
29577
29592
29603
29613
29633
29634
29637
29657
29684
29688
29692
29713
29718
29720
29726
29733
29735
29736
29743
29749
29772
29797
29798
29806
29814
29816
29822
29836
29847
29869
29871
29872
29894
29899
29926
29946
29949
29973
29974
29983
30023
30031
30081
30082
30111
30120
30121
30127
30130
30140
30161
30181
30186
30213
30237
30241
30248
30257
30267
30295
30297
30306
30310
30329
30339
30362
30377
30403
30412
30418
30420
30426
30438
30440
30452
30465
30481
30490
30492
30532
30539
30554
30570
30592
30612
30633
30636
30636
30640
30657
30665
30667
30695
30699
30728
30739
30743
30752
30771
30781
30789
30801
30830
30833
30850
30856
30868
30871
30898
30907
30940
30947
30951
30956
30958
30963
30996
31002
31012
31016
31052
31067
31077
31096
31108
31122
31127
31140
31166
31168
31178
31180
31194
31195
31196
31197
31214
31241
31241
31258
31259
31302
31312
31320
31329
31344
31346
31357
31365
31384
31405
31418
31426
31429
31451
31461
31463
31475
31479
31571
31582
31586
31600
31624
31627
31632
31636
31662
31665
31676
31702
31704
31715
31734
31754
31758
31766
31789
31797
31821
31854
31870
31878
31961
31965
31974
31982
31993
32003
32004
32017
32028
32080
32093
32096
32115
32133
32155
32163
32179
32187
32190
32202
32202
32220
32225
32227
32227
32258
32268
32269
32273
32288
32296
32297
32299
32319
32344
32346
32372
32372
32398
32417
32421
32468
32481
32484
32485
32494
32506
32529
32531
32563
32564
32567
32575
32583
32615
32617
32626
32664
32690
32694
32717
32724
32745
32748
32773
32784
32787
32792
32794
32806
32813
32815
32823
32829
32859
32861
32871
32907
32908
32920
32922
32930
32950
32963
32964
32967
32971
32989
33005
33017
33020
33026
33033
33069
33084
33089
33095
33100
33113
33119
33128
33128
33152
33165
33173
33185
33194
33198
33206
33231
33233
33270
33299
33309
33321
33323
33345
33374
33380
33383
33387
33405
33406
33459
33460
33463
33464
33473
33492
33502
33538
33544
33559
33571
33581
33588
33589
33594
33597
33597
33598
33602
33618
33630
33643
33666
33694
33704
33743
33769
33779
33784
33792
33809
33813
33822
33848
33852
33858
33859
33888
33892
33896
33923
33924
33944
33959
33964
33983
33988
34002
34007
34015
34018
34049
34082
34102
34102
34116
34122
34150
34170
34179
34213
34217
34218
34228
34238
34240
34242
34247
34265
34266
34314
34316
34347
34351
34364
34377
34377
34395
34397
34439
34440
34443
34445
34450
34455
34462
34476
34486
34495
34500
34506
34559
34560
34587
34590
34600
34617
34629
34637
34643
34651
34660
34665
34701
34708
34728
34731
34763
34768
34784
34817
34821
34825
34828
34829
34833
34836
34841
34846
34872
34882
34884
34893
34937
34953
34956
34965
34969
34972
34976
34990
34990
34996
34999
34999
35004
35016
35037
35064
35067
35077
35094
35103
35104
35114
35143
35147
35164
35190
35195
35206
35208
35210
35221
35227
35229
35239
35259
35261
35278
35293
35307
35317
35319
35393
35408
35413
35418
35427
35436
35450
35469
35472
35484
35497
35511
35512
35515
35528
35538
35545
35548
35550
35551
35569
35570
35577
35582
35593
35624
35647
35657
35679
35689
35708
35713
35716
35732
35737
35776
35785
35800
35809
35816
35818
35836
35842
35850
35860
35865
35874
35896
35926
35938
35954
35956
35961
35995
36010
36025
36026
36030
36036
36047
36054
36056
36078
36105
36109
36125
36138
36139
36150
36170
36190
36212
36237
36258
36263
36267
36268
36292
36309
36346
36391
36419
36420
36432
36447
36448
36456
36472
36485
36486
36493
36496
36515
36544
36557
36558
36565
36570
36579
36594
36605
36611
36617
36631
36638
36641
36674
36697
36731
36747
36775
36775
36777
36783
36783
36799
36800
36804
36831
36832
36837
36851
36851
36857
36861
36873
36890
36892
36898
36918
36925
36938
36940
36960
36965
36965
36985
36990
37010
37019
37036
37038
37038
37046
37051
37051
37069
37089
37133
37135
37151
37156
37168
37171
37173
37174
37176
37178
37185
37193
37204
37204
37212
37214
37217
37237
37241
37287
37321
37323
37344
37345
37361
37374
37384
37385
37395
37406
37408
37416
37451
37452
37458
37461
37476
37483
37491
37508
37528
37547
37556
37564
37565
37570
37573
37582
37595
37609
37615
37647
37664
37693
37699
37702
37712
37719
37733
37735
37736
37743
37802
37831
37832
37852
37859
37874
37881
37888
37897
37900
37919
37920
37926
37935
37937
37939
37943
37943
37960
37972
37990
38010
38024
38050
38054
38070
38105
38107
38115
38123
38124
38186
38228
38229
38236
38239
38248
38251
38254
38256
38264
38265
38304
38322
38330
38332
38351
38357
38407
38436
38441
38447
38448
38476
38490
38520
38524
38538
38541
38543
38560
38579
38580
38580
38586
38596
38602
38603
38606
38610
38618
38618
38625
38632
38659
38665
38673
38681
38686
38691
38706
38718
38721
38723
38748
38750
38764
38765
38797
38803
38813
38833
38836
38856
38859
38873
38886
38896
38904
38904
38930
38934
38944
38946
38947
38958
38963
38974
38990
38995
38999
39048
39049
39062
39063
39064
39068
39076
39085
39090
39112
39133
39135
39163
39167
39170
39171
39171
39183
39219
39219
39247
39264
39283
39298
39306
39310
39332
39332
39350
39357
39368
39380
39384
39390
39391
39394
39397
39399
39405
39409
39443
39463
39473
39481
39495
39497
39512
39523
39537
39540
39543
39555
39578
39596
39603
39615
39616
39633
39635
39651
39657
39663
39679
39700
39700
39719
39721
39756
39773
39773
39775
39775
39781
39817
39818
39833
39834
39840
39842
39848
39851
39861
39861
39865
39877
39879
39880
39887
39914
39929
39956
39964
39977
39999
40021
40037
40052
40070
40074
40077
40088
40108
40118
40122
40165
40172
40173
40201
40244
40245
40249
40256
40270
40272
40285
40306
40310
40313
40363
40378
40382
40398
40405
40411
40412
40422
40425
40432
40437
40441
40455
40468
40468
40484
40489
40513
40519
40527
40527
40528
40530
40543
40555
40566
40571
40596
40598
40601
40606
40635
40638
40640
40648
40651
40655
40660
40667
40689
40691
40724
40734
40771
40775
40776
40788
40794
40798
40803
40804
40805
40807
40811
40812
40823
40830
40833
40857
40869
40870
40906
40920
40929
40930
40949
40950
40967
40970
40977
40980
40981
40992
40996
41006
41027
41029
41037
41072
41083
41084
41091
41094
41103
41104
41122
41141
41151
41152
41183
41224
41248
41263
41275
41287
41298
41308
41332
41337
41343
41344
41352
41353
41367
41370
41397
41441
41444
41447
41448
41448
41451
41451
41462
41483
41509
41514
41522
41526
41561
41568
41568
41572
41618
41622
41627
41650
41651
41688
41693
41699
41704
41738
41757
41758
41770
41774
41791
41792
41806
41813
41814
41821
41823
41826
41847
41858
41867
41871
41876
41901
41906
41917
41920
41933
41940
41951
41968
41988
42000
42002
42013
42029
42035
42039
42053
42078
42081
42083
42084
42089
42091
42110
42112
42124
42140
42158
42173
42190
42205
42211
42218
42227
42230
42239
42249
42261
42270
42274
42283
42308
42314
42314
42331
42342
42352
42353
42363
42366
42386
42387
42426
42436
42439
42470
42477
42478
42500
42501
42502
42505
42519
42522
42539
42565
42580
42592
42597
42618
42620
42621
42663
42663
42672
42681
42684
42700
42719
42721
42729
42729
42731
42736
42738
42741
42759
42782
42787
42789
42803
42805
42818
42822
42829
42854
42862
42896
42898
42901
42903
42913
42934
42946
42960
42964
42986
43004
43011
43014
43033
43036
43044
43046
43070
43111
43114
43129
43136
43139
43150
43150
43152
43162
43177
43188
43196
43241
43243
43246
43254
43257
43261
43273
43281
43300
43302
43312
43317
43318
43320
43326
43329
43337
43356
43357
43395
43411
43415
43444
43458
43475
43484
43487
43531
43542
43574
43595
43599
43631
43633
43653
43657
43666
43668
43679
43680
43696
43700
43709
43717
43719
43734
43735
43749
43768
43775
43811
43817
43827
43839
43846
43851
43856
43859
43861
43865
43877
43906
43906
43934
43956
43960
43966
43974
43975
44001
44020
44022
44026
44032
44039
44051
44063
44067
44073
44109
44119
44123
44125
44163
44167
44208
44221
44237
44253
44255
44279
44326
44330
44362
44363
44375
44375
44411
44419
44427
44434
44449
44451
44460
44465
44470
44472
44486
44486
44493
44495
44496
44502
44502
44510
44530
44547
44548
44550
44552
44573
44577
44587
44589
44592
44597
44605
44609
44614
44623
44635
44683
44692
44692
44721
44728
44742
44768
44773
44783
44786
44792
44801
44805
44807
44813
44824
44864
44871
44875
44905
44913
44926
44928
44933
44948
44948
44952
44954
44962
44969
44975
44988
45010
45015
45073
45087
45095
45098
45110
45119
45119
45141
45144
45145
45181
45188
45208
45208
45223
45229
45234
45253
45256
45260
45271
45278
45292
45293
45302
45305
45316
45321
45325
45343
45370
45374
45378
45381
45389
45394
45403
45409
45409
45416
45419
45431
45439
45439
45453
45457
45458
45459
45474
45488
45497
45501
45508
45524
45539
45544
45566
45568
45611
45621
45627
45639
45642
45652
45653
45673
45688
45689
45706
45716
45724
45741
45761
45769
45789
45794
45809
45810
45824
45839
45856
45877
45890
45897
45898
45921
45926
45933
45936
45944
45957
45962
45964
45965
45982
46007
46029
46042
46056
46065
46081
46116
46123
46149
46188
46200
46228
46248
46250
46261
46271
46273
46275
46307
46310
46312
46336
46340
46342
46343
46349
46383
46386
46391
46394
46410
46411
46412
46417
46422
46422
46434
46437
46487
46503
46523
46535
46550
46602
46605
46608
46623
46626
46639
46640
46647
46657
46659
46670
46678
46717
46722
46728
46740
46753
46754
46768
46809
46836
46843
46846
46869
46880
46881
46882
46885
46897
46899
46903
46950
46958
46971
46975
46988
46990
46996
47006
47008
47014
47019
47021
47025
47031
47037
47045
47055
47056
47057
47071
47074
47082
47086
47093
47099
47100
47108
47132
47146
47161
47169
47196
47211
47216
47216
47217
47221
47226
47239
47274
47289
47305
47310
47324
47329
47357
47377
47398
47398
47406
47407
47408
47409
47411
47415
47430
47446
47513
47523
47524
47528
47531
47542
47559
47569
47606
47614
47615
47629
47675
47704
47724
47752
47769
47781
47784
47821
47835
47840
47842
47850
47860
47867
47870
47913
47931
47935
47965
47973
47989
48002
48007
48012
48029
48052
48052
48057
48078
48087
48088
48105
48114
48117
48133
48135
48140
48177
48207
48217
48269
48272
48287
48306
48326
48382
48388
48403
48422
48426
48454
48476
48484
48503
48518
48540
48577
48621
48623
48666
48690
48693
48717
48720
48738
48738
48752
48773
48799
48805
48809
48811
48816
48878
48887
48904
48914
48936
48954
48964
49001
49010
49033
49034
49050
49072
49075
49090
49111
49114
49117
49117
49122
49124
49145
49159
49163
49205
49209
49219
49225
49233
49258
49264
49286
49311
49316
49330
49330
49352
49356
49368
49375
49391
49391
49396
49400
49403
49412
49416
49428
49429
49430
49439
49446
49452
49456
49459
49470
49475
49488
49512
49519
49525
49539
49579
49584
49603
49604
49613
49617
49624
49639
49647
49650
49665
49667
49667
49696
49710
49736
49743
49771
49773
49796
49800
49801
49818
49826
49843
49846
49873
49893
49899
49903
49924
49931
49961
49962
49963
49968
49972
50007
50008
50029
50033
50038
50048
50048
50060
50060
50066
50069
50073
50081
50097
50125
50136
50143
50152
50171
50177
50181
50220
50233
50238
50253
50279
50281
50298
50300
50314
50337
50351
50372
50376
50378
50386
50387
50392
50396
50396
50419
50427
50442
50464
50495
50501
50502
50517
50545
50547
50555
50568
50607
50617
50647
50661
50674
50677
50682
50708
50747
50769
50809
50855
50883
50890
50914
50920
50958
50970
50980
50992
51057
51075
51096
51098
51106
51113
51127
51165
51180
51183
51184
51214
51234
51237
51303
51343
51358
51364
51367
51367
51368
51379
51390
51393
51432
51453
51480
51489
51524
51541
51545
51546
51554
51564
51578
51592
51601
51622
51625
51631
51640
51642
51645
51651
51658
51668
51690
51725
51729
51729
51758
51761
51814
51817
51826
51833
51850
51865
51874
51875
51879
51885
51894
51899
51899
51903
51917
51919
51956
51956
51975
51980
51983
51987
51996
52014
52022
52037
52065
52070
52089
52119
52123
52139
52150
52154
52165
52175
52178
52191
52194
52226
52229
52230
52256
52265
52284
52291
52292
52326
52336
52337
52344
52359
52360
52364
52380
52427
52429
52462
52468
52481
52562
52584
52590
52597
52625
52631
52641
52642
52650
52651
52652
52653
52665
52673
52675
52695
52697
52706
52747
52758
52768
52786
52789
52843
52851
52857
52863
52864
52873
52880
52885
52889
52895
52905
52910
52918
52938
52941
52964
52972
52973
53014
53021
53028
53041
53070
53073
53095
53130
53159
53194
53216
53220
53257
53262
53269
53289
53299
53314
53322
53386
53389
53423
53424
53434
53537
53551
53565
53566
53568
53604
53651
53670
53702
53737
53781
53819
53828
53844
53921
53954
53998
54009
54030
54031
54071
54099
54102
54115
54124
54133
54138
54183
54183
54206
54253
54258
54267
54270
54273
54299
54314
54326
54345
54357
54370
54406
54420
54428
54428
54438
54470
54476
54493
54493
54500
54505
54564
54572
54642
54666
54673
54736
54749
54750
54810
54816
54819
54826
54826
54877
54893
54898
54899
54912
54915
54925
54967
54976
54992
55028
55058
55064
55069
55096
55132
55182
55235
55237
55261
55284
55304
55324
55331
55332
55374
55378
55386
55415
55432
55464
55481
55504
55518
55523
55525
55526
55535
55573
55580
55583
55596
55605
55628
55649
55685
55717
55722
55772
55803
55817
55824
55852
55860
55863
55870
55905
55955
55973
55978
56018
56018
56051
56051
56051
56064
56071
56093
56136
56167
56177
56180
56198
56199
56238
56244
56266
56279
56279
56321
56364
56375
56375
56403
56429
56444
56475
56480
56530
56564
56567
56574
56589
56603
56609
56616
56627
56628
56636
56680
56684
56686
56709
56713
56720
56754
56773
56810
56821
56826
56881
56887
56889
56952
56970
56981
56989
57021
57032
57032
57040
57045
57053
57085
57089
57090
57107
57125
57141
57209
57230
57242
57249
57258
57292
57398
57399
57411
57499
57502
57518
57519
57589
57607
57608
57612
57617
57619
57631
57640
57648
57658
57660
57661
57664
57666
57674
57731
57743
57757
57761
57762
57763
57769
57781
57788
57807
57822
57840
57842
57843
57876
57920
57940
57960
57963
57976
58017
58046
58049
58069
58077
58138
58140
58148
58160
58160
58166
58177
58180
58190
58218
58228
58234
58251
58268
58277
58297
58313
58314
58318
58323
58327
58340
58345
58353
58362
58373
58374
58379
58379
58382
58397
58402
58426
58443
58461
58462
58489
58491
58492
58497
58523
58537
58581
58583
58602
58602
58613
58638
58670
58675
58691
58695
58743
58761
58775
58782
58789
58827
58834
58856
58863
58871
58875
58900
58908
58917
58922
58952
58965
58967
58968
58968
58977
59008
59028
59030
59057
59083
59115
59132
59141
59147
59151
59215
59236
59245
59261
59285
59303
59326
59338
59376
59390
59392
59394
59423
59428
59436
59439
59482
59486
59524
59534
59540
59545
59577
59579
59596
59617
59695
59696
59723
59758
59806
59809
59809
59835
59848
59851
59869
59891
59900
59925
59927
59936
59937
59956
59960
59972
59977
59996
59999
60002
60004
60020
60096
60107
60165
60179
60184
60188
60193
60253
60254
60263
60271
60288
60288
60299
60328
60343
60352
60369
60380
60384
60435
60441
60450
60453
60459
60466
60507
60518
60558
60567
60625
60637
60704
60706
60724
60724
60734
60741
60753
60765
60809
60815
60843
60854
60859
60878
60893
60911
60943
60980
61022
61026
61033
61038
61045
61062
61099
61110
61116
61137
61172
61189
61197
61210
61230
61236
61246
61252
61257
61264
61266
61270
61301
61307
61333
61377
61382
61384
61413
61486
61487
61509
61551
61594
61602
61638
61660
61667
61668
61683
61718
61757
61811
61823
61824
61838
61847
61854
61920
61932
61934
61936
61975
62002
62017
62021
62027
62030
62033
62035
62041
62061
62096
62106
62107
62137
62148
62159
62168
62171
62174
62186
62246
62256
62292
62307
62330
62337
62342
62360
62366
62388
62415
62428
62430
62449
62452
62453
62456
62467
62499
62503
62522
62528
62540
62571
62574
62579
62599
62645
62649
62729
62737
62737
62784
62786
62798
62798
62835
62848
62870
62883
62886
62902
62922
63007
63036
63047
63088
63099
63136
63151
63165
63170
63176
63178
63185
63200
63223
63234
63293
63304
63352
63364
63384
63409
63475
63490
63492
63532
63547
63551
63597
63598
63688
63692
63750
63758
63793
63844
63846
63849
63856
63861
63903
63909
63960
63994
63998
64002
64014
64020
64027
64049
64053
64103
64107
64158
64163
64169
64195
64197
64230
64231
64256
64277
64315
64319
64334
64385
64393
64485
64497
64512
64548
64565
64601
64602
64606
64662
64665
64669
64684
64726
64753
64759
64807
64860
64865
64872
64874
64884
64891
64895
64908
64938
64949
64966
64967
64971
64983
65006
65022
65027
65034
65039
65048
65068
65072
65074
65138
65156
65206
65224
65224
65235
65248
65257
65303
65316
65322
65328
65349
65359
65362
65435
65469
65512
65520
65521
65539
65555
65560
65576
65581
65592
65596
65644
65644
65672
65699
65704
65730
65760
65765
65779
65809
65814
65831
65832
65872
65872
65882
65899
65908
65939
65951
65954
66000
66007
66009
66028
66040
66047
66047
66053
66054
66065
66074
66075
66081
66086
66122
66137
66166
66220
66261
66286
66314
66329
66347
66358
66369
66371
66381
66402
66423
66442
66453
66456
66456
66475
66504
66521
66521
66536
66559
66574
66577
66588
66643
66660
66671
66740
66741
66742
66776
66789
66793
66798
66823
66829
66862
66866
66869
66900
66928
66982
67012
67056
67059
67101
67116
67120
67125
67181
67201
67208
67217
67223
67224
67231
67244
67246
67261
67270
67285
67302
67322
67340
67357
67372
67377
67389
67390
67411
67444
67446
67486
67498
67523
67528
67528
67532
67532
67541
67555
67572
67589
67592
67597
67607
67617
67647
67655
67671
67682
67692
67749
67782
67831
67848
67849
67852
67871
67885
67900
67905
67907
67919
67928
67936
67937
67976
67996
68013
68016
68017
68056
68060
68066
68084
68098
68130
68163
68172
68177
68213
68224
68294
68301
68312
68322
68335
68345
68345
68346
68364
68365
68376
68395
68399
68418
68428
68431
68466
68489
68553
68594
68603
68648
68672
68679
68692
68732
68733
68733
68738
68781
68798
68799
68820
68823
68829
68895
68918
69053
69056
69063
69083
69087
69105
69113
69114
69115
69137
69189
69190
69206
69261
69345
69372
69380
69398
69428
69475
69483
69483
69496
69511
69518
69523
69552
69565
69590
69594
69604
69623
69640
69645
69652
69654
69656
69663
69674
69711
69722
69732
69745
69754
69782
69783
69800
69805
69829
69861
69881
69882
69898
69904
69920
69924
69945
69979
69998
70016
70047
70052
70059
70074
70074
70090
70093
70098
70099
70130
70135
70161
70184
70198
70200
70205
70222
70272
70290
70300
70315
70315
70348
70352
70367
70400
70404
70421
70428
70439
70440
70477
70482
70488
70502
70508
70510
70538
70554
70561
70576
70583
70593
70599
70622
70625
70651
70662
70668
70683
70686
70693
70708
70714
70732
70743
70746
70762
70772
70794
70805
70811
70817
70831
70849
70853
70863
70883
70892
70922
70937
70965
70982
71000
71026
71033
71059
71059
71092
71098
71137
71144
71159
71178
71179
71211
71212
71252
71253
71260
71291
71348
71385
71436
71439
71499
71504
71506
71530
71543
71587
71593
71614
71664
71680
71689
71703
71743
71831
71841
71848
71862
71864
71880
71880
71881
71921
71930
71930
71934
71940
71947
71955
72009
72010
72036
72051
72051
72055
72072
72116
72117
72154
72198
72202
72267
72313
72318
72342
72361
72375
72387
72417
72442
72450
72450
72451
72454
72462
72468
72512
72513
72552
72558
72583
72610
72626
72632
72654
72658
72728
72740
72756
72759
72793
72794
72807
72812
72830
72833
72839
72858
72915
72924
72962
72974
72980
72992
73019
73026
73026
73031
73038
73066
73092
73138
73183
73193
73196
73204
73205
73208
73211
73226
73226
73226
73239
73241
73251
73283
73361
73380
73413
73444
73472
73482
73485
73486
73488
73492
73493
73541
73566
73582
73588
73608
73618
73623
73643
73722
73724
73734
73750
73754
73759
73768
73778
73780
73791
73799
73868
73871
73896
73909
73925
73954
73981
73989
73994
73997
74002
74015
74034
74040
74043
74063
74104
74118
74125
74133
74137
74157
74176
74189
74197
74198
74200
74256
74302
74313
74326
74339
74344
74348
74353
74356
74356
74365
74369
74385
74407
74414
74424
74426
74427
74435
74451
74464
74472
74484
74486
74490
74492
74505
74509
74511
74516
74522
74558
74578
74580
74586
74605
74605
74622
74649
74655
74672
74672
74729
74751
74762
74773
74784
74793
74837
74867
74889
74891
74908
74910
74934
74935
74941
74944
74950
74955
74958
74964
74977
74985
74990
74998
75013
75017
75025
75046
75051
75094
75108
75125
75128
75145
75146
75171
75220
75251
75257
75269
75269
75273
75302
75310
75331
75356
75366
75370
75380
75383
75386
75392
75395
75410
75422
75445
75496
75516
75543
75604
75604
75624
75686
75697
75700
75732
75733
75758
75762
75803
75820
75835
75842
75844
75931
75937
75944
75949
75950
75959
75989
75993
75994
76020
76040
76066
76074
76074
76098
76110
76116
76125
76129
76133
76140
76147
76150
76152
76158
76161
76163
76166
76201
76212
76224
76238
76238
76248
76266
76271
76271
76293
76297
76333
76337
76338
76417
76430
76451
76455
76469
76489
76503
76529
76549
76559
76567
76570
76588
76592
76605
76617
76644
76655
76669
76697
76730
76731
76742
76765
76810
76818
76835
76868
76891
76920
76921
76924
76928
76934
76954
76974
76977
76982
76991
77007
77011
77050
77079
77079
77164
77170
77173
77183
77184
77193
77210
77235
77247
77250
77299
77325
77330
77343
77391
77408
77417
77445
77527
77587
77657
77663
77692
77713
77742
77764
77778
77779
77840
77861
77865
77886
77914
77930
77936
77949
77957
77970
77983
78004
78005
78006
78039
78048
78089
78121
78132
78140
78141
78177
78207
78222
78235
78264
78282
78397
78398
78406
78440
78451
78454
78455
78456
78468
78483
78483
78498
78503
78507
78511
78535
78546
78590
78623
78626
78627
78636
78644
78654
78662
78680
78693
78695
78724
78727
78735
78750
78762
78763
78765
78770
78784
78792
78806
78817
78823
78831
78881
78889
78892
78917
78919
78936
78939
78940
78940
78946
78971
78981
78994
79010
79032
79074
79078
79083
79085
79089
79114
79129
79135
79139
79163
79168
79171
79203
79220
79246
79262
79269
79287
79303
79338
79356
79386
79386
79387
79400
79410
79413
79437
79441
79463
79471
79474
79486
79491
79531
79535
79544
79544
79565
79568
79590
79592
79594
79610
79625
79663
79666
79696
79703
79713
79717
79729
79732
79735
79737
79739
79756
79767
79821
79824
79842
79852
79853
79864
79866
79876
79916
79920
79922
79925
79928
79942
79977
80003
80005
80055
80066
80076
80077
80080
80103
80132
80191
80192
80193
80212
80236
80289
80352
80353
80370
80405
80434
80464
80480
80481
80484
80489
80492
80508
80514
80527
80566
80571
80583
80590
80593
80611
80639
80647
80654
80659
80755
80758
80765
80782
80786
80834
80845
80846
80851
80859
80861
80863
80903
80911
80912
80915
80915
80915
80948
81012
81029
81041
81042
81042
81058
81131
81152
81153
81154
81170
81178
81199
81203
81225
81249
81250
81314
81327
81327
81357
81377
81388
81420
81439
81465
81491
81502
81504
81515
81544
81558
81574
81580
81586
81637
81676
81681
81707
81723
81730
81735
81753
81756
81762
81774
81781
81827
81827
81846
81885
81916
81948
81997
82003
82004
82013
82014
82027
82034
82038
82054
82079
82109
82117
82149
82233
82243
82247
82251
82275
82280
82292
82297
82312
82322
82345
82346
82376
82382
82399
82440
82475
82478
82485
82498
82538
82538
82560
82561
82589
82593
82595
82612
82641
82652
82666
82672
82695
82747
82749
82761
82771
82791
82803
82805
82814
82829
82838
82847
82864
82876
82877
82878
82901
82901
82903
82910
82917
82917
82921
82928
82944
82969
82977
82978
82991
82992
83007
83014
83015
83028
83056
83060
83105
83114
83118
83124
83154
83165
83172
83184
83187
83194
83198
83201
83208
83209
83237
83241
83265
83276
83282
83333
83373
83383
83403
83415
83417
83437
83445
83452
83465
83474
83487
83512
83545
83558
83565
83606
83607
83626
83658
83673
83688
83691
83733
83734
83745
83746
83751
83771
83788
83816
83837
83839
83841
83868
83879
83916
83917
83934
83935
83971
83992
84016
84028
84035
84041
84053
84090
84094
84096
84098
84100
84121
84142
84157
84164
84173
84180
84182
84209
84215
84223
84224
84265
84286
84288
84289
84312
84335
84358
84373
84381
84391
84391
84403
84414
84414
84417
84427
84432
84473
84496
84520
84522
84538
84550
84562
84598
84639
84645
84672
84675
84675
84675
84681
84682
84690
84708
84711
84731
84741
84755
84759
84761
84771
84784
84785
84786
84789
84810
84821
84830
84842
84850
84851
84861
84867
84893
84912
84921
84947
84951
84958
84969
84978
84990
84993
85006
85030
85036
85053
85080
85087
85114
85119
85122
85139
85145
85150
85157
85158
85159
85170
85174
85176
85180
85182
85192
85200
85234
85242
85268
85272
85282
85312
85359
85382
85401
85407
85441
85452
85486
85493
85512
85513
85532
85539
85563
85585
85614
85621
85627
85632
85633
85660
85665
85674
85674
85694
85699
85700
85720
85733
85768
85773
85774
85781
85816
85817
85819
85825
85847
85851
85884
85945
85959
85976
86008
86032
86040
86044
86046
86049
86058
86058
86060
86074
86084
86090
86099
86101
86104
86167
86173
86179
86182
86194
86219
86223
86224
86231
86236
86254
86256
86293
86297
86299
86301
86313
86320
86350
86374
86379
86383
86405
86416
86431
86437
86443
86458
86466
86486
86498
86499
86528
86556
86560
86565
86570
86574
86616
86657
86673
86676
86684
86686
86688
86688
86704
86710
86717
86739
86739
86746
86756
86757
86759
86773
86802
86805
86814
86847
86872
86914
86929
86951
86959
86965
86969
86972
86980
86985
86987
86993
87028
87030
87039
87075
87083
87114
87157
87160
87184
87191
87202
87206
87218
87225
87231
87233
87255
87267
87268
87288
87293
87316
87340
87349
87356
87362
87366
87385
87399
87421
87444
87459
87463
87464
87469
87470
87481
87494
87550
87558
87571
87577
87580
87585
87588
87601
87605
87640
87661
87664
87665
87667
87685
87740
87742
87744
87798
87801
87805
87812
87822
87825
87866
87869
87873
87896
87918
87926
87930
87935
87950
87952
87962
88008
88019
88023
88031
88042
88061
88069
88078
88087
88105
88130
88156
88178
88188
88190
88243
88249
88252
88286
88287
88290
88306
88308
88325
88346
88349
88362
88364
88393
88394
88400
88401
88403
88425
88430
88444
88476
88485
88486
88522
88541
88544
88546
88547
88609
88609
88612
88626
88633
88656
88658
88667
88676
88704
88708
88713
88716
88725
88727
88736
88742
88746
88746
88753
88770
88800
88811
88812
88824
88857
88858
88864
88888
88896
88897
88920
88936
88954
88957
89018
89019
89058
89084
89113
89116
89126
89131
89138
89142
89177
89257
89279
89300
89305
89309
89320
89333
89336
89339
89349
89354
89356
89369
89370
89372
89409
89413
89416
89419
89422
89424
89432
89463
89471
89479
89484
89489
89491
89514
89568
89606
89617
89631
89645
89655
89711
89751
89756
89781
89792
89801
89814
89830
89834
89835
89836
89847
89856
89872
89892
89896
89935
89943
89943
89945
89958
89960
89972
89975
89998
90002
90005
90007
90009
90009
90011
90018
90021
90027
90032
90032
90042
90046
90060
90064
90132
90132
90141
90152
90162
90168
90173
90174
90179
90180
90192
90215
90220
90220
90228
90229
90232
90264
90286
90298
90322
90326
90332
90332
90343
90350
90367
90371
90426
90440
90442
90447
90481
90488
90495
90506
90514
90529
90533
90564
90567
90571
90573
90588
90615
90621
90639
90640
90642
90665
90666
90677
90683
90683
90710
90710
90711
90737
90740
90759
90777
90779
90789
90791
90793
90808
90824
90836
90844
90860
90865
90871
90906
90912
90920
90923
90923
90938
90946
90950
90952
90953
90967
90967
90967
90972
90976
90993
91018
91031
91038
91039
91064
91088
91094
91129
91156
91158
91167
91201
91205
91208
91222
91223
91238
91241
91243
91260
91268
91271
91278
91278
91287
91297
91308
91314
91348
91360
91392
91412
91441
91447
91485
91492
91503
91510
91533
91534
91548
91554
91557
91558
91559
91589
91591
91622
91626
91669
91669
91678
91690
91691
91692
91692
91709
91712
91741
91775
91778
91783
91822
91823
91829
91864
91944
91946
91946
91952
91955
91966
91968
91984
91985
91987
91991
91998
92000
92016
92040
92065
92066
92068
92069
92108
92127
92156
92162
92166
92206
92208
92215
92221
92225
92227
92240
92244
92256
92297
92297
92324
92352
92357
92370
92370
92383
92390
92405
92427
92455
92468
92472
92475
92489
92505
92506
92582
92586
92588
92595
92596
92604
92611
92631
92635
92670
92686
92687
92711
92714
92720
92722
92725
92730
92757
92759
92770
92790
92792
92810
92818
92835
92845
92863
92867
92893
92920
92954
92959
92965
92993
93026
93084
93112
93114
93125
93128
93177
93183
93189
93190
93202
93203
93206
93210
93228
93264
93284
93291
93312
93314
93318
93319
93321
93331
93336
93338
93357
93377
93383
93394
93397
93397
93397
93407
93411
93412
93417
93421
93426
93436
93445
93448
93497
93512
93520
93528
93531
93560
93566
93569
93573
93576
93581
93587
93590
93598
93605
93631
93640
93640
93645
93647
93649
93653
93679
93682
93698
93700
93704
93707
93715
93745
93765
93770
93786
93796
93814
93836
93836
93842
93849
93854
93875
93892
93893
93895
93918
93918
93932
93932
93970
93972
93977
93982
93995
94022
94027
94034
94039
94041
94046
94049
94057
94064
94066
94069
94083
94100
94104
94106
94134
94137
94151
94156
94172
94172
94189
94207
94209
94236
94236
94237
94249
94263
94263
94265
94290
94296
94314
94374
94382
94390
94390
94399
94401
94415
94418
94462
94492
94509
94512
94536
94549
94561
94563
94619
94634
94648
94650
94654
94666
94678
94728
94728
94733
94734
94736
94742
94743
94773
94780
94819
94834
94835
94861
94909
94910
94913
94921
94927
94929
94933
94945
94954
94954
94977
95008
95010
95017
95022
95037
95038
95043
95058
95066
95078
95081
95093
95103
95109
95115
95120
95176
95203
95226
95236
95259
95270
95272
95291
95307
95324
95341
95346
95348
95348
95349
95362
95395
95406
95418
95419
95423
95434
95438
95464
95466
95471
95495
95522
95525
95543
95569
95589
95596
95600
95602
95618
95635
95656
95657
95657
95659
95669
95671
95674
95680
95681
95690
95699
95705
95720
95723
95726
95730
95735
95752
95764
95767
95771
95801
95810
95814
95830
95840
95847
95855
95860
95875
95898
95913
95917
95934
95935
95958
95979
95985
95996
95999
95999
96020
96024
96072
96075
96099
96109
96111
96122
96137
96157
96159
96177
96177
96197
96211
96212
96213
96220
96221
96245
96246
96262
96275
96285
96299
96306
96321
96330
96333
96344
96385
96392
96396
96445
96448
96449
96451
96466
96478
96481
96490
96499
96503
96509
96516
96528
96539
96548
96551
96551
96557
96564
96571
96588
96593
96643
96656
96676
96677
96689
96708
96709
96710
96712
96712
96717
96717
96739
96743
96746
96747
96761
96787
96789
96799
96806
96814
96819
96830
96840
96842
96846
96855
96863
96879
96880
96892
96903
96904
96905
96911
96914
96919
96931
96942
96944
96946
96957
97006
97006
97015
97021
97035
97068
97079
97081
97098
97103
97113
97117
97122
97142
97168
97173
97187
97187
97190
97211
97221
97225
97247
97287
97287
97289
97298
97311
97317
97324
97364
97373
97375
97392
97431
97432
97445
97451
97453
97460
97466
97492
97506
97508
97519
97522
97529
97544
97546
97571
97574
97579
97620
97628
97634
97643
97645
97653
97661
97681
97696
97708
97710
97727
97750
97757
97773
97775
97784
97787
97817
97824
97848
97862
97888
97894
97907
97921
97927
97929
97942
97954
97963
97969
97988
97989
97992
97999
98008
98036
98038
98043
98061
98073
98113
98119
98133
98136
98153
98157
98160
98169
98178
98183
98185
98206
98220
98224
98230
98233
98246
98249
98249
98267
98279
98295
98306
98321
98333
98335
98341
98343
98358
98359
98368
98374
98377
98387
98403
98421
98424
98430
98437
98447
98456
98484
98502
98519
98545
98573
98576
98576
98600
98617
98635
98654
98680
98687
98697
98709
