19
20
36
63
83
88
99
115
123
194
195
212
213
222
261
277
292
299
341
348
366
368
376
387
416
432
463
463
465
498
521
529
540
541
591
605
635
646
647
687
740
741
742
752
763
764
775
787
791
817
820
830
866
899
909
917
936
951
958
979
997
1011
1013
1054
1078
1083
1108
1115
1157
1161
1163
1185
1200
1265
1298
1334
1335
1354
1384
1391
1484
1511
1544
1572
1590
1592
1685
1688
1716
1726
1740
1780
1790
1818
1824
1828
1837
1886
1946
1955
2006
2016
2019
2116
2142
2145
2152
2163
2234
2263
2305
2322
2323
2335
2335
2358
2364
2387
2395
2453
2453
2461
2464
2469
2483
2537
2547
2550
2550
2573
2580
2585
2593
2605
2663
2680
2684
2705
2729
2736
2743
2748
2753
2760
2764
2791
2791
2792
2847
2880
2881
2915
2939
2946
2992
3001
3019
3021
3059
3063
3066
3068
3096
3098
3108
3135
3146
3151
3157
3171
3176
3183
3189
3226
3255
3272
3288
3340
3351
3386
3395
3418
3421
3429
3467
3470
3508
3514
3522
3525
3527
3531
3548
3553
3565
3567
3577
3578
3590
3591
3593
3603
3617
3635
3639
3665
3691
3716
3723
3730
3753
3759
3785
3827
3861
3883
3894
3896
3918
3930
3934
3940
3941
3948
3950
3959
4021
4026
4047
4049
4063
4079
4084
4118
4133
4140
4145
4163
4179
4186
4210
4220
4234
4240
4252
4253
4278
4322
4344
4349
4355
4361
4372
4381
4400
4403
4414
4420
4482
4487
4530
4609
4612
4620
4630
4632
4688
4713
4739
4747
4750
4786
4795
4799
4819
4842
4927
4937
4946
4950
4954
4966
5087
5104
5120
5154
5159
5189
5207
5219
5228
5252
5284
5294
5313
5313
5336
5353
5375
5379
5386
5392
5403
5424
5436
5439
5451
5506
5531
5542
5550
5571
5575
5581
5590
5592
5622
5671
5672
5689
5701
5720
5730
5744
5751
5775
5891
5920
5923
5926
5936
5946
5955
5980
6036
6055
6077
6085
6113
6153
6159
6170
6175
6190
6213
6255
6288
6299
6310
6315
6328
6344
6375
6388
6418
6420
6430
6449
6461
6513
6536
6570
6597
6617
6639
6653
6665
6666
6697
6732
6741
6769
6805
6841
6864
6888
6895
6904
6907
6932
6956
6958
6970
6977
7010
7022
7036
7039
7049
7085
7119
7145
7207
7207
7210
7239
7244
7244
7259
7283
7288
7291
7326
7349
7374
7378
7394
7463
7469
7471
7498
7502
7515
7539
7540
7651
7655
7656
7675
7678
7690
7696
7698
7706
7793
7802
7850
7855
7865
7865
7866
7875
7883
7887
7902
7911
7914
7915
7931
7947
7963
7965
7969
7977
7997
8081
8095
8111
8144
8158
8161
8164
8173
8174
8205
8221
8227
8238
8286
8342
8347
8363
8379
8384
8385
8386
8393
8400
8400
8412
8430
8437
8449
8490
8495
8500
8501
8517
8518
8530
8550
8569
8586
8615
8626
8639
8641
8647
8701
8706
8709
8717
8718
8733
8741
8788
8812
8836
8873
8887
8945
8951
8958
8966
8967
8980
8983
8984
8999
9041
9049
9116
9122
9123
9127
9130
9145
9147
9204
9216
9231
9251
9255
9261
9264
9271
9271
9277
9304
9316
9325
9329
9338
9342
9348
9372
9387
9426
9451
9527
9569
9592
9617
9623
9646
9681
9694
9700
9704
9735
9814
9836
9867
9954
9959
9984
10051
10060
10062
10148
10153
10164
10164
10251
10253
10258
10259
10262
10277
10284
10298
10314
10317
10320
10337
10363
10365
10365
10370
10381
10384
10384
10385
10395
10405
10422
10425
10436
10487
10518
10538
10542
10559
10576
10590
10594
10608
10624
10665
10673
10704
10714
10717
10732
10797
10804
10830
10834
10878
10893
10907
10945
10950
10963
10988
10989
11002
11021
11022
11053
11059
11060
11067
11092
11109
11111
11122
11125
11153
11165
11182
11246
11269
11280
11283
11294
11299
11324
11334
11391
11396
11412
11430
11437
11531
11535
11538
11544
11558
11574
11591
11600
11606
11662
11667
11670
11678
11716
11728
11751
11767
11795
11815
11818
11830
11835
11837
11842
11863
11868
11871
11889
11890
11900
11929
11933
11944
11949
11966
11966
11973
11974
11992
12021
12031
12039
12073
12095
12105
12110
12119
12134
12173
12177
12188
12230
12241
12253
12288
12298
12316
12334
12372
12379
12380
12398
12430
12431
12433
12447
12448
12462
12504
12512
12538
12546
12564
12568
12599
12647
12699
12725
12728
12759
12760
12791
12797
12802
12806
12848
12856
12860
12899
12906
12907
12914
12920
12922
12923
12931
12943
12962
12988
13008
13016
13044
13056
13079
13125
13151
13158
13159
13169
13176
13193
13226
13241
13243
13258
13258
13269
13272
13283
13314
13320
13321
13337
13349
13426
13481
13484
13511
13515
13526
13560
13565
13597
13687
13697
13703
13723
13749
13752
13760
13773
13788
13827
13849
13867
13889
13893
13894
13927
13931
13940
13942
13996
14014
14024
14037
14038
14048
14143
14151
14153
14156
14202
14217
14247
14255
14328
14352
14354
14355
14362
14364
14378
14387
14411
14448
14461
14487
14492
14499
14504
14573
14574
14591
14609
14615
14620
14695
14710
14738
14742
14755
14758
14785
14842
14876
14900
14902
14903
14911
14911
14942
14953
15024
15031
15120
15185
15211
15212
15220
15220
15264
15281
15328
15345
15367
15383
15427
15438
15494
15497
15534
15558
15585
15593
15673
15688
15691
15727
15736
15738
15741
15756
15796
15813
15875
15876
15881
15908
15930
15953
15971
15972
16001
16044
16052
16068
16127
16133
16206
16208
16217
16229
16244
16258
16340
16373
16379
16388
16405
16441
16451
16476
16477
16528
16530
16540
16569
16572
16572
16584
16616
16655
16676
16681
16695
16697
16712
16726
16761
16809
16821
16843
16871
16876
16891
16935
16972
17022
17032
17049
17066
17084
17084
17092
17132
17141
17148
17199
17202
17223
17224
17224
17225
17235
17247
17259
17306
17319
17388
17405
17439
17441
17499
17505
17526
17527
17555
17572
17585
17585
17586
17603
17604
17610
17639
17682
17693
17697
17701
17701
17792
17813
17836
17871
17885
17895
17910
17912
17937
17942
17955
17964
17980
17981
18037
18061
18097
18102
18102
18121
18127
18135
18210
18261
18270
18286
18290
18307
18321
18328
18384
18387
18388
18392
18413
18459
18483
18502
18511
18519
18520
18528
18545
18580
18598
18612
18615
18648
18651
18656
18674
18705
18715
18738
18825
18839
18858
18862
18881
18887
18893
18893
18958
18976
18987
19021
19044
19141
19145
19162
19262
19288
19298
19351
19373
19385
19431
19502
19506
19512
19514
19519
19542
19543
19562
19610
19618
19625
19642
19667
19673
19755
19756
19781
19802
19831
19858
19876
19915
19933
19979
19988
19994
20011
20034
20042
20081
20093
20171
20248
20271
20372
20395
20421
20429
20452
20489
20494
20495
20514
20538
20541
20564
20586
20612
20612
20632
20650
20666
20694
20721
20726
20743
20745
20749
20773
20777
20801
20806
20833
20838
20879
20881
20912
20918
20924
20930
20942
20954
21025
21092
21099
21106
21140
21208
21210
21218
21233
21258
21269
21281
21282
21303
21310
21331
21344
21367
21378
21392
21412
21423
21448
21453
21455
21480
21494
21495
21530
21539
21560
21581
21581
21599
21642
21643
21648
21682
21745
21763
21780
21832
21873
21880
21899
21902
21928
21930
21968
21978
21985
22002
22003
22036
22142
22145
22162
22205
22219
22221
22230
22231
22238
22276
22287
22307
22329
22352
22392
22408
22426
22453
22454
22464
22480
22486
22492
22499
22503
22518
22524
22526
22550
22571
22585
22590
22595
22597
22606
22625
22661
22702
22706
22738
22761
22794
22827
22865
22868
22872
22883
22902
22926
22950
22963
22968
22992
23002
23023
23057
23059
23068
23080
23096
23098
23118
23124
23127
23142
23222
23334
23349
23352
23363
23365
23367
23410
23410
23426
23450
23535
23588
23611
23615
23632
23637
23644
23648
23689
23717
23730
23737
23804
23833
23844
23884
23891
23907
23909
23913
23936
24076
24091
24092
24139
24166
24200
24212
24220
24225
24245
24268
24281
24341
24355
24495
24501
24501
24519
24524
24533
24535
24573
24574
24601
24634
24641
24665
24676
24724
24738
24810
24818
24847
24872
24926
24960
24969
25002
25018
25042
25078
25083
25092
25114
25124
25127
25130
25134
25140
25188
25189
25189
25199
25237
25271
25278
25281
25299
25308
25339
25405
25410
25425
25426
25434
25439
25444
25489
25516
25519
25546
25552
25556
25631
25674
25691
25692
25697
25705
25708
25709
25723
25735
25749
25755
25841
25841
25856
25926
25960
25980
25992
26017
26021
26038
26081
26118
26153
26163
26171
26192
26204
26221
26231
26233
26234
26236
26248
26273
26280
26360
26395
26439
26483
26499
26502
26527
26539
26611
26623
26647
26648
26681
26722
26758
26761
26769
26794
26801
26831
26834
26853
26906
26911
26937
26951
26987
26991
27044
27060
27067
27082
27091
27104
27143
27163
27168
27180
27182
27214
27219
27221
27230
27242
27249
27250
27251
27276
27302
27309
27398
27402
27417
27469
27479
27480
27487
27491
27493
27506
27512
27513
27585
27637
27645
27678
27724
27735
27747
27782
27789
27803
27823
27833
27844
27857
27898
27912
27921
27933
27952
27962
27992
27995
27999
28002
28002
28018
28022
28036
28043
28066
28066
28105
28138
28160
28189
28189
28191
28192
28241
28244
28276
28290
28296
28410
28438
28470
28485
28492
28502
28528
28536
28538
28560
28585
28586
28591
28608
28627
28628
28659
28698
28703
28749
28756
28783
28796
28803
28818
28839
28868
28925
28958
28964
28981
29005
29037
29060
29071
29078
29115
29115
29144
29155
29181
29198
29200
29205
29213
29216
29237
29259
29286
29292
29296
29306
29327
29359
29370
29374
29386
29416
29422
29446
29448
29453
29462
29471
29481
29482
29506
29520
29568
29609
29615
29720
29768
29769
29790
29791
29817
29848
29919
29939
29951
29957
29987
30017
30042
30042
30119
30199
30219
30256
30276
30303
30389
30392
30402
30410
30436
30455
30460
30472
30521
30530
30537
30550
30621
30639
30665
30676
30692
30710
30728
30732
30737
30748
30776
30779
30810
30851
30862
30882
30887
30890
30907
30914
30917
30940
30977
30993
31004
31067
31073
31100
31104
31123
31131
31183
31191
31198
31203
31212
31213
31243
31254
31285
31290
31307
31364
31383
31408
31421
31436
31447
31459
31460
31512
31528
31532
31562
31634
31648
31648
31681
31706
31709
31750
31785
31828
31837
31878
31887
31892
31939
31967
32023
32059
32060
32065
32112
32124
32141
32157
32169
32176
32186
32194
32241
32256
32279
32318
32335
32337
32348
32392
32400
32421
32429
32433
32434
32438
32443
32452
32474
32508
32535
32546
32561
32567
32581
32623
32646
32656
32714
32726
32782
32828
32837
32860
32876
32878
32878
32899
32908
32926
32952
32964
32987
33002
33011
33040
33043
33061
33063
33088
33172
33173
33198
33220
33226
33235
33242
33253
33284
33285
33314
33328
33364
33381
33389
33406
33407
33415
33423
33439
33478
33481
33484
33516
33525
33528
33537
33542
33553
33557
33579
33612
33630
33632
33676
33695
33722
33735
33778
33784
33802
33810
33923
33954
33973
33986
34005
34032
34041
34064
34074
34088
34102
34137
34138
34165
34204
34237
34323
34387
34398
34399
34414
34438
34469
34475
34479
34494
34497
34517
34518
34529
34538
34549
34564
34581
34583
34590
34611
34619
34646
34658
34680
34694
34736
34746
34753
34758
34772
34789
34811
34820
34826
34875
34891
34914
34914
34981
35005
35018
35021
35036
35059
35072
35093
35094
35104
35141
35169
35196
35201
35208
35233
35254
35320
35341
35343
35369
35443
35445
35467
35471
35480
35481
35483
35529
35530
35532
35559
35607
35632
35659
35667
35681
35684
35720
35729
35733
35751
35755
35756
35776
35778
35780
35781
35827
35837
35901
35904
35930
35931
35954
35990
35990
36002
36009
36016
36045
36069
36073
36084
36104
36143
36160
36189
36195
36231
36240
36264
36344
36347
36353
36353
36389
36407
36425
36427
36443
36453
36477
36485
36511
36515
36653
36668
36671
36710
36720
36731
36792
36811
36831
36875
36909
36923
36933
36973
37024
37054
37056
37060
37083
37101
37121
37136
37144
37144
37146
37151
37175
37213
37217
37252
37280
37294
37297
37307
37320
37323
37331
37341
37388
37389
37411
37419
37451
37501
37507
37546
37546
37597
37604
37610
37617
37673
37675
37682
37691
37700
37706
37715
37719
37765
37776
37806
37818
37832
37842
37887
37932
37945
37967
38008
38033
38065
38072
38073
38097
38100
38122
38130
38186
38195
38204
38205
38211
38242
38263
38267
38284
38287
38290
38292
38296
38334
38342
38367
38370
38401
38401
38422
38472
38506
38515
38539
38541
38543
38564
38596
38611
38628
38639
38652
38683
38731
38746
38804
38824
38837
38855
38862
38990
39018
39030
39079
39082
39222
39230
39255
39280
39297
39309
39320
39329
39334
39350
39353
39377
39420
39436
39474
39503
39508
39531
39589
39620
39707
39708
39723
39729
39734
39750
39756
39790
39874
39917
39947
39978
39988
39996
40039
40074
40075
40076
40114
40174
40233
40251
40252
40286
40292
40302
40304
40329
40346
40354
40381
40416
40443
40472
40504
40524
40533
40543
40549
40552
40570
40590
40598
40598
40614
40656
40659
40678
40686
40699
40701
40704
40706
40729
40771
40780
40801
40806
40834
40852
40859
40868
40872
40876
40877
40889
40890
40911
40968
41001
41003
41010
41013
41069
41116
41130
41131
41147
41154
41155
41165
41174
41182
41196
41218
41229
41284
41286
41290
41323
41348
41353
41361
41366
41416
41460
41474
41504
41574
41594
41604
41611
41643
41662
41684
41699
41703
41728
41732
41784
41790
41801
41807
41832
41841
41847
41852
41857
41868
41870
41870
41909
41910
41923
41939
41940
41942
41959
41962
41968
42005
42014
42026
42050
42056
42114
42151
42174
42189
42211
42213
42249
42258
42345
42355
42385
42426
42437
42503
42551
42578
42636
42636
42644
42666
42699
42753
42764
42768
42771
42779
42794
42819
42827
42842
42843
42885
42893
42970
42984
42984
42998
43013
43015
43044
43071
43074
43080
43081
43094
43101
43133
43133
43140
43173
43184
43194
43208
43215
43217
43218
43232
43237
43268
43312
43331
43378
43388
43399
43412
43473
43476
43480
43523
43558
43565
43587
43643
43671
43700
43705
43735
43759
43778
43798
43820
43843
43882
43903
43907
43942
43969
43969
43974
44002
44002
44008
44016
44063
44066
44070
44093
44098
44098
44107
44112
44157
44186
44188
44195
44196
44210
44342
44351
44361
44380
44392
44396
44405
44416
44448
44455
44501
44527
44557
44575
44600
44601
44604
44628
44645
44692
44707
44719
44727
44731
44741
44741
44753
44790
44797
44823
44826
44832
44836
44884
44912
44923
44929
44952
44958
44964
44991
44997
45001
45003
45017
45022
45071
45081
45128
45132
45154
45162
45179
45214
45226
45272
45282
45307
45307
45311
45338
45387
45390
45442
45466
45479
45493
45506
45522
45529
45555
45577
45601
45610
45614
45639
45714
45727
45731
45759
45779
45825
45854
45905
45924
45960
46013
46022
46025
46040
46044
46049
46057
46062
46067
46073
46090
46109
46110
46116
46130
46137
46165
46175
46187
46197
46211
46239
46253
46260
46276
46301
46301
46329
46343
46366
46370
46385
46410
46422
46429
46434
46439
46474
46482
46581
46593
46600
46664
46677
46694
46703
46733
46775
46778
46779
46819
46888
46899
46942
46973
46979
47016
47016
47043
47104
47109
47123
47128
47134
47223
47252
47254
47259
47273
47311
47328
47333
47361
47420
47424
47459
47468
47481
47503
47508
47514
47522
47552
47568
47606
47613
47656
47663
47676
47684
47700
47730
47737
47771
47795
47821
47823
47837
47864
47937
47939
47986
48008
48012
48017
48033
48039
48042
48068
48091
48123
48124
48132
48149
48157
48194
48195
48206
48225
48238
48256
48306
48326
48380
48416
48472
48477
48490
48526
48564
48568
48585
48613
48621
48622
48627
48658
48702
48789
48796
48821
48839
48849
48853
48872
48901
48902
48936
48960
48997
49024
49038
49087
49131
49142
49146
49168
49176
49221
49237
49327
49334
49391
49412
49427
49480
49493
49495
49553
49555
49571
49583
49585
49591
49597
49609
49609
49614
49634
49671
49688
49742
49744
49781
49790
49803
49814
49842
49858
49896
49906
49933
49950
49957
49982
49988
50019
50021
50025
50030
50030
50044
50055
50063
50069
50080
50129
50185
50205
50224
50247
50304
50329
50359
50376
50392
50410
50426
50516
50532
50535
50538
50572
50581
50585
50594
50620
50629
50642
50704
50718
50732
50737
50823
50825
50839
50841
50864
50872
50901
50910
50919
50950
50984
50985
51004
51031
51053
51056
51099
51124
51128
51133
51160
51162
51216
51240
51260
51271
51275
51299
51306
51318
51419
51425
51425
51427
51496
51508
51512
51526
51529
51553
51587
51589
51602
51627
51650
51656
51689
51724
51732
51741
51743
51762
51780
51787
51795
51812
51841
51930
51935
51939
51975
51995
52022
52040
52045
52046
52050
52066
52082
52090
52093
52096
52110
52110
52117
52130
52162
52177
52188
52225
52226
52242
52372
52402
52418
52425
52455
52464
52482
52504
52504
52547
52548
52550
52559
52599
52602
52612
52613
52650
52652
52653
52673
52695
52768
52768
52792
52833
52873
52875
52948
52975
52982
52987
53044
53074
53092
53105
53190
53204
53223
53237
53340
53368
53387
53399
53406
53439
53446
53543
53590
53611
53660
53665
53666
53716
53745
53759
53764
53796
53824
53831
53833
53843
53861
53884
53926
53982
53996
54002
54015
54025
54059
54082
54082
54146
54155
54156
54177
54181
54196
54231
54336
54364
54366
54378
54402
54411
54424
54439
54454
54458
54488
54517
54531
54540
54576
54612
54628
54636
54658
54674
54684
54705
54725
54729
54743
54780
54800
54806
54831
54849
54865
54867
54897
54911
54923
54924
54944
54979
54999
55034
55055
55058
55092
55118
55195
55210
55212
55213
55239
55241
55241
55250
55262
55279
55281
55281
55299
55337
55345
55361
55365
55422
55471
55485
55499
55503
55504
55537
55560
55636
55667
55706
55726
55726
55743
55821
55854
55922
55961
55991
55991
55993
56002
56031
56050
56088
56108
56112
56125
56161
56166
56169
56190
56225
56274
56274
56279
56291
56314
56334
56362
56363
56385
56392
56397
56419
56438
56441
56451
56515
56528
56569
56577
56581
56606
56657
56685
56699
56706
56741
56751
56771
56779
56783
56785
56791
56801
56820
56834
56872
56873
56876
56889
56890
56965
56997
56999
57011
57016
57106
57111
57112
57117
57133
57142
57166
57170
57181
57230
57243
57281
57284
57299
57315
57338
57365
57366
57397
57402
57402
57426
57432
57436
57438
57475
57486
57539
57550
57564
57578
57608
57662
57679
57697
57754
57763
57798
57877
57906
57912
57917
57922
57930
57948
57981
57982
58015
58048
58065
58074
58083
58128
58149
58155
58172
58177
58206
58271
58320
58350
58350
58354
58358
58480
58497
58531
58533
58550
58613
58620
58646
58679
58686
58691
58697
58730
58771
58787
58791
58812
58847
58884
58929
58943
58965
58974
58996
59035
59037
59053
59060
59072
59079
59130
59178
59258
59326
59350
59364
59371
59398
59427
59476
59519
59539
59552
59589
59724
59760
59782
59800
59809
59823
59828
59829
59847
59851
59856
59867
59877
59888
59896
59896
59920
59920
59971
59974
59985
59989
59996
59996
59998
60014
60016
60029
60035
60055
60070
60072
60097
60143
60166
60173
60222
60300
60308
60315
60319
60340
60343
60361
60375
60376
60376
60412
60429
60453
60455
60497
60506
60548
60566
60592
60604
60610
60628
60642
60655
60656
60660
60694
60697
60706
60728
60740
60760
60781
60802
60835
60875
60879
60891
60902
60904
60949
60964
60967
60982
60985
60996
61003
61030
61034
61042
61057
61074
61122
61164
61168
61193
61198
61223
61235
61236
61252
61274
61310
61327
61330
61341
61351
61356
61396
61401
61413
61416
61441
61468
61473
61488
61501
61573
61621
61621
61641
61655
61684
61696
61704
61718
61720
61724
61731
61756
61796
61834
61841
61861
61881
61922
61952
61960
62084
62120
62125
62140
62154
62160
62176
62181
62215
62217
62222
62258
62269
62301
62310
62349
62359
62386
62392
62411
62415
62418
62427
62444
62448
62487
62599
62630
62678
62738
62780
62786
62811
62818
62820
62832
62846
62871
62872
62921
62940
62974
62978
62995
63027
63060
63062
63077
63099
63108
63112
63125
63162
63202
63213
63226
63231
63235
63239
63282
63284
63311
63338
63359
63368
63375
63395
63420
63465
63506
63530
63560
63614
63617
63620
63647
63669
63676
63698
63712
63724
63739
63787
63789
63798
63805
63808
63811
63825
63846
63849
63867
63916
63919
63934
63968
64068
64078
64081
64093
64113
64117
64127
64132
64158
64174
64178
64228
64237
64239
64247
64310
64310
64312
64370
64394
64396
64402
64412
64444
64496
64520
64581
64599
64616
64619
64645
64699
64724
64751
64775
64781
64787
64794
64883
64892
64958
64999
65001
65010
65017
65116
65119
65127
65134
65141
65151
65168
65173
65175
65198
65222
65230
65233
65241
65268
65275
65347
65399
65431
65461
65464
65481
65527
65594
65625
65635
65641
65655
65671
65674
65693
65728
65739
65783
65799
65799
65800
65825
65880
65955
65958
65989
66007
66009
66076
66083
66091
66105
66110
66113
66146
66155
66176
66180
66241
66251
66261
66288
66330
66355
66422
66447
66455
66460
66466
66467
66481
66486
66493
66527
66531
66543
66573
66609
66614
66627
66664
66684
66696
66703
66707
66712
66720
66724
66735
66798
66817
66834
66846
66855
66866
66868
66907
66914
66935
66965
66974
66996
67000
67013
67034
67037
67069
67096
67153
67155
67181
67185
67210
67216
67225
67246
67249
67260
67371
67400
67406
67429
67452
67453
67473
67476
67517
67571
67590
67613
67633
67649
67656
67663
67666
67671
67676
67697
67703
67720
67728
67751
67781
67811
67856
67861
67896
67914
67931
67944
67955
67957
67974
68004
68007
68025
68050
68057
68084
68094
68116
68152
68169
68181
68197
68262
68280
68328
68387
68438
68492
68506
68519
68548
68561
68578
68715
68753
68771
68805
68806
68809
68870
68882
68886
68890
68909
68924
68933
68942
68971
68972
68977
68988
69055
69061
69065
69068
69084
69087
69102
69124
69134
69139
69227
69237
69262
69280
69304
69323
69325
69339
69382
69406
69447
69453
69476
69501
69525
69605
69610
69650
69650
69668
69702
69707
69708
69716
69751
69795
69830
69844
69864
69894
69915
69926
69936
69938
69987
70007
70022
70034
70046
70049
70049
70057
70071
70082
70135
70136
70158
70198
70239
70269
70316
70335
70366
70366
70370
70385
70405
70419
70452
70453
70492
70529
70583
70602
70622
70630
70631
70655
70679
70692
70692
70724
70727
70752
70753
70765
70802
70807
70809
70858
70864
70895
70915
70918
70929
70971
71048
71079
71096
71107
71119
71120
71139
71142
71145
71151
71181
71202
71204
71239
71259
71271
71289
71293
71299
71315
71367
71370
71380
71402
71416
71426
71438
71452
71472
71489
71498
71515
71532
71535
71574
71576
71581
71582
71586
71640
71643
71665
71706
71788
71792
71805
71808
71837
71968
71969
71990
71998
72036
72041
72044
72119
72153
72164
72205
72248
72259
72262
72286
72309
72318
72347
72350
72407
72443
72446
72448
72475
72482
72503
72528
72578
72614
72619
72622
72628
72644
72649
72653
72671
72685
72685
72696
72734
72742
72781
72785
72799
72807
72824
72843
72882
72889
72892
72904
72934
72973
72975
72993
72996
73050
73065
73083
73099
73105
73107
73111
73115
73149
73167
73168
73183
73196
73198
73220
73255
73293
73332
73355
73366
73396
73405
73426
73440
73446
73462
73463
73476
73478
73485
73492
73549
73556
73630
73633
73634
73639
73644
73672
73701
73705
73715
73764
73793
73794
73832
73859
73869
73873
73900
73906
73929
73942
73960
73975
73989
73999
74011
74022
74033
74056
74135
74170
74196
74208
74221
74224
74227
74230
74231
74242
74247
74248
74268
74274
74288
74305
74326
74345
74345
74351
74355
74371
74374
74484
74517
74548
74567
74636
74638
74718
74722
74730
74731
74752
74770
74777
74806
74841
74853
74901
74902
74905
74933
74966
74988
75024
75045
75047
75047
75078
75106
75125
75145
75150
75177
75192
75207
75219
75287
75315
75317
75325
75351
75406
75410
75414
75421
75426
75429
75430
75431
75451
75563
75612
75628
75630
75636
75637
75679
75718
75719
75721
75744
75749
75749
75762
75788
75791
75814
75842
75916
75938
75946
75954
75957
75979
75983
76001
76005
76014
76023
76044
76052
76115
76147
76174
76192
76225
76259
76306
76312
76323
76337
76362
76380
76407
76408
76429
76488
76493
76551
76580
76598
76626
76626
76677
76699
76704
76721
76744
76747
76811
76816
76823
76833
76865
76966
76966
76986
76986
76986
76999
77031
77033
77062
77083
77118
77155
77163
77185
77239
77242
77243
77247
77298
77331
77348
77355
77358
77375
77383
77399
77407
77408
77453
77464
77481
77500
77504
77523
77524
77525
77537
77559
77560
77567
77575
77589
77601
77643
77671
77678
77730
77751
77786
77787
77797
77800
77811
77811
77827
77831
77840
77856
77915
77916
77931
77954
77967
77984
78003
78030
78040
78046
78047
78068
78077
78086
78122
78164
78169
78170
78183
78191
78198
78217
78217
78223
78238
78258
78315
78322
78350
78354
78357
78383
78384
78391
78411
78456
78469
78502
78515
78527
78550
78581
78606
78618
78657
78675
78728
78737
78744
78756
78804
78824
78830
78859
78874
78876
78880
78910
78943
78954
78958
78960
78970
78998
79012
79018
79037
79041
79066
79105
79108
79121
79193
79202
79223
79255
79292
79321
79332
79371
79413
79454
79518
79526
79559
79568
79570
79587
79609
79643
79654
79663
79668
79682
79706
79746
79769
79802
79806
79815
79835
79859
79886
79935
79949
79966
79973
80011
80058
80071
80082
80084
80109
80162
80185
80209
80218
80226
80267
80277
80288
80300
80310
80311
80311
80319
80347
80360
80388
80391
80418
80419
80434
80475
80499
80505
80518
80530
80533
80569
80578
80580
80587
80590
80625
80670
80671
80682
80685
80689
80707
80712
80735
80737
80750
80754
80809
80835
80870
80918
80920
80977
81015
81023
81023
81033
81039
81045
81048
81056
81065
81076
81101
81111
81123
81137
81137
81163
81165
81167
81226
81239
81287
81290
81313
81315
81319
81337
81359
81367
81379
81380
81401
81426
81447
81474
81474
81526
81534
81544
81555
81572
81580
81590
81613
81646
81670
81672
81681
81691
81695
81720
81785
81816
81827
81831
81841
81849
81884
81890
81907
81924
81936
81949
81980
81991
82017
82019
82026
82034
82037
82043
82046
82053
82072
82095
82095
82101
82164
82174
82182
82192
82209
82213
82219
82269
82286
82429
82457
82457
82461
82473
82490
82497
82595
82597
82603
82663
82676
82704
82737
82746
82776
82786
82789
82816
82834
82858
82860
82877
82880
82883
82939
82944
83001
83004
83028
83062
83066
83073
83085
83086
83091
83122
83123
83131
83145
83168
83169
83247
83260
83262
83286
83336
83341
83359
83363
83378
83380
83385
83390
83391
83427
83429
83440
83450
83453
83474
83482
83484
83486
83532
83545
83589
83674
83689
83742
83772
83775
83777
83784
83797
83845
83883
83892
83898
83932
83945
83961
83993
84064
84073
84118
84156
84217
84231
84233
84297
84353
84375
84380
84423
84457
84469
84481
84529
84552
84559
84566
84583
84588
84644
84650
84659
84669
84738
84740
84752
84756
84773
84822
84838
84908
84913
84929
84945
84996
85018
85032
85043
85053
85125
85127
85149
85153
85158
85160
85169
85193
85196
85209
85227
85267
85276
85294
85349
85352
85353
85359
85364
85377
85388
85407
85410
85468
85477
85489
85499
85503
85525
85534
85597
85641
85654
85675
85681
85696
85713
85713
85714
85757
85762
85762
85766
85775
85792
85801
85809
85829
85839
85883
85916
85916
85967
85968
85990
86073
86129
86135
86174
86198
86200
86214
86241
86243
86274
86274
86290
86321
86332
86401
86428
86436
86475
86476
86477
86487
86566
86581
86588
86612
86640
86650
86685
86721
86738
86777
86782
86784
86798
86800
86807
86881
86955
86965
87024
87046
87052
87073
87074
87084
87120
87121
87168
87177
87196
87222
87276
87303
87314
87336
87394
87400
87410
87441
87466
87488
87493
87514
87578
87592
87620
87625
87636
87642
87670
87688
87696
87720
87725
87726
87782
87788
87800
87830
87862
87928
87939
87947
87984
87996
88034
88049
88059
88059
88071
88100
88101
88118
88137
88151
88155
88184
88190
88200
88222
88225
88233
88256
88258
88269
88270
88274
88280
88293
88321
88352
88359
88360
88384
88404
88407
88421
88423
88438
88454
88494
88567
88592
88597
88619
88634
88642
88648
88669
88676
88690
88700
88720
88727
88735
88749
88753
88756
88780
88816
88817
88833
88856
88901
88915
88937
88948
88952
88963
88976
88981
89003
89052
89053
89065
89083
89106
89112
89115
89131
89135
89142
89143
89153
89194
89239
89242
89320
89331
89341
89341
89369
89379
89381
89390
89412
89452
89472
89479
89521
89524
89527
89538
89548
89567
89579
89584
89593
89662
89664
89674
89694
89699
89710
89711
89730
89733
89741
89772
89776
89793
89799
89801
89814
89824
89825
89827
89833
89863
89916
89920
89945
89956
89959
90041
90065
90086
90105
90106
90130
90153
90165
90192
90203
90212
90223
90242
90255
90267
90271
90276
90280
90288
90302
90333
90349
90364
90368
90374
90377
90379
90388
90405
90409
90410
90433
90443
90518
90542
90571
90574
90576
90623
90648
90668
90668
90692
90701
90709
90729
90759
90785
90789
90884
90889
90892
90894
90909
90923
90923
90943
90959
90959
90964
90984
91022
91088
91099
91107
91185
91208
91270
91327
91360
91363
91368
91384
91398
91408
91412
91431
91452
91462
91475
91482
91496
91498
91519
91540
91574
91575
91596
91603
91622
91625
91637
91668
91703
91711
91754
91837
91875
91878
91884
91887
91907
91907
91918
91919
91925
91934
91944
91944
91992
91993
92017
92023
92038
92050
92052
92064
92081
92085
92106
92107
92117
92123
92164
92164
92201
92209
92250
92250
92266
92293
92309
92319
92350
92363
92390
92412
92425
92427
92430
92438
92443
92478
92545
92561
92570
92612
92620
92631
92643
92712
92717
92719
92720
92740
92743
92766
92815
92821
92834
92858
92873
92883
92887
92896
92921
92965
92993
93003
93016
93053
93064
93066
93078
93083
93096
93104
93121
93141
93180
93192
93234
93237
93307
93309
93331
93332
93349
93363
93379
93392
93413
93417
93462
93482
93539
93619
93640
93643
93668
93671
93679
93694
93696
93782
93783
93799
93808
93862
93905
93918
93930
93931
93947
93988
94003
94017
94027
94044
94046
94094
94115
94146
94153
94157
94181
94190
94203
94219
94224
94225
94269
94280
94314
94326
94352
94354
94370
94385
94395
94405
94407
94408
94427
94433
94497
94498
94535
94589
94599
94658
94712
94720
94721
94732
94765
94788
94809
94822
94913
94931
94933
94997
95001
95009
95014
95016
95063
95077
95087
95110
95138
95138
95158
95165
95202
95240
95256
95294
95305
95322
95330
95335
95355
95368
95394
95409
95439
95463
95473
95498
95518
95523
95566
95587
95643
95658
95686
95691
95722
95724
95744
95744
95769
95795
95819
95840
95849
95896
95914
95935
95979
96014
96057
96084
96088
96128
96131
96144
96158
96170
96175
96179
96197
96213
96236
96276
96320
96336
96343
96349
96457
96476
96491
96496
96510
96531
96534
96535
96589
96592
96604
96607
96639
96657
96667
96670
96756
96792
96814
96819
96827
96830
96844
96849
96859
96863
96876
96876
96887
96897
96907
96921
96926
96963
96975
96976
96977
96981
97012
97022
97057
97071
97073
97101
97114
97172
97210
97226
97246
97279
97345
97350
97357
97374
97442
97460
97509
97537
97554
97567
97567
97572
97573
97581
97616
97631
97635
97642
97643
97657
97663
97713
97724
97726
97728
97753
97826
97847
97849
97852
97866
97912
97922
97946
97948
97991
97993
98003
98006
98019
