28
30
43
92
136
149
157
188
198
217
218
268
275
298
329
329
343
348
354
380
386
395
421
425
450
469
480
483
487
488
528
528
561
561
598
619
622
644
649
704
753
775
779
781
781
797
798
798
801
825
829
831
839
856
893
895
901
921
928
940
943
968
971
972
1019
1042
1063
1072
1081
1087
1108
1108
1109
1115
1120
1135
1141
1155
1198
1205
1229
1232
1240
1261
1264
1275
1284
1289
1307
1332
1332
1350
1351
1352
1398
1434
1477
1508
1524
1561
1570
1591
1599
1632
1656
1699
1700
1735
1748
1769
1787
1788
1793
1841
1865
1869
1871
1887
1901
1916
1918
1919
1922
1934
1952
1954
1963
1980
1981
1982
1983
1990
2029
2030
2032
2039
2068
2072
2090
2114
2115
2116
2119
2122
2125
2127
2128
2140
2147
2179
2192
2215
2215
2225
2230
2234
2237
2259
2282
2332
2344
2352
2363
2373
2380
2391
2398
2411
2430
2443
2458
2458
2473
2493
2516
2532
2547
2608
2619
2630
2633
2646
2678
2687
2699
2701
2714
2720
2739
2758
2800
2819
2828
2829
2837
2840
2854
2855
2864
2866
2880
2892
2899
2951
2983
2991
2995
3008
3069
3108
3123
3141
3142
3159
3176
3177
3180
3205
3236
3247
3255
3272
3273
3278
3281
3290
3299
3311
3311
3324
3336
3343
3350
3351
3356
3363
3380
3383
3384
3391
3420
3432
3443
3449
3458
3462
3480
3515
3545
3572
3572
3592
3600
3606
3610
3613
3644
3657
3680
3709
3710
3716
3718
3724
3743
3760
3840
3846
3846
3862
3863
3867
3886
3903
3920
3921
3951
3952
3961
3964
3983
3988
3993
4016
4036
4044
4051
4055
4067
4069
4103
4116
4136
4138
4153
4157
4158
4173
4180
4230
4249
4271
4280
4282
4287
4294
4306
4326
4329
4341
4367
4395
4398
4415
4453
4469
4471
4482
4497
4497
4498
4545
4552
4581
4588
4602
4613
4620
4655
4664
4684
4690
4692
4735
4754
4754
4782
4788
4788
4797
4820
4839
4849
4855
4877
4887
4902
4939
4945
4949
4977
5030
5030
5065
5074
5085
5088
5090
5090
5090
5094
5146
5150
5151
5164
5166
5166
5185
5192
5193
5198
5199
5238
5270
5285
5291
5291
5309
5309
5329
5329
5335
5347
5348
5371
5387
5391
5410
5413
5414
5425
5482
5490
5521
5530
5530
5564
5610
5620
5626
5645
5657
5662
5670
5693
5694
5709
5752
5753
5759
5764
5764
5764
5802
5806
5833
5835
5837
5838
5838
5858
5897
5916
5922
5946
5960
5967
5976
5978
5982
5987
5988
6001
6008
6025
6063
6138
6140
6140
6144
6146
6154
6157
6180
6213
6229
6233
6242
6264
6265
6272
6272
6273
6280
6301
6309
6311
6327
6348
6400
6422
6427
6455
6466
6471
6477
6486
6497
6498
6513
6527
6530
6570
6580
6589
6599
6613
6618
6627
6638
6638
6649
6659
6677
6687
6721
6722
6728
6738
6753
6754
6778
6811
6820
6830
6834
6840
6894
6913
6919
6921
6927
6938
6939
6960
6961
6980
6982
7005
7019
7056
7057
7061
7074
7083
7083
7116
7127
7133
7136
7142
7146
7151
7155
7157
7157
7161
7173
7206
7222
7230
7238
7240
7241
7242
7243
7244
7246
7257
7260
7266
7269
7289
7295
7296
7296
7310
7313
7327
7335
7337
7353
7371
7390
7392
7402
7428
7438
7442
7442
7449
7450
7453
7465
7467
7471
7474
7476
7502
7504
7507
7509
7511
7514
7517
7522
7530
7542
7545
7547
7550
7552
7552
7556
7570
7575
7577
7587
7625
7647
7649
7652
7660
7664
7667
7668
7675
7681
7684
7708
7718
7749
7758
7773
7778
7779
7814
7815
7844
7850
7870
7870
7893
7896
7900
7901
7902
7908
7909
7921
7936
7940
7940
7942
7945
7953
7976
7988
8026
8030
8032
8042
8059
8084
8085
8091
8091
8107
8107
8109
8115
8137
8151
8156
8156
8179
8216
8236
8269
8280
8281
8292
8307
8313
8318
8331
8348
8372
8376
8382
8389
8390
8390
8402
8403
8407
8411
8413
8421
8423
8441
8455
8459
8461
8466
8495
8496
8511
8516
8529
8537
8559
8560
8564
8570
8581
8582
8591
8598
8604
8604
8609
8617
8649
8655
8688
8689
8696
8701
8710
8720
8723
8785
8802
8813
8825
8833
8843
8878
8881
8885
8889
8916
8935
8939
8958
8971
8983
9004
9008
9009
9013
9030
9039
9039
9045
9046
9062
9073
9081
9087
9099
9107
9115
9129
9129
9148
9153
9158
9178
9184
9197
9210
9219
9237
9239
9250
9256
9258
9267
9273
9278
9283
9291
9301
9311
9312
9322
9332
9334
9337
9345
9355
9357
9361
9371
9379
9419
9430
9443
9452
9462
9473
9480
9509
9525
9535
9540
9576
9580
9581
9582
9583
9595
9605
9610
9610
9629
9636
9641
9654
9660
9661
9691
9705
9733
9739
9740
9743
9772
9786
9796
9833
9834
9840
9853
9865
9891
9907
9914
9923
9928
9938
9938
9943
9951
9961
9961
9968
9978
9983
9997
9998
10004
10016
10016
10027
10029
10032
10033
10047
10049
10052
10065
10073
10083
10084
10106
10113
10115
10127
10136
10137
10142
10143
10149
10150
10163
10167
10175
10175
10175
10182
10189
10194
10196
10201
10206
10211
10212
10236
10279
10286
10292
10302
10307
10318
10344
10371
10389
10405
10411
10421
10429
10436
10439
10450
10465
10483
10516
10523
10524
10551
10551
10553
10556
10572
10573
10575
10581
10582
10593
10600
10605
10621
10627
10653
10655
10663
10676
10681
10696
10701
10706
10714
10721
10731
10739
10790
10798
10818
10823
10827
10874
10879
10898
10960
10966
10985
10990
10991
10996
11007
11017
11029
11051
11067
11081
11095
11110
11129
11138
11145
11152
11154
11179
11195
11201
11210
11222
11230
11242
11258
11300
11304
11308
11311
11355
11360
11361
11384
11386
11386
11390
11393
11407
11412
11416
11431
11456
11465
11466
11468
11469
11498
11500
11504
11513
11525
11532
11540
11541
11542
11556
11562
11563
11567
11572
11586
11595
11598
11600
11619
11632
11639
11655
11696
11696
11707
11708
11711
11711
11718
11719
11732
11761
11769
11777
11790
11797
11803
11814
11814
11816
11831
11839
11842
11844
11847
11851
11867
11870
11879
11884
11905
11921
11950
11960
11990
11996
12006
12018
12021
12021
12025
12046
12078
12080
12089
12103
12105
12105
12148
12176
12179
12184
12185
12190
12208
12214
12226
12227
12229
12236
12262
12268
12287
12291
12299
12299
12304
12304
12306
12322
12332
12333
12341
12362
12392
12393
12394
12397
12414
12423
12471
12481
12505
12517
12518
12523
12565
12590
12595
12610
12611
12619
12646
12653
12656
12745
12747
12774
12781
12784
12791
12803
12815
12819
12837
12838
12867
12868
12880
12888
12907
12908
12908
12913
12920
12926
12927
12931
12939
12941
12948
12994
12996
12999
13005
13010
13020
13024
13029
13033
13036
13054
13069
13111
13123
13128
13141
13183
13189
13194
13201
13206
13207
13218
13237
13243
13247
13247
13265
13282
13298
13306
13316
13323
13340
13354
13354
13372
13385
13402
13405
13425
13433
13437
13441
13451
13455
13466
13476
13482
13533
13544
13548
13550
13554
13587
13600
13623
13638
13653
13664
13669
13679
13680
13681
13682
13685
13688
13690
13700
13705
13706
13708
13711
13739
13746
13746
13752
13762
13769
13794
13799
13804
13808
13835
13891
13898
13905
13918
13920
13924
13927
13947
13956
13990
14004
14008
14024
14031
14038
14044
14046
14056
14058
14059
14068
14077
14098
14149
14161
14179
14195
14199
14215
14236
14251
14301
14319
14339
14341
14350
14351
14359
14361
14367
14413
14437
14446
14450
14480
14481
14557
14577
14612
14637
14639
14645
14668
14696
14702
14709
14721
14727
14731
14779
14795
14803
14827
14853
14878
14879
14887
14892
14894
14895
14903
14917
14927
14933
14955
14956
14966
14975
14984
15009
15023
15025
15031
15031
15035
15057
15060
15066
15100
15108
15113
15114
15117
15117
15126
15127
15138
15151
15157
15171
15187
15191
15209
15219
15221
15226
15248
15266
15287
15299
15302
15334
15352
15352
15369
15379
15383
15384
15391
15406
15407
15422
15463
15468
15479
15483
15483
15486
15501
15514
15533
15535
15556
15563
15568
15582
15584
15594
15595
15604
15605
15616
15625
15635
15640
15643
15646
15650
15666
15670
15689
15706
15711
15721
15746
15764
15776
15793
15845
15847
15856
15882
15893
15904
15914
15917
15941
15953
15955
15972
15973
15979
15996
15998
16004
16005
16012
16030
16032
16040
16055
16056
16075
16080
16107
16107
16108
16110
16112
16116
16121
16131
16134
16137
16147
16149
16150
16159
16162
16169
16180
16180
16186
16192
16196
16210
16215
16221
16254
16254
16259
16268
16277
16278
16285
16287
16288
16288
16315
16320
16321
16351
16354
16359
16359
16368
16377
16394
16395
16403
16438
16441
16455
16464
16497
16516
16520
16523
16525
16525
16530
16538
16542
16555
16560
16578
16584
16598
16602
16608
16608
16659
16661
16677
16713
16717
16721
16726
16727
16728
16733
16735
16738
16739
16742
16765
16766
16774
16775
16784
16790
16793
16796
16819
16822
16836
16840
16847
16848
16852
16863
16893
16925
16942
16955
16964
16975
16977
16983
16988
16999
17001
17003
17009
17019
17029
17039
17041
17045
17066
17067
17075
17135
17137
17147
17163
17164
17164
17168
17198
17201
17208
17218
17223
17228
17232
17235
17246
17248
17267
17271
17302
17303
17309
17317
17319
17321
17329
17349
17367
17385
17391
17397
17398
17405
17406
17416
17427
17428
17430
17441
17446
17454
17468
17480
17481
17492
17493
17495
17502
17522
17524
17525
17535
17547
17555
17559
17577
17582
17586
17610
17617
17618
17620
17632
17637
17650
17651
17659
17677
17686
17690
17712
17716
17722
17723
17736
17756
17766
17772
17772
17783
17787
17791
17808
17829
17839
17854
17858
17878
17882
17904
17918
17942
17954
17957
17971
17974
17974
17974
17989
17998
18007
18014
18018
18030
18047
18048
18051
18057
18059
18068
18083
18087
18093
18093
18122
18124
18130
18146
18171
18188
18196
18199
18204
18208
18232
18266
18275
18275
18276
18290
18293
18296
18319
18356
18366
18366
18369
18377
18378
18379
18390
18393
18405
18408
18428
18430
18440
18446
18470
18483
18487
18531
18533
18540
18562
18568
18572
18586
18595
18597
18609
18615
18618
18618
18619
18620
18628
18633
18645
18652
18668
18672
18680
18680
18684
18698
18704
18705
18709
18717
18720
18726
18732
18762
18777
18787
18801
18801
18809
18809
18813
18813
18819
18833
18845
18845
18847
18848
18852
18857
18860
18863
18866
18880
18882
18914
18930
18940
18942
18951
18960
18964
18964
18975
18978
18985
18989
18994
19008
19019
19039
19044
19067
19075
19079
19092
19094
19123
19133
19133
19134
19145
19150
19161
19178
19190
19192
19196
19202
19232
19258
19279
19285
19297
19299
19315
19336
19342
19343
19353
19356
19357
19359
19361
19379
19394
19395
19398
19405
19414
19418
19421
19441
19454
19455
19464
19479
19486
19494
19496
19497
19506
19513
19513
19536
19541
19547
19552
19557
19569
19569
19577
19581
19590
19593
19622
19636
19643
19665
19691
19701
19709
19715
19734
19743
19748
19762
19763
19766
19770
19774
19779
19795
19801
19806
19810
19811
19820
19872
19905
19905
19914
19917
19922
19930
19931
19932
19935
19942
19947
19965
19997
20003
20005
20016
20027
20030
20044
20047
20052
20070
20074
20079
20089
20099
20100
20111
20145
20149
20151
20155
20161
20168
20171
20177
20221
20231
20232
20246
20250
20263
20271
20273
20274
20275
20281
20303
20305
20309
20318
20337
20339
20353
20361
20369
20371
20372
20391
20410
20429
20434
20450
20453
20472
20476
20491
20504
20506
20507
20515
20527
20528
20529
20539
20555
20563
20571
20578
20580
20597
20601
20613
20625
20641
20676
20677
20699
20701
20708
20714
20729
20763
20770
20771
20773
20787
20791
20803
20804
20808
20810
20821
20828
20832
20840
20860
20863
20869
20880
20885
20887
20899
20899
20901
20905
20906
20906
20917
20925
20930
20935
20944
20945
20950
20956
20959
20961
20983
20990
21019
21024
21024
21027
21034
21043
21055
21057
21063
21076
21083
21086
21100
21106
21146
21188
21198
21202
21203
21211
21217
21219
21228
21232
21240
21247
21254
21265
21294
21295
21316
21320
21321
21326
21335
21336
21339
21340
21361
21368
21374
21382
21386
21429
21429
21431
21432
21439
21441
21448
21465
21470
21470
21480
21485
21524
21524
21534
21535
21549
21550
21555
21558
21562
21593
21598
21603
21613
21615
21626
21651
21663
21666
21681
21684
21695
21696
21701
21703
21706
21712
21722
21727
21727
21769
21774
21781
21795
21821
21822
21828
21836
21839
21864
21872
21909
21913
21915
21934
21961
21963
21966
21970
21977
21986
21999
22013
22023
22029
22054
22066
22066
22072
22090
22105
22108
22129
22138
22160
22163
22179
22183
22205
22209
22212
22215
22232
22235
22245
22246
22251
22259
22265
22267
22268
22281
22288
22291
22293
22293
22295
22308
22309
22311
22312
22326
22327
22329
22336
22348
22352
22356
22383
22386
22387
22390
22397
22417
22427
22428
22435
22443
22460
22469
22508
22528
22535
22536
22540
22544
22563
22567
22578
22582
22601
22612
22626
22639
22645
22657
22667
22680
22698
22700
22702
22709
22709
22712
22732
22743
22747
22752
22753
22775
22782
22789
22804
22813
22825
22828
22829
22832
22833
22858
22872
22891
22921
22922
22941
22950
22959
22961
22961
22991
22992
23003
23004
23015
23022
23025
23030
23040
23064
23077
23088
23101
23110
23124
23156
23185
23192
23199
23204
23208
23214
23222
23230
23237
23239
23241
23254
23259
23272
23279
23284
23293
23299
23328
23329
23344
23347
23367
23370
23379
23402
23423
23438
23440
23443
23452
23460
23489
23498
23501
23503
23537
23542
23542
23543
23549
23558
23560
23568
23572
23576
23580
23624
23629
23643
23653
23653
23654
23655
23659
23671
23679
23687
23691
23696
23699
23700
23704
23707
23741
23743
23748
23791
23817
23821
23824
23826
23850
23883
23966
23978
23985
24013
24014
24021
24033
24042
24061
24079
24094
24101
24110
24112
24122
24164
24178
24205
24208
24208
24222
24238
24240
24244
24255
24263
24287
24288
24363
24390
24391
24403
24421
24425
24430
24441
24444
24456
24471
24481
24497
24500
24511
24541
24557
24564
24580
24595
24617
24652
24675
24675
24682
24686
24689
24709
24731
24738
24739
24740
24743
24747
24748
24800
24802
24804
24805
24812
24827
24866
24871
24886
24886
24892
24892
24898
24901
24912
24960
24978
25008
25012
25013
25017
25018
25027
25029
25055
25060
25065
25067
25070
25073
25074
25080
25089
25122
25128
25171
25180
25191
25195
25225
25241
25272
25277
25278
25280
25288
25300
25302
25302
25317
25341
25346
25346
25347
25348
25353
25364
25393
25397
25436
25450
25473
25484
25496
25530
25532
25540
25577
25595
25602
25613
25615
25623
25633
25637
25638
25682
25687
25690
25703
25716
25744
25745
25748
25749
25759
25759
25761
25763
25765
25768
25787
25808
25839
25847
25850
25853
25859
25865
25868
25882
25886
25890
25905
25918
25935
25941
25948
25950
25950
25951
25959
25972
25987
25989
25998
26010
26013
26028
26032
26043
26046
26053
26054
26063
26072
26102
26117
26140
26144
26150
26152
26153
26157
26158
26158
26186
26204
26228
26243
26259
26262
26284
26317
26321
26331
26335
26365
26373
26378
26384
26389
26403
26419
26426
26427
26445
26459
26474
26474
26477
26478
26484
26492
26503
26508
26511
26527
26537
26538
26548
26551
26557
26595
26596
26611
26619
26633
26637
26637
26639
26644
26650
26667
26694
26698
26701
26717
26721
26738
26741
26759
26768
26783
26792
26806
26810
26822
26826
26829
26838
26840
26854
26856
26859
26877
26883
26900
26907
26909
26909
26936
26944
26962
26965
26967
26969
26971
26976
26978
26988
26999
27006
27009
27048
27050
27061
27070
27083
27086
27088
27090
27096
27111
27137
27151
27153
27187
27189
27192
27196
27210
27216
27223
27234
27237
27250
27263
27270
27273
27276
27291
27306
27307
27319
27330
27354
27367
27373
27375
27375
27379
27395
27402
27403
27438
27445
27483
27495
27499
27512
27519
27527
27567
27572
27584
27602
27612
27616
27618
27628
27629
27630
27632
27637
27641
27657
27672
27674
27682
27687
27706
27711
27713
27734
27736
27739
27739
27741
27745
27755
27779
27815
27832
27833
27872
27883
27886
27914
27920
27976
27977
27995
27997
28003
28005
28006
28007
28039
28045
28052
28060
28080
28090
28124
28141
28142
28158
28163
28169
28202
28206
28211
28225
28230
28241
28251
28252
28293
28304
28350
28364
28367
28375
28380
28387
28401
28406
28424
28455
28462
28468
28486
28494
28513
28541
28542
28549
28553
28576
28587
28594
28597
28600
28609
28609
28610
28613
28653
28662
28672
28694
28697
28702
28706
28711
28717
28725
28736
28736
28740
28756
28765
28766
28769
28780
28793
28794
28815
28827
28838
28841
28870
28881
28892
28892
28900
28907
28909
28909
28916
28923
28930
28940
28942
28945
28952
28959
28969
28970
28997
29004
29006
29009
29030
29044
29048
29056
29083
29088
29089
29096
29107
29108
29111
29185
29195
29204
29204
29210
29218
29227
29229
29236
29244
29261
29281
29281
29296
29298
29302
29310
29312
29315
29327
29329
29332
29364
29368
29373
29378
29386
29406
29416
29418
29419
29453
29457
29469
29473
29479
29481
29482
29494
29507
29507
29520
29522
29533
29541
29545
29564
29565
29567
29572
29580
29589
29591
29591
29593
29607
29607
29614
29650
29653
29658
29663
29680
29696
29697
29701
29704
29706
29713
29714
29724
29737
29747
29760
29770
29773
29777
29781
29788
29796
29801
29808
29813
29815
29824
29849
29868
29878
29878
29879
29896
29898
29986
29990
29991
29991
30007
30011
30013
30016
30017
30019
30028
30030
30035
30039
30040
30050
30082
30085
30111
30114
30126
30128
30144
30157
30159
30160
30184
30184
30214
30221
30236
30246
30260
30262
30263
30295
30300
30312
30324
30329
30329
30345
30345
30350
30379
30393
30411
30422
30425
30433
30435
30451
30454
30455
30467
30470
30492
30505
30516
30524
30563
30572
30579
30580
30582
30602
30634
30643
30644
30646
30667
30713
30727
30783
30785
30799
30812
30825
30826
30864
30889
30892
30898
30926
30929
30957
30967
30972
30986
31003
31005
31006
31009
31023
31023
31024
31049
31077
31093
31100
31106
31117
31123
31134
31136
31147
31170
31170
31211
31212
31222
31245
31250
31257
31261
31265
31287
31300
31302
31328
31337
31354
31355
31356
31360
31362
31370
31385
31400
31410
31449
31457
31462
31481
31508
31521
31537
31540
31540
31546
31552
31553
31561
31563
31569
31571
31588
31595
31601
31602
31606
31621
31631
31633
31637
31637
31649
31658
31665
31668
31702
31704
31709
31713
31714
31730
31733
31741
31747
31754
31755
31757
31765
31768
31769
31787
31803
31806
31820
31878
31879
31887
31894
31902
31905
31906
31911
31913
31916
31924
31928
31940
31944
31956
31958
31970
31971
31974
31976
31999
32023
32032
32036
32040
32041
32041
32051
32067
32076
32098
32103
32104
32113
32116
32124
32127
32150
32152
32154
32161
32163
32168
32169
32170
32181
32183
32193
32207
32217
32220
32228
32229
32233
32240
32255
32265
32270
32285
32301
32307
32312
32316
32330
32332
32332
32336
32344
32355
32361
32370
32371
32377
32381
32384
32405
32405
32407
32421
32437
32441
32445
32480
32496
32499
32501
32503
32505
32506
32534
32559
32560
32564
32583
32601
32604
32610
32615
32621
32632
32644
32646
32654
32684
32687
32718
32719
32729
32736
32739
32768
32768
32780
32789
32791
32802
32808
32813
32818
32824
32833
32851
32852
32853
32858
32871
32900
32914
32924
32931
32934
32944
32946
32949
33012
33029
33041
33063
33075
33085
33105
33111
33142
33145
33188
33189
33191
33192
33193
33220
33247
33259
33270
33284
33285
33295
33299
33310
33329
33358
33359
33361
33362
33391
33399
33400
33405
33409
33411
33418
33441
33447
33456
33478
33480
33481
33498
33505
33507
33532
33544
33575
33641
33668
33669
33730
33801
33804
33826
33909
33956
34037
34050
34056
34065
34108
34139
34139
34145
34157
34158
34192
34220
34245
34290
34344
34345
34381
34390
34397
34422
34476
34493
34519
34545
34556
34557
34562
34567
34572
34573
34573
34577
34588
34591
34591
34591
34604
34613
34619
34629
34636
34642
34649
34658
34665
34700
34704
34717
34719
34723
34756
34758
34769
34780
34785
34798
34803
34805
34849
34854
34856
34871
34922
34924
34939
34940
34955
34958
34970
34995
35003
35005
35012
35029
35056
35061
35071
35101
35111
35113
35131
35132
35134
35150
35154
35156
35188
35198
35201
35210
35229
35244
35245
35257
35306
35308
35309
35322
35328
35335
35335
35349
35355
35369
35382
35383
35384
35395
35404
35418
35436
35469
35470
35471
35476
35480
35488
35533
35534
35542
35545
35552
35564
35606
35632
35636
35645
35648
35648
35652
35656
35704
35710
35715
35718
35723
35767
35794
35807
35811
35812
35825
35842
35852
35864
35880
35907
35917
35919
35934
35937
35938
35955
35955
35961
35963
35970
35982
35992
36008
36012
36030
36030
36039
36045
36059
36089
36099
36100
36107
36108
36115
36123
36127
36127
36145
36156
36171
36173
36176
36189
36213
36214
36230
36233
36250
36257
36263
36270
36271
36271
36284
36336
36344
36345
36346
36351
36352
36354
36356
36372
36387
36401
36405
36407
36414
36423
36427
36438
36440
36463
36471
36494
36494
36503
36519
36542
36581
36588
36589
36592
36594
36602
36612
36622
36628
36632
36639
36640
36646
36654
36659
36673
36691
36698
36718
36720
36729
36762
36769
36770
36770
36786
36788
36798
36814
36822
36841
36848
36854
36880
36889
36891
36909
36941
36943
36947
36952
36953
36966
36982
36988
37003
37033
37042
37043
37050
37054
37057
37086
37092
37124
37146
37157
37159
37164
37172
37174
37176
37195
37224
37225
37233
37257
37258
37259
37274
37276
37280
37302
37321
37322
37325
37328
37334
37347
37351
37363
37365
37382
37387
37406
37421
37422
37466
37492
37501
37501
37512
37530
37537
37551
37584
37586
37591
37598
37602
37608
37614
37615
37616
37635
37639
37644
37646
37667
37668
37680
37691
37710
37717
37728
37730
37739
37754
37762
37781
37787
37787
37800
37813
37816
37816
37820
37821
37832
37843
37863
37863
37904
37925
37948
37963
37974
37976
37992
37994
37995
38016
38018
38023
38024
38033
38040
38040
38074
38101
38107
38111
38112
38127
38128
38134
38136
38148
38168
38174
38179
38179
38193
38226
38236
38239
38255
38260
38261
38264
38274
38279
38289
38319
38320
38356
38405
38407
38411
38413
38434
38436
38455
38460
38482
38489
38493
38501
38504
38535
38537
38546
38558
38562
38571
38574
38576
38600
38624
38633
38635
38653
38665
38686
38688
38699
38702
38728
38738
38746
38747
38750
38750
38751
38755
38769
38773
38791
38808
38809
38831
38864
38885
38886
38891
38894
38899
38933
38951
38953
38956
38956
38972
38978
38982
38986
38997
39002
39014
39022
39035
39050
39056
39062
39066
39076
39083
39083
39086
39111
39182
39185
39187
39189
39207
39208
39225
39253
39262
39264
39267
39270
39281
39284
39293
39293
39315
39318
39332
39334
39340
39344
39350
39352
39373
39374
39375
39377
39382
39382
39388
39392
39408
39417
39418
39421
39429
39452
39466
39469
39469
39478
39500
39503
39524
39526
39526
39532
39532
39533
39533
39544
39559
39576
39577
39578
39605
39611
39616
39621
39622
39625
39630
39647
39652
39657
39660
39679
39684
39694
39696
39701
39706
39715
39715
39725
39730
39743
39744
39750
39763
39768
39772
39785
39786
39792
39815
39816
39821
39829
39832
39843
39849
39873
39881
39915
39915
39933
39936
39975
39976
39981
40019
40025
40029
40048
40060
40081
40089
40100
40124
40140
40145
40148
40163
40176
40214
40217
40217
40219
40224
40230
40240
40246
40256
40265
40271
40291
40301
40314
40325
40328
40336
40342
40344
40354
40371
40380
40383
40387
40395
40401
40415
40422
40435
40439
40443
40449
40450
40453
40466
40467
40469
40469
40502
40504
40522
40528
40535
40548
40556
40576
40584
40586
40587
40590
40591
40609
40612
40622
40622
40640
40642
40646
40662
40664
40698
40711
40739
40754
40787
40792
40793
40795
40798
40829
40836
40838
40843
40846
40853
40861
40889
40936
40963
40966
40969
40969
40971
40976
40978
40992
40994
41008
41013
41018
41034
41037
41044
41073
41083
41091
41095
41099
41101
41102
41117
41140
41147
41154
41164
41169
41172
41176
41179
41185
41208
41214
41214
41215
41215
41218
41220
41234
41239
41253
41253
41295
41303
41319
41333
41336
41342
41350
41360
41361
41365
41368
41407
41409
41431
41446
41460
41462
41473
41503
41509
41519
41523
41525
41531
41532
41540
41546
41574
41577
41578
41589
41600
41602
41604
41605
41606
41623
41630
41677
41684
41694
41709
41710
41712
41734
41741
41747
41748
41757
41761
41766
41768
41774
41792
41796
41820
41822
41823
41825
41830
41833
41842
41851
41854
41866
41874
41874
41878
41883
41886
41891
41902
41903
41903
41906
41929
41948
41968
41974
41974
41990
42006
42015
42026
42030
42037
42048
42055
42071
42072
42101
42110
42112
42113
42135
42153
42168
42187
42196
42204
42207
42207
42213
42215
42220
42237
42241
42249
42273
42275
42289
42307
42309
42343
42351
42359
42364
42368
42370
42376
42406
42422
42422
42436
42442
42445
42457
42463
42465
42475
42480
42484
42511
42512
42528
42529
42535
42539
42549
42549
42562
42573
42576
42578
42591
42592
42598
42602
42607
42619
42641
42643
42647
42648
42663
42675
42678
42693
42709
42712
42721
42745
42751
42751
42760
42776
42787
42807
42810
42816
42823
42826
42836
42841
42842
42851
42876
42883
42884
42896
42897
42906
42911
42932
42941
42945
42945
42948
42957
42961
42963
42964
42964
42966
42976
42979
42987
42991
42993
43000
43003
43003
43007
43010
43032
43053
43057
43061
43072
43075
43083
43108
43118
43134
43145
43163
43177
43180
43187
43215
43226
43228
43231
43241
43252
43290
43306
43306
43309
43317
43320
43324
43332
43367
43368
43376
43393
43401
43420
43423
43430
43439
43446
43464
43465
43469
43478
43503
43521
43523
43548
43560
43562
43562
43565
43567
43593
43597
43620
43626
43642
43649
43650
43677
43679
43687
43695
43698
43698
43706
43732
43765
43765
43772
43782
43798
43804
43805
43809
43809
43825
43833
43840
43841
43856
43862
43872
43872
43875
43875
43876
43878
43901
43911
43916
43923
43928
43943
43944
43957
43958
43961
43994
44011
44013
44015
44017
44018
44019
44022
44023
44030
44051
44051
44062
44079
44089
44102
44116
44117
44128
44152
44176
44176
44183
44201
44216
44217
44225
44230
44231
44231
44234
44235
44238
44239
44256
44268
44268
44274
44276
44283
44286
44287
44290
44305
44311
44316
44323
44327
44328
44330
44335
44350
44354
44359
44367
44394
44394
44395
44400
44402
44412
44414
44424
44427
44430
44433
44433
44452
44460
44464
44470
44471
44474
44483
44490
44504
44520
44534
44559
44561
44573
44590
44594
44594
44594
44599
44631
44654
44659
44668
44670
44670
44675
44676
44678
44684
44697
44699
44701
44707
44720
44729
44733
44741
44748
44749
44752
44753
44758
44759
44763
44765
44773
44774
44786
44786
44786
44787
44797
44798
44801
44807
44818
44835
44836
44854
44861
44861
44866
44890
44897
44898
44905
44906
44915
44917
44918
44931
44953
44958
44965
44966
44972
44989
45023
45028
45034
45036
45050
45066
45083
45083
45084
45087
45112
45117
45120
45121
45140
45142
45160
45162
45165
45169
45176
45186
45187
45206
45216
45216
45232
45238
45251
45252
45274
45294
45341
45346
45348
45362
45362
45365
45365
45372
45375
45385
45407
45442
45444
45460
45525
45574
45578
45613
45614
45625
45634
45664
45680
45715
45719
45756
45757
45763
45777
45796
45837
45844
45854
45857
45869
45918
45921
45923
45932
45938
45971
45994
45995
45996
45999
46023
46049
46054
46055
46103
46120
46165
46171
46192
46194
46196
46202
46204
46245
46245
46297
46341
46386
46388
46398
46413
46446
46489
46501
46513
46515
46537
46551
46551
46565
46575
46590
46597
46598
46615
46638
46644
46674
46691
46694
46707
46717
46726
46728
46738
46742
46745
46754
46784
46822
46823
46869
46879
46882
46885
46906
46931
46935
46979
46979
47082
47098
47107
47142
47144
47179
47185
47239
47240
47246
47247
47270
47281
47292
47296
47333
47334
47365
47388
47393
47396
47399
47410
47436
47459
47464
47468
47483
47487
47514
47545
47587
47595
47598
47612
47612
47656
47693
47702
47710
47721
47728
47735
47737
47749
47814
47862
47877
47877
47885
47902
47903
47909
47916
47945
47951
47951
47952
47969
47981
47999
48010
48078
48092
48102
48111
48113
48113
48122
48124
48129
48130
48169
48170
48186
48228
48238
48242
48247
48261
48266
48273
48277
48285
48287
48306
48311
48332
48346
48371
48372
48385
48396
48403
48408
48423
48425
48437
48487
48528
48543
48559
48565
48617
48639
48643
48659
48703
48785
48798
48799
48813
48817
48825
48829
48839
48898
48901
48929
48947
48948
48956
48957
48988
48993
48996
49037
49054
49066
49073
49084
49133
49142
49145
49148
49159
49161
49229
49250
49258
49258
49316
49322
49327
49365
49373
49396
49426
49428
49435
49435
49480
49481
49490
49492
49542
49565
49598
49600
49600
49605
49638
49687
49740
49755
49816
49816
49816
49822
49859
49894
49898
49910
49923
49924
49926
49936
49942
49956
49970
49989
49995
50017
50019
50026
50036
50047
50063
50067
50076
50096
50099
50100
50109
50123
50132
50142
50143
50164
50169
50183
50187
50240
50252
50264
50296
50298
50302
50314
50320
50329
50331
50359
50384
50431
50436
50507
50572
50580
50598
50603
50605
50623
50661
50671
50673
50694
50769
50776
50777
50794
50795
50798
50798
50806
50832
50855
50858
50881
50922
50929
50938
50959
51022
51038
51047
51061
51107
51128
51130
51130
51132
51152
51160
51168
51183
51187
51201
51208
51253
51272
51287
51299
51301
51301
51307
51351
51365
51365
51383
51385
51399
51405
51408
51414
51427
51464
51470
51487
51511
51537
51542
51555
51568
51569
51599
51615
51625
51625
51628
51633
51644
51660
51674
51680
51680
51726
51736
51739
51746
51773
51781
51793
51803
51805
51815
51821
51831
51833
51835
51851
51867
51878
51889
51894
51897
51922
51930
51941
51945
51954
51960
52022
52023
52030
52031
52033
52034
52034
52034
52052
52062
52074
52082
52113
52117
52139
52159
52173
52180
52184
52194
52203
52204
52216
52223
52227
52246
52264
52293
52314
52315
52320
52324
52337
52338
52343
52344
52347
52355
52355
52378
52379
52382
52395
52402
52407
52412
52419
52420
52438
52444
52450
52462
52485
52514
52514
52525
52538
52541
52563
52582
52605
52606
52622
52630
52645
52657
52659
52663
52674
52683
52684
52684
52703
52735
52745
52750
52765
52778
52780
52786
52793
52796
52805
52806
52813
52814
52818
52824
52833
52839
52840
52843
52850
52872
52888
52908
52916
52931
52940
52942
52945
52956
52962
52966
52972
52984
52985
53002
53005
53009
53011
53025
53035
53038
53050
53056
53079
53080
53086
53088
53100
53106
53124
53127
53158
53162
53166
53171
53174
53183
53199
53208
53222
53242
53246
53263
53275
53276
53284
53285
53304
53308
53315
53316
53328
53331
53332
53332
53336
53340
53352
53361
53364
53373
53376
53394
53397
53398
53402
53411
53413
53415
53422
53444
53456
53487
53490
53549
53560
53560
53561
53598
53600
53609
53622
53629
53638
53641
53650
53690
53701
53711
53736
53754
53765
53766
53800
53816
53817
53832
53834
53836
53836
53842
53849
53857
53858
53873
53873
53904
53915
53920
53921
53955
53956
53961
53966
53966
53979
53991
53998
54002
54005
54025
54028
54038
54042
54053
54055
54067
54095
54107
54129
54139
54145
54156
54156
54163
54165
54166
54169
54172
54179
54181
54202
54204
54208
54210
54230
54230
54237
54249
54263
54284
54309
54309
54315
54336
54340
54359
54368
54391
54415
54423
54431
54461
54463
54469
54477
54479
54490
54504
54534
54535
54547
54578
54591
54597
54607
54610
54610
54623
54636
54642
54662
54675
54676
54692
54715
54758
54761
54763
54763
54776
54781
54790
54806
54820
54837
54841
54849
54855
54870
54873
54891
54898
54912
54913
54918
54927
54933
54947
54969
54975
54999
55002
55007
55020
55024
55047
55049
55052
55065
55078
55114
55120
55121
55126
55127
55129
55138
55143
55146
55148
55149
55176
55195
55205
55210
55214
55216
55224
55231
55243
55245
55261
55278
55280
55280
55285
55294
55300
55301
55308
55309
55316
55318
55324
55333
55344
55355
55363
55368
55369
55382
55394
55395
55406
55413
55415
55418
55427
55427
55429
55431
55439
55452
55453
55466
55476
55513
55517
55518
55520
55523
55527
55529
55538
55544
55562
55568
55570
55571
55572
55573
55574
55593
55609
55617
55620
55622
55625
55625
55630
55639
55664
55671
55682
55683
55684
55688
55697
55718
55719
55722
55725
55742
55748
55750
55750
55753
55758
55768
55770
55777
55779
55783
55786
55786
55789
55806
55810
55810
55817
55819
55840
55851
55858
55859
55860
55867
55869
55873
55876
55882
55883
55883
55884
55889
55896
55906
55911
55918
55920
55931
55937
55940
55943
55949
55964
55967
55970
55977
55981
55984
55988
55989
56003
56005
56006
56015
56021
56036
56041
56058
56060
56078
56081
56098
56120
56134
56146
56158
56164
56168
56168
56170
56177
56185
56186
56194
56195
56204
56208
56225
56225
56236
56239
56241
56258
56259
56267
56268
56272
56280
56284
56285
56288
56292
56314
56327
56356
56358
56376
56387
56393
56410
56411
56417
56422
56422
56435
56450
56451
56470
56482
56493
56495
56496
56504
56514
56528
56545
56553
56554
56571
56573
56575
56595
56610
56638
56649
56655
56657
56687
56704
56705
56712
56739
56741
56746
56749
56768
56772
56782
56786
56790
56799
56802
56805
56817
56824
56828
56843
56845
56845
56846
56846
56862
56877
56880
56881
56884
56886
56911
56948
56954
56978
56987
57018
57029
57030
57030
57031
57032
57041
57078
57079
57094
57101
57101
57104
57110
57112
57117
57121
57132
57148
57153
57161
57163
57166
57183
57189
57205
57213
57219
57236
57245
57250
57258
57263
57269
57269
57274
57280
57281
57283
57292
57297
57304
57310
57318
57318
57323
57337
57340
57345
57356
57364
57370
57389
57418
57425
57434
57454
57456
57485
57490
57491
57505
57516
57519
57527
57531
57537
57549
57550
57569
57581
57585
57593
57606
57613
57619
57631
57647
57650
57661
57670
57682
57692
57698
57700
57703
57717
57725
57726
57728
57732
57742
57751
57752
57753
57765
57766
57774
57785
57786
57802
57816
57823
57826
57842
57911
57924
57932
57932
57937
57944
57963
57980
58006
58018
58067
58109
58113
58113
58133
58136
58137
58139
58146
58147
58150
58153
58161
58170
58191
58215
58221
58249
58254
58262
58264
58267
58276
58295
58317
58323
58330
58331
58331
58331
58338
58354
58355
58359
58374
58375
58386
58389
58396
58397
58400
58401
58404
58407
58411
58413
58415
58427
58427
58432
58435
58439
58451
58462
58464
58464
58469
58481
58482
58489
58495
58504
58509
58512
58515
58531
58545
58551
58562
58585
58588
58588
58593
58596
58634
58635
58636
58640
58641
58652
58660
58660
58668
58673
58674
58679
58679
58685
58692
58703
58706
58708
58742
58744
58747
58755
58759
58761
58762
58768
58778
58779
58794
58827
58833
58835
58840
58845
58868
58872
58882
58884
58893
58893
58896
58898
58904
58907
58914
58932
58936
58963
58980
58998
59014
59018
59022
59022
59024
59027
59029
59030
59043
59057
59064
59073
59080
59081
59082
59085
59085
59086
59095
59106
59120
59137
59137
59157
59163
59165
59174
59177
59195
59198
59199
59203
59211
59223
59239
59246
59256
59264
59271
59274
59278
59315
59320
59328
59331
59344
59364
59373
59375
59400
59402
59414
59414
59420
59420
59430
59431
59447
59449
59454
59460
59463
59465
59468
59478
59478
59489
59494
59495
59502
59502
59510
59512
59531
59532
59553
59570
59574
59596
59598
59627
59634
59636
59641
59642
59659
59689
59701
59701
59713
59714
59718
59722
59723
59726
59726
59735
59739
59743
59752
59757
59761
59766
59767
59774
59777
59778
59779
59779
59807
59814
59820
59830
59845
59881
59888
59894
59897
59899
59901
59908
59911
59913
59915
59917
59950
59951
59966
59973
59991
59991
60001
60001
60017
60017
60023
60030
60032
60033
60036
60056
60059
60079
60102
60103
60105
60118
60128
60129
60133
60133
60133
60133
60133
60134
60137
60146
60157
60158
60159
60164
60167
60180
60181
60205
60216
60230
60232
60258
60272
60291
60310
60313
60341
60345
60345
60382
60385
60395
60457
60458
60461
60467
60480
60493
60503
60512
60516
60528
60537
60557
60559
60585
60616
60618
60628
60628
60654
60664
60693
60693
60695
60704
60713
60777
60781
60800
60819
60851
60879
60887
60912
60913
60923
60925
60928
60937
60941
60960
60966
60968
60974
60978
60981
60984
60992
60993
60998
61096
61131
61139
61146
61163
61176
61212
61237
61253
61257
61257
61265
61271
61296
61313
61322
61324
61328
61329
61337
61342
61357
61359
61371
61376
61388
61389
61391
61403
61404
61413
61419
61419
61420
61423
61426
61437
61458
61458
61458
61460
61518
61520
61520
61561
61570
61583
61588
61603
61605
61607
61618
61620
61620
61662
61678
61692
61738
61754
61776
61784
61799
61805
61814
61826
61827
61830
61859
61860
61883
61883
61884
61898
61905
61927
61934
61940
61941
61958
61973
61986
62000
62033
62045
62047
62048
62081
62088
62111
62112
62117
62120
62124
62142
62168
62180
62198
62220
62232
62236
62239
62252
62256
62256
62259
62261
62267
62270
62272
62276
62288
62289
62313
62319
62321
62336
62344
62350
62357
62366
62387
62396
62424
62427
62429
62446
62459
62461
62466
62470
62470
62490
62502
62527
62547
62565
62569
62581
62592
62596
62597
62597
62610
62610
62616
62645
62646
62660
62675
62691
62692
62714
62725
62732
62735
62738
62753
62754
62756
62761
62765
62766
62770
62786
62788
62795
62799
62799
62799
62811
62817
62818
62828
62838
62838
62846
62851
62863
62869
62912
62915
62921
62929
62930
62950
62956
62964
62965
62968
62977
62981
62981
62996
63002
63007
63008
63014
63015
63020
63038
63042
63046
63096
63097
63105
63152
63167
63168
63171
63176
63180
63194
63212
63231
63232
63232
63283
63286
63300
63330
63345
63365
63373
63384
63399
63399
63445
63459
63477
63518
63520
63553
63555
63556
63564
63572
63596
63623
63633
63637
63657
63665
63698
63713
63738
63761
63766
63780
63784
63793
63799
63800
63811
63840
63863
63886
63891
63905
63908
63924
63967
64023
64069
64084
64088
64095
64100
64104
64113
64120
64133
64159
64167
64197
64204
64208
64218
64230
64255
64257
64258
64262
64272
64284
64286
64291
64293
64300
64301
64302
64324
64333
64343
64362
64365
64368
64373
64375
64375
64377
64378
64383
64397
64398
64412
64420
64434
64441
64442
64459
64462
64485
64486
64493
64495
64510
64516
64530
64552
64558
64562
64569
64596
64597
64605
64609
64613
64629
64631
64643
64667
64678
64694
64700
64708
64721
64739
64787
64787
64810
64811
64831
64872
64873
64884
64889
64892
64893
64900
64920
64922
64935
64936
64941
64948
64949
64954
64962
64969
64976
64992
64994
65012
65016
65023
65024
65034
65038
65040
65062
65068
65084
65097
65113
65141
65145
65148
65166
65167
65197
65198
65213
65222
65223
65229
65234
65234
65247
65248
65251
65253
65259
65260
65276
65284
65285
65289
65299
65303
65310
65334
65350
65355
65374
65391
65402
65405
65407
65421
65480
65480
65486
65492
65497
65508
65517
65520
65523
65542
65543
65553
65577
65585
65590
65593
65594
65606
65612
65630
65637
65641
65643
65646
65653
65658
65664
65681
65683
65685
65692
65699
65721
65728
65729
65732
65740
65747
65751
65752
65760
65764
65764
65768
65783
65785
65808
65814
65821
65822
65827
65834
65851
65855
65876
65885
65890
65897
65911
65930
65933
65964
65971
65993
66014
66017
66023
66025
66029
66031
66035
66038
66067
66067
66069
66075
66076
66078
66079
66087
66096
66102
66111
66121
66131
66132
66133
66160
66164
66190
66204
66212
66212
66213
66225
66225
66232
66234
66242
66249
66255
66269
66271
66314
66314
66318
66340
66391
66412
66423
66428
66434
66462
66465
66526
66546
66584
66590
66590
66591
66614
66621
66622
66652
66685
66708
66731
66753
66759
66770
66770
66771
66780
66781
66803
66804
66804
66816
66828
66828
66830
66844
66851
66852
66853
66855
66865
66875
66877
66892
66899
66900
66900
66901
66917
66928
66962
66970
66984
66988
66989
67012
67016
67027
67038
67040
67042
67048
67050
67058
67062
67090
67106
67108
67116
67130
67145
67170
67195
67207
67211
67219
67226
67245
67255
67257
67269
67275
67278
67286
67294
67301
67312
67321
67323
67352
67361
67379
67392
67396
67424
67426
67428
67432
67436
67445
67459
67468
67477
67477
67483
67493
67494
67495
67516
67535
67545
67546
67546
67549
67557
67558
67564
67582
67584
67585
67626
67630
67649
67662
67664
67666
67667
67670
67686
67686
67697
67699
67700
67709
67723
67724
67754
67758
67762
67774
67777
67799
67812
67812
67819
67828
67832
67840
67873
67877
67881
67889
67891
67891
67913
67917
67921
67922
67924
67932
67937
67950
67963
67964
67968
67974
67980
67982
67983
67993
68009
68012
68033
68039
68043
68055
68056
68057
68063
68084
68086
68091
68099
68100
68110
68125
68142
68144
68151
68153
68159
68178
68179
68188
68188
68190
68201
68204
68205
68214
68224
68237
68240
68258
68260
68265
68265
68280
68283
68291
68297
68326
68333
68340
68341
68343
68355
68360
68366
68373
68375
68395
68440
68456
68461
68483
68486
68493
68496
68517
68519
68534
68553
68575
68580
68585
68596
68607
68610
68635
68639
68656
68686
68688
68689
68705
68714
68725
68734
68747
68780
68781
68785
68794
68801
68819
68836
68840
68847
68849
68868
68874
68883
68899
68906
68908
68916
68933
68950
68958
68959
68962
68971
68971
68992
69000
69019
69027
69048
69058
69058
69062
69068
69071
69071
69077
69091
69121
69123
69124
69173
69183
69191
69201
69202
69206
69209
69214
69216
69221
69229
69235
69245
69258
69264
69267
69268
69270
69288
69296
69297
69297
69306
69312
69316
69329
69334
69337
69351
69374
69384
69387
69390
69390
69397
69404
69417
69418
69427
69429
69435
69440
69445
69463
69469
69496
69499
69500
69505
69506
69525
69525
69528
69545
69547
69570
69577
69583
69585
69591
69592
69593
69593
69597
69601
69602
69603
69605
69621
69642
69647
69653
69669
69672
69698
69702
69717
69761
69762
69764
69777
69785
69793
69796
69801
69804
69808
69809
69820
69821
69827
69833
69838
69840
69853
69858
69871
69879
69888
69890
69891
69913
69920
69930
69937
69950
69976
69980
70006
70017
70018
70024
70036
70037
70040
70046
70049
70055
70056
70071
70077
70078
70082
70084
70096
70101
70109
70113
70113
70115
70117
70122
70126
70131
70132
70138
70144
70146
70150
70153
70154
70157
70166
70167
70168
70178
70179
70179
70193
70213
70216
70256
70275
70325
70368
70380
70393
70396
70404
70443
70458
70565
70567
70611
70639
70649
70695
70708
70737
70742
70749
70764
70775
70794
70809
70814
70923
70925
70936
70943
70949
70965
70991
70998
71017
71046
71109
71111
71127
71141
71147
71175
71185
71187
71193
71195
71207
71208
71214
71226
71249
71272
71281
71292
71307
71311
71321
71347
71353
71355
71363
71366
71372
71387
71407
71413
71417
71420
71425
71439
71439
71441
71445
71457
71471
71473
71485
71488
71493
71505
71512
71513
71541
71547
71562
71571
71584
71625
71629
71634
71646
71649
71676
71680
71683
71688
71709
71745
71747
71750
71752
71756
71767
71781
71786
71790
71793
71806
71813
71819
71822
71827
71831
71840
71856
71859
71861
71862
71866
71876
71877
71883
71888
71891
71899
71907
71907
71916
71928
71936
71940
71946
71966
71989
72028
72034
72048
72049
72064
72065
72068
72070
72084
72122
72123
72125
72162
72162
72165
72178
72180
72190
72193
72208
72227
72232
72232
72254
72258
72269
72270
72290
72294
72300
72306
72310
72355
72362
72370
72433
72438
72442
72446
72450
72489
72512
72527
72548
72552
72563
72571
72594
72603
72603
72605
72606
72610
72620
72628
72629
72650
72653
72661
72667
72681
72690
72690
72701
72713
72715
72727
72737
72753
72759
72760
72771
72778
72780
72804
72806
72807
72807
72813
72815
72815
72819
72835
72835
72845
72848
72852
72861
72867
72873
72878
72892
72894
72907
72913
72916
72928
72937
72962
72969
72969
72970
72972
72994
72999
72999
73003
73005
73012
73033
73036
73042
73053
73057
73069
73078
73083
73104
73107
73108
73124
73127
73134
73143
73181
73183
73184
73192
73214
73235
73246
73262
73271
73283
73293
73312
73313
73317
73320
73321
73324
73325
73329
73335
73337
73354
73357
73358
73374
73393
73409
73415
73443
73478
73491
73494
73496
73516
73517
73528
73546
73551
73561
73565
73568
73569
73578
73587
73596
73618
73630
73644
73652
73666
73682
73697
73699
73700
73727
73733
73744
73747
73758
73761
73780
73782
73818
73824
73827
73839
73841
73847
73855
73864
73871
73877
73892
73893
73915
73916
73929
73929
73934
73935
73938
73939
73947
73953
73955
73955
73958
73980
73989
74002
74004
74030
74072
74073
74077
74093
74104
74122
74126
74127
74141
74150
74159
74177
74191
74207
74210
74218
74234
74238
74246
74250
74256
74274
74280
74295
74297
74309
74309
74338
74346
74348
74382
74433
74434
74436
74461
74471
74476
74492
74499
74502
74514
74518
74524
74524
74536
74545
74547
74553
74555
74558
74564
74564
74579
74600
74620
74626
74694
74701
74709
74712
74733
74733
74742
74750
74805
74809
74838
74850
74891
74893
74893
74898
74903
74910
74910
74936
74940
74949
74957
74958
74961
74982
74985
74991
74991
74995
74995
75008
75011
75020
75020
75025
75028
75037
75044
75056
75059
75065
75069
75082
75096
75121
75163
75168
75174
75174
75174
75175
75186
75190
75203
75232
75241
75260
75264
75270
75290
75301
75310
75311
75323
75325
75335
75351
75363
75367
75373
75374
75405
75449
75453
75462
75468
75470
75471
75484
75506
75508
75510
75525
75534
75535
75540
75542
75560
75586
75590
75592
75593
75606
75613
75614
75619
75623
75623
75643
75643
75646
75682
75693
75710
75730
75731
75733
75739
75739
75749
75753
75758
75774
75778
75793
75801
75846
75849
75852
75862
75866
75877
75884
75918
75918
75941
75943
75986
75986
75991
75999
76007
76008
76014
76019
76028
76036
76038
76048
76051
76059
76096
76107
76114
76116
76121
76124
76132
76137
76146
76147
76150
76152
76165
76173
76188
76191
76202
76214
76242
76250
76274
76298
76305
76311
76347
76372
76376
76378
76384
76388
76392
76404
76408
76423
76427
76430
76437
76439
76447
76452
76463
76488
76491
76505
76509
76514
76519
76529
76542
76546
76564
76567
76587
76590
76609
76616
76618
76620
76644
76648
76658
76661
76668
76674
76677
76689
76696
76704
76707
76721
76725
76727
76739
76745
76753
76764
76776
76784
76794
76796
76800
76804
76822
76829
76832
76842
76849
76854
76854
76869
76906
76906
76916
76932
76945
76953
76980
76993
76995
77023
77052
77057
77070
77079
77089
77093
77102
77111
77117
77122
77138
77159
77163
77177
77179
77186
77187
77195
77195
77197
77203
77204
77230
77237
77237
77239
77261
77263
77272
77288
77295
77297
77321
77342
77369
77372
77377
77378
77422
77430
77439
77457
77466
77473
77483
77513
77523
77523
77538
77538
77571
77580
77588
77606
77628
77631
77642
77648
77653
77663
77686
77711
77716
77718
77718
77722
77741
77757
77761
77785
77790
77799
77801
77829
77830
77853
77876
77883
77890
77898
77901
77905
77910
77910
77938
77939
77939
77953
77999
78014
78015
78040
78063
78099
78100
78108
78118
78140
78147
78147
78152
78216
78226
78233
78266
78272
78289
78294
78296
78364
78373
78396
78413
78415
78433
78454
78470
78494
78502
78528
78532
78534
78535
78536
78548
78557
78566
78580
78595
78624
78625
78627
78632
78655
78658
78665
78667
78669
78681
78698
78720
78723
78730
78737
78737
78739
78750
78754
78771
78776
78787
78796
78813
78820
78821
78829
78836
78843
78845
78847
78862
78863
78863
78865
78868
78875
78880
78883
78891
78892
78896
78903
78939
78942
78968
78982
78992
78992
78996
79010
79011
79015
79037
79041
79074
79086
79098
79108
79125
79138
79140
79149
79149
79149
79159
79164
79171
79175
79176
79207
79210
79212
79215
79218
79239
79241
79261
79268
79290
79293
79295
79299
79338
79341
79348
79349
79351
79354
79362
79373
79377
79389
79395
79396
79404
79424
79464
79464
79474
79489
79493
79502
79525
79539
79541
79541
79553
79554
79554
79570
79580
79589
79605
79610
79612
79622
79630
79637
79678
79684
79686
79687
79689
79698
79701
79707
79714
79726
79737
79753
79758
79760
79772
79802
79802
79809
79821
79821
79839
79849
79860
79864
79865
79878
79891
79903
79911
79933
79937
79939
79939
79946
79967
79983
80003
80043
80044
80061
80085
80086
80093
80098
80129
80129
80134
80137
80139
80146
80152
80162
80165
80179
80186
80197
80198
80202
80208
80239
80240
80252
80255
80271
80273
80273
80288
80298
80326
80333
80339
80341
80360
80369
80375
80394
80414
80421
80448
80455
80457
80457
80463
80490
80500
80502
80510
80524
80535
80542
80550
80576
80596
80603
80614
80618
80626
80630
80635
80644
80682
80683
80686
80701
80706
80721
80724
80751
80787
80793
80838
80844
80850
80863
80866
80868
80878
80880
80907
80972
80974
80974
80976
80981
80990
80997
81008
81012
81039
81043
81056
81058
81066
81076
81081
81088
81091
81094
81095
81096
81106
81106
81109
81114
81120
81135
81158
81170
81173
81174
81206
81210
81212
81223
81228
81233
81240
81255
81272
81273
81274
81275
81277
81282
81282
81283
81291
81292
81312
81336
81341
81352
81364
81371
81373
81375
81391
81394
81395
81404
81411
81425
81426
81437
81453
81460
81475
81477
81498
81513
81513
81526
81538
81553
81569
81569
81600
81601
81611
81616
81629
81637
81639
81640
81650
81658
81665
81673
81678
81688
81692
81717
81720
81724
81724
81726
81744
81772
81782
81789
81793
81807
81808
81821
81829
81847
81852
81866
81869
81871
81881
81885
81886
81892
81898
81900
81902
81903
81910
81928
81944
81957
81982
81994
82007
82034
82045
82062
82068
82090
82126
82139
82140
82148
82166
82171
82179
82180
82185
82195
82231
82234
82238
82252
82262
82277
82277
82278
82287
82319
82329
82334
82339
82341
82343
82344
82350
82358
82363
82363
82367
82368
82384
82388
82395
82397
82414
82415
82415
82415
82417
82419
82435
82470
82477
82479
82489
82493
82527
82555
82556
82560
82563
82573
82576
82583
82584
82586
82599
82602
82617
82617
82638
82638
82672
82681
82705
82721
82756
82765
82784
82814
82882
82885
82904
82906
82913
82927
82940
82941
82980
82987
83012
83044
83079
83086
83094
83111
83122
83138
83147
83159
83173
83179
83186
83186
83200
83231
83237
83243
83249
83257
83267
83268
83269
83285
83290
83292
83309
83311
83359
83362
83374
83377
83381
83381
83394
83413
83414
83419
83420
83427
83432
83458
83466
83471
83491
83497
83497
83498
83507
83529
83530
83540
83543
83549
83569
83578
83581
83589
83603
83615
83639
83647
83657
83663
83679
83703
83715
83715
83716
83721
83724
83731
83742
83760
83764
83770
83788
83793
83793
83809
83816
83822
83825
83831
83834
83835
83860
83863
83868
83870
83879
83892
83918
83928
83928
83938
83951
83959
83985
83987
83990
83995
83995
84008
84015
84025
84028
84029
84032
84067
84067
84078
84079
84097
84111
84134
84138
84145
84156
84164
84178
84180
84181
84183
84235
84244
84246
84258
84293
84301
84304
84305
84308
84322
84326
84329
84351
84381
84383
84399
84441
84445
84472
84473
84477
84481
84482
84489
84496
84499
84505
84505
84517
84532
84536
84555
84571
84573
84597
84611
84611
84634
84640
84647
84656
84658
84672
84699
84716
84723
84723
84734
84755
84757
84760
84762
84766
84835
84846
84848
84849
84868
84883
84902
84912
84924
84937
84940
84942
84952
84954
84978
84988
84995
84996
84999
85001
85002
85019
85031
85066
85080
85084
85087
85093
85104
85109
85124
85125
85131
85184
85189
85190
85192
85200
85216
85238
85248
85266
85267
85267
85276
85288
85307
85310
85322
85324
85332
85335
85338
85342
85362
85370
85396
85396
85404
85416
85427
85437
85476
85482
85495
85512
85515
85528
85537
85554
85568
85575
85584
85596
85598
85600
85626
85640
85645
85657
85663
85663
85668
85673
85701
85727
85739
85746
85785
85813
85816
85820
85827
85845
85856
85878
85888
85901
85915
85935
85941
85941
85951
85956
85965
85980
86007
86008
86025
86026
86027
86031
86038
86038
86047
86055
86081
86085
86087
86088
86089
86094
86098
86103
86118
86125
86130
86151
86153
86160
86188
86189
86255
86264
86302
86317
86334
86368
86376
86376
86382
86401
86440
86455
86488
86543
86557
86567
86626
86627
86633
86673
86683
86689
86691
86716
86729
86732
86740
86780
86801
86858
86866
86873
86897
86916
86927
86934
86952
86969
86972
86992
87002
87017
87019
87023
87034
87044
87061
87063
87072
87100
87106
87111
87119
87127
87141
87200
87201
87205
87222
87254
87256
87258
87260
87262
87270
87285
87286
87300
87305
87313
87334
87348
87352
87379
87382
87389
87393
87412
87420
87428
87445
87461
87463
87466
87490
87502
87511
87516
87537
87553
87555
87571
87573
87588
87589
87598
87603
87618
87626
87630
87634
87634
87642
87647
87658
87669
87671
87683
87684
87684
87702
87726
87729
87744
87748
87749
87751
87752
87755
87761
87769
87773
87830
87831
87839
87842
87858
87871
87886
87897
87898
87903
87907
87916
87923
87924
87930
87931
87931
87938
87938
87946
87953
87961
87971
87979
87981
87989
87995
87998
88000
88012
88016
88021
88022
88028
88032
88032
88048
88061
88063
88078
88097
88099
88102
88109
88110
88112
88118
88119
88127
88155
88171
88171
88175
88177
88182
88182
88209
88209
88221
88225
88242
88267
88295
88298
88313
88352
88367
88369
88423
88437
88456
88462
88464
88492
88497
88501
88509
88515
88539
88541
88562
88577
88590
88640
88685
88711
88717
88721
88722
88727
88729
88750
88772
88790
88793
88795
88795
88806
88818
88818
88819
88828
88849
88852
88855
88871
88873
88906
88914
88934
88951
88958
88986
88992
88999
89005
89007
89011
89012
89014
89017
89018
89027
89028
89038
89039
89049
89059
89070
89079
89086
89092
89095
89102
89107
89119
89125
89127
89128
89136
89136
89146
89148
89162
89178
89182
89188
89197
89211
89216
89219
89224
89228
89236
89250
89255
89266
89273
89284
89287
89303
89313
89318
89319
89322
89324
89333
89343
89351
89353
89361
89366
89382
89388
89388
89397
89400
89402
89405
89415
89420
89444
89445
89451
89452
89457
89461
89470
89472
89476
89480
89481
89510
89524
89527
89530
89549
89563
89575
89584
89585
89595
89634
89653
89669
89674
89683
89688
89699
89700
89702
89707
89711
89732
89732
89736
89771
89772
89782
89784
89786
89791
89817
89820
89826
89833
89836
89836
89840
89841
89847
89850
89851
89852
89853
89855
89860
89867
89869
89877
89890
89905
89906
89909
89913
89913
89925
89926
89941
89946
89950
89961
89965
89968
89968
89970
89979
89987
89996
90016
90043
90049
90049
90067
90147
90148
90164
90169
90176
90192
90203
90223
90244
90244
90258
90260
90295
90313
90313
90319
90326
90336
90344
90358
90372
90382
90395
90407
90414
90438
90449
90452
90459
90484
90486
90519
90527
90531
90545
90559
90561
90566
90569
90590
90599
90604
90608
90616
90617
90618
90623
90628
90629
90633
90647
90648
90674
90690
90706
90706
90711
90714
90714
90743
90751
90759
90797
90800
90814
90836
90847
90847
90857
90858
90859
90936
90939
90940
90944
90975
90975
90995
91007
91011
91027
91033
91061
91064
91085
91090
91094
91095
91099
91106
91114
91146
91159
91164
91165
91195
91198
91204
91213
91244
91248
91265
91270
91294
91296
91329
91331
91349
91363
91365
91375
91389
91398
91415
91415
91434
91435
91435
91436
91439
91451
91453
91467
91480
91483
91484
91486
91513
91517
91524
91525
91548
91561
91573
91577
91605
91611
91613
91613
91615
91619
91625
91635
91638
91639
91641
91649
91662
91670
91712
91728
91730
91742
91749
91755
91760
91769
91794
91802
91809
91821
91836
91842
91844
91845
91849
91869
91869
91875
91885
91885
91902
91913
91927
91939
91968
91975
91981
91986
91995
92005
92010
92011
92013
92023
92023
92046
92107
92108
92108
92112
92113
92114
92124
92146
92161
92170
92183
92184
92187
92194
92217
92219
92245
92249
92269
92274
92300
92305
92322
92333
92372
92377
92378
92392
92406
92408
92412
92428
92444
92457
92460
92463
92477
92483
92492
92502
92514
92515
92529
92531
92554
92555
92556
92557
92568
92574
92581
92589
92591
92601
92637
92639
92667
92668
92670
92687
92706
92717
92730
92756
92758
92764
92772
92776
92787
92792
92796
92814
92823
92839
92844
92877
92879
92893
92900
92914
92929
92938
92945
92946
92950
92960
92967
92972
92975
92975
92979
92979
92982
92993
92999
93028
93033
93042
93052
93062
93064
93064
93081
93095
93130
93132
93148
93153
93167
93172
93185
93187
93229
93233
93235
93235
93242
93256
93259
93272
93306
93306
93314
93314
93334
93341
93347
93350
93352
93356
93356
93357
93359
93364
93384
93387
93396
93412
93412
93435
93448
93455
93459
93464
93472
93478
93489
93520
93534
93541
93556
93563
93589
93597
93599
93606
93608
93611
93614
93624
93631
93632
93636
93651
93653
93665
93682
93699
93711
93734
93742
93749
93756
93759
93767
93771
93773
93774
93777
93786
93788
93798
93798
93799
93808
93829
93842
93851
93853
93855
93862
93870
93885
93896
93908
93947
93951
93956
93963
93968
93970
93976
94008
94026
94031
94036
94048
94052
94072
94076
94076
94086
94110
94123
94134
94142
94150
94151
94177
94188
94190
94201
94231
94237
94245
94247
94284
94284
94292
94314
94319
94345
94346
94351
94387
94387
94388
94393
94398
94403
94410
94425
94465
94466
94472
94484
94491
94520
94526
94538
94542
94542
94551
94554
94561
94564
94567
94584
94609
94614
94620
94627
94637
94641
94641
94644
94662
94663
94668
94669
94681
94684
94697
94717
94719
94726
94742
94742
94749
94759
94779
94784
94786
94791
94809
94814
94824
94828
94834
94846
94854
94858
94862
94876
94883
94886
94891
94893
94904
94906
94910
94913
94956
95008
95063
95099
95160
95171
95176
95185
95189
95228
95245
95261
95363
95449
95457
95467
95474
95476
95476
95483
95486
95486
95494
95508
95559
95611
95647
95657
95673
95684
95700
95714
95732
95743
95755
95794
95807
95855
95921
95931
95953
95955
95969
95979
96014
96017
96018
96024
96024
96025
96027
96031
96036
96042
96053
96061
96067
96068
96077
96090
96105
96109
96110
96114
96118
96122
96126
96134
96159
96167
96171
96178
96180
96201
96208
96211
96218
96226
96238
96239
96255
96257
96264
96266
96273
96281
96290
96298
96311
96315
96329
96360
96360
96360
96386
96404
96426
96438
96448
96449
96461
96467
96470
96472
96477
96480
96488
96505
96510
96513
96520
96524
96528
96544
96546
96549
96554
96564
96569
96571
96584
96593
96615
96627
96636
96638
96666
96668
96675
96681
96683
96702
96702
96703
96729
96737
96763
96765
96771
96786
96804
96831
96850
96851
96873
96889
96895
96902
96912
96924
96926
96936
96939
96955
96963
96967
96983
96984
96988
96990
97003
97008
97009
97014
97024
97028
97058
97059
97084
97091
97100
97105
97110
97116
97127
97136
97139
97147
97163
97168
97172
97179
97222
97227
97229
97230
97236
97268
97336
97345
97394
97405
97409
97461
97491
97553
97557
97573
97582
97583
97587
97631
97654
97656
97660
97665
97689
97704
97704
97710
97712
97726
97745
97764
97800
97836
97863
97884
97892
97896
97952
97964
97966
97968
97969
97981
97982
97998
98003
98010
98029
98038
98052
98060
98067
98078
98079
98101
98156
98168
98170
98170
98181
98183
98199
98204
98208
98229
98267
98268
98272
98274
98278
98299
98301
98314
98334
98353
98367
98384
98420
98430
98431
98448
98469
98490
98508
98525
98534
98538
98556
98570
98579
98596
98607
98627
98630
98632
98653
98671
98689
98690
98714
98724
98727
98767
98770
98776
98782
98785
98811
98828
98835
98844
98870
98870
98877
98879
98883
98888
98897
98899
98901
98927
98940
