2
18
22
32
35
39
46
47
79
101
154
166
193
198
212
218
218
239
244
255
277
298
337
340
397
469
470
490
554
579
583
587
625
628
629
630
630
633
652
667
682
683
684
710
717
724
730
732
757
874
875
892
912
913
917
919
923
924
950
973
980
980
986
991
1000
1006
1015
1016
1039
1050
1051
1054
1099
1099
1101
1118
1118
1137
1140
1143
1145
1146
1155
1171
1175
1184
1227
1244
1253
1280
1283
1295
1304
1308
1377
1405
1414
1415
1435
1476
1480
1509
1509
1556
1570
1589
1589
1622
1638
1643
1664
1675
1690
1701
1706
1720
1832
1833
1834
1869
1877
1881
1888
1909
1913
1937
1978
1987
1990
2001
2030
2047
2071
2075
2084
2096
2113
2129
2129
2166
2166
2170
2172
2179
2187
2202
2214
2235
2240
2249
2254
2266
2287
2288
2304
2317
2319
2330
2352
2367
2385
2402
2408
2410
2423
2449
2449
2455
2456
2462
2468
2482
2532
2542
2557
2581
2588
2601
2605
2606
2634
2646
2647
2672
2684
2690
2708
2721
2725
2803
2807
2807
2813
2865
2873
2875
2880
2913
2916
2938
2947
2949
2957
2979
2979
3024
3035
3050
3053
3084
3086
3086
3093
3098
3112
3120
3122
3127
3149
3166
3170
3172
3194
3259
3263
3281
3317
3323
3337
3338
3356
3365
3378
3383
3434
3459
3482
3494
3498
3506
3522
3534
3537
3549
3556
3556
3558
3561
3593
3603
3618
3643
3648
3657
3682
3686
3696
3701
3746
3747
3762
3782
3793
3798
3823
3842
3851
3852
3870
3879
3902
3918
3922
3925
3947
3969
3994
4020
4031
4052
4114
4116
4169
4208
4210
4253
4258
4262
4268
4275
4283
4283
4295
4326
4343
4360
4389
4390
4390
4400
4415
4420
4435
4436
4439
4439
4442
4454
4458
4462
4463
4495
4550
4566
4569
4601
4608
4642
4676
4700
4726
4741
4745
4752
4766
4769
4778
4786
4817
4820
4835
4840
4841
4844
4851
4863
4896
4908
4938
4943
4964
4995
5017
5027
5033
5038
5048
5049
5057
5063
5076
5084
5094
5100
5125
5152
5152
5155
5168
5195
5208
5208
5235
5257
5292
5314
5338
5349
5351
5353
5364
5377
5379
5399
5400
5439
5441
5485
5489
5493
5499
5507
5509
5518
5521
5527
5532
5539
5562
5571
5591
5626
5650
5667
5698
5700
5720
5755
5756
5757
5760
5789
5813
5821
5829
5839
5848
5875
5882
5886
5910
5912
5928
5928
5944
5953
5975
5982
6027
6044
6077
6099
6122
6124
6170
6184
6193
6194
6197
6200
6220
6221
6222
6240
6279
6291
6328
6341
6354
6359
6360
6378
6383
6405
6413
6428
6446
6466
6478
6490
6517
6546
6552
6573
6611
6617
6630
6630
6644
6645
6676
6719
6752
6822
6831
6842
6849
6861
6882
6893
6919
6924
6966
6975
6979
7000
7001
7025
7033
7044
7058
7073
7079
7080
7089
7138
7164
7216
7223
7226
7234
7238
7244
7256
7303
7311
7356
7389
7417
7450
7451
7485
7493
7503
7537
7591
7611
7611
7622
7641
7683
7722
7725
7729
7754
7761
7831
7853
7855
7864
7922
7923
7932
7938
7946
7957
7981
7991
8010
8025
8047
8073
8077
8083
8092
8102
8106
8130
8136
8138
8138
8180
8225
8241
8254
8255
8258
8262
8264
8273
8281
8288
8311
8369
8398
8399
8413
8420
8442
8467
8492
8511
8513
8529
8545
8569
8607
8614
8615
8625
8627
8634
8638
8643
8644
8680
8721
8727
8748
8780
8782
8813
8824
8824
8854
8884
8945
8945
8950
8965
8965
8998
9006
9028
9038
9041
9049
9080
9131
9135
9150
9193
9197
9232
9238
9251
9259
9263
9268
9273
9277
9280
9291
9312
9322
9355
9376
9398
9401
9409
9414
9418
9428
9463
9464
9486
9497
9519
9525
9532
9545
9553
9567
9568
9568
9570
9587
9620
9633
9697
9713
9744
9744
9778
9780
9785
9789
9803
9820
9821
9840
9840
9842
9849
9863
9887
9892
9902
9917
9925
9941
9946
9954
9958
10003
10012
10012
10044
10064
10074
10098
10137
10150
10151
10188
10208
10227
10269
10292
10307
10330
10335
10351
10361
10388
10389
10469
10477
10497
10505
10506
10559
10631
10644
10651
10670
10719
10736
10745
10794
10801
10805
10810
10818
10825
10839
10854
10857
10863
10878
10960
10967
10988
11013
11047
11051
11085
11137
11162
11209
11232
11235
11243
11246
11274
11275
11290
11317
11331
11339
11356
11369
11395
11423
11438
11441
11465
11467
11471
11491
11498
11505
11517
11520
11539
11574
11583
11619
11625
11631
11637
11653
11655
11655
11665
11702
11719
11725
11755
11769
11797
11810
11814
11827
11853
11880
11901
11916
11918
12003
12009
12012
12012
12060
12082
12088
12095
12122
12174
12197
12204
12234
12235
12240
12241
12258
12274
12282
12295
12321
12322
12344
12348
12351
12355
12355
12358
12369
12378
12380
12392
12397
12457
12460
12478
12483
12485
12531
12547
12552
12564
12581
12585
12595
12615
12621
12624
12634
12644
12679
12682
12685
12694
12705
12724
12740
12761
12764
12773
12786
12788
12808
12809
12816
12870
12964
12970
13021
13093
13149
13189
13243
13265
13268
13324
13398
13416
13432
13455
13481
13604
13692
13700
13766
13766
13772
13773
13797
13825
13840
13845
13848
13848
13859
13895
13896
13898
13905
13976
13980
13998
14028
14049
14054
14055
14070
14082
14111
14118
14140
14153
14181
14194
14209
14222
14226
14246
14261
14289
14296
14348
14365
14373
14403
14422
14427
14430
14438
14441
14489
14496
14499
14545
14600
14607
14634
14657
14659
14660
14672
14672
14673
14684
14687
14724
14748
14754
14763
14832
14959
15041
15125
15183
15263
15311
15318
15401
15427
15477
15497
15669
15670
15729
15729
15740
15751
15773
15794
15794
15802
15835
15873
15879
15891
15913
15922
15929
15983
16035
16053
16056
16063
16088
16108
16110
16136
16177
16192
16216
16260
16277
16333
16339
16342
16365
16383
16397
16411
16424
16428
16450
16480
16508
16509
16515
16521
16529
16539
16540
16552
16587
16589
16594
16601
16623
16625
16649
16663
16671
16674
16724
16759
16763
16767
16779
16791
16821
16873
16918
16942
16960
16988
16996
17032
17048
17053
17076
17085
17092
17101
17121
17130
17173
17216
17229
17237
17253
17307
17320
17322
17370
17390
17397
17402
17459
17462
17488
17506
17510
17520
17523
17534
17577
17591
17637
17679
17702
17723
17735
17740
17772
17778
17807
17847
17848
17860
17865
17904
17908
17914
17917
17932
17936
17944
18057
18085
18090
18098
18105
18106
18111
18113
18127
18184
18188
18190
18200
18210
18271
18272
18294
18306
18306
18328
18350
18354
18356
18371
18385
18391
18420
18429
18472
18494
18498
18504
18545
18550
18553
18565
18590
18601
18613
18627
18644
18649
18701
18702
18714
18728
18747
18754
18757
18777
18792
18817
18855
18855
18874
18985
19039
19075
19078
19085
19095
19124
19164
19169
19185
19230
19234
19237
19243
19312
19327
19335
19464
19492
19498
19516
19540
19655
19664
19703
19737
19743
19749
19772
19772
19787
19803
19804
19820
19837
19852
19878
19923
19930
19942
19949
19950
19965
19978
19981
20002
20030
20036
20057
20071
20087
20118
20118
20143
20184
20192
20196
20212
20225
20229
20232
20243
20280
20280
20319
20336
20339
20341
20348
20378
20380
20392
20447
20517
20523
20606
20635
20675
20697
20697
20698
20765
20812
20836
20891
20918
20966
21057
21073
21140
21197
21261
21353
21370
21397
21400
21404
21429
21433
21450
21480
21517
21525
21543
21547
21570
21581
21603
21621
21639
21662
21678
21692
21720
21754
21754
21754
21763
21786
21788
21799
21810
21831
21835
21922
21942
21959
21978
22023
22043
22082
22108
22119
22126
22139
22149
22167
22239
22246
22246
22257
22265
22276
22303
22328
22376
22408
22469
22499
22532
22546
22567
22589
22614
22641
22646
22671
22684
22685
22694
22694
22699
22702
22712
22717
22738
22743
22767
22797
22818
22876
22881
22990
23053
23081
23125
23261
23270
23272
23297
23332
23335
23366
23406
23408
23422
23482
23544
23550
23553
23586
23642
23682
23697
23702
23750
23751
23759
23774
23777
23781
23793
23805
23818
23828
23830
23838
23866
23867
23884
23897
23900
23914
23916
23921
23927
23938
23940
23955
23957
23961
23972
23975
23980
23993
24012
24016
24017
24031
24071
24080
24087
24103
24147
24152
24153
24162
24221
24235
24242
24244
24253
24302
24307
24330
24346
24356
24386
24392
24396
24400
24403
24409
24419
24479
24484
24512
24595
24620
24633
24640
24645
24682
24732
24758
24799
24816
24873
24897
24913
24920
24992
25001
25006
25030
25130
25132
25257
25271
25291
25344
25365
25369
25370
25482
25545
25551
25552
25578
25582
25583
25593
25601
25633
25640
25673
25675
25695
25729
25740
25742
25747
25748
25761
25807
25808
25810
25813
25819
25821
25833
25871
25896
25948
25955
25973
25985
26006
26011
26012
26028
26044
26045
26051
26081
26088
26102
26102
26123
26130
26133
26192
26202
26209
26222
26238
26245
26255
26257
26258
26292
26305
26313
26314
26316
26366
26367
26384
26397
26400
26415
26416
26419
26456
26474
26500
26504
26545
26589
26619
26651
26725
26798
26805
26862
27030
27195
27242
27267
27524
27550
27554
27555
27566
27581
27616
27622
27623
27638
27646
27654
27678
27686
27687
27688
27688
27705
27754
27835
27855
27856
27857
27865
27870
27879
27891
27902
27907
27931
27937
27937
27938
27947
27949
27980
28018
28020
28057
28115
28116
28129
28133
28143
28169
28175
28183
28185
28214
28222
28247
28252
28267
28286
28310
28316
28327
28333
28338
28339
28341
28358
28365
28369
28391
28397
28402
28407
28435
28454
28457
28467
28474
28496
28513
28608
28695
28744
28836
28918
29159
29164
29184
29342
29397
29481
29497
29537
29567
29574
29582
29588
29600
29608
29616
29623
29653
29657
29674
29677
29685
29686
29721
29732
29782
29828
29837
29853
29853
29857
29881
29904
29959
29964
29979
29981
29989
30002
30068
30081
30094
30112
30175
30221
30226
30231
30232
30236
30246
30247
30264
30271
30272
30287
30292
30300
30301
30304
30308
30314
30331
30332
30340
30355
30367
30370
30376
30379
30387
30389
30394
30399
30438
30438
30460
30468
30469
30473
30483
30492
30493
30496
30590
30667
30781
30807
30880
30927
30949
31056
31067
31116
31144
31196
31251
31362
31451
31457
31464
31472
31474
31488
31517
31519
31532
31534
31551
31555
31565
31571
31572
31575
31578
31586
31593
31608
31613
31645
31645
31656
31751
31770
31774
31818
31820
31821
31838
31872
31879
31888
31913
31925
31933
31978
31986
31996
32000
32006
32011
32032
32035
32070
32082
32089
32097
32106
32155
32170
32178
32208
32216
32254
32278
32305
32323
32334
32339
32365
32375
32384
32392
32402
32425
32430
32430
32432
32434
32450
32480
32534
32546
32575
32625
32629
32645
32666
32667
32684
32701
32704
32746
32752
32777
32793
32802
32809
32864
32887
32944
32971
32988
33008
33013
33026
33066
33098
33124
33140
33166
33167
33171
33195
33279
33291
33315
33330
33357
33389
33401
33408
33435
33471
33476
33476
33484
33489
33498
33524
33534
33535
33543
33547
33560
33563
33586
33587
33589
33595
33607
33638
33639
33669
33673
33681
33747
33747
33777
33808
33813
33831
33837
33847
33848
33849
33866
33875
33877
33891
33897
33913
33971
33977
33981
33991
33995
33995
34017
34067
34072
34073
34074
34100
34101
34121
34122
34124
34125
34148
34149
34150
34153
34165
34166
34170
34188
34188
34194
34199
34199
34213
34233
34241
34263
34271
34276
34286
34308
34317
34330
34331
34344
34348
34352
34354
34356
34368
34373
34378
34384
34411
34421
34430
34460
34469
34476
34483
34498
34513
34537
34593
34626
34644
34659
34672
34689
34696
34724
34727
34745
34747
34782
34786
34844
34888
34953
34986
35074
35095
35096
35125
35192
35257
35291
35327
35336
35377
35383
35403
35431
35440
35486
35514
35526
35558
35593
35621
35652
35683
35685
35689
35689
35706
35747
35749
35772
35772
35775
35790
35793
35795
35797
35798
35802
35823
35837
35916
35928
35934
35975
35984
35990
36004
36010
36011
36021
36029
36054
36061
36081
36102
36102
36119
36142
36148
36148
36178
36189
36209
36247
36289
36292
36315
36322
36324
36331
36332
36359
36364
36396
36463
36625
36648
36669
36765
36906
36987
36992
37002
37006
37027
37078
37104
37112
37158
37183
37265
37310
37341
37353
37360
37379
37395
37435
37437
37448
37454
37463
37466
37498
37499
37500
37508
37517
37569
37583
37586
37602
37614
37619
37630
37639
37659
37661
37670
37677
37683
37683
37700
37742
37745
37764
37814
37816
37885
37887
37893
37911
37912
37914
37987
38057
38073
38097
38106
38116
38123
38146
38157
38177
38181
38183
38191
38198
38203
38235
38241
38265
38288
38306
38309
38314
38350
38398
38452
38487
38491
38534
38537
38540
38597
38610
38669
38684
38700
38717
38727
38729
38742
38808
38811
38818
38819
38825
38854
38855
38858
38894
38899
38939
38948
38959
38961
38971
39011
39028
39037
39058
39092
39123
39152
39207
39222
39294
39315
39325
39333
39336
39357
39385
39392
39412
39433
39445
39452
39457
39471
39476
39489
39508
39539
39547
39554
39558
39576
39593
39664
39670
39717
39748
39749
39780
39781
39819
39825
39845
39860
39882
39915
39934
39953
39965
39971
39974
40011
40015
40060
40075
40089
40093
40095
40098
40111
40135
40141
40178
40180
40191
40218
40264
40264
40268
40308
40318
40341
40350
40407
40589
40603
40611
40662
40682
40730
40803
40804
40826
40831
40842
40862
40870
40940
40971
40998
41092
41117
41120
41133
41189
41223
41235
41304
41311
41320
41381
41391
41401
41401
41416
41450
41488
41504
41507
41524
41552
41556
41562
41572
41580
41584
41591
41643
41675
41737
41762
41800
41809
41838
41857
41867
41869
41920
41944
41973
41997
42006
42040
42041
42042
42042
42055
42089
42105
42136
42199
42209
42218
42249
42272
42276
42282
42292
42317
42341
42377
42399
42418
42467
42533
42547
42551
42562
42585
42589
42598
42598
42602
42608
42622
42665
42676
42718
42722
42766
42805
42835
42861
42866
42875
42900
42902
42914
42926
42927
42929
42933
42937
42938
42959
42960
42969
42975
42982
42996
43008
43035
43084
43088
43099
43103
43114
43121
43142
43157
43169
43183
43190
43190
43195
43203
43211
43218
43226
43241
43243
43247
43249
43249
43252
43259
43270
43277
43296
43323
43334
43342
43343
43360
43361
43384
43393
43400
43432
43456
43461
43482
43490
43527
43542
43550
43554
43556
43561
43584
43586
43619
43627
43642
43669
43676
43680
43733
43742
43756
43771
43781
43802
43816
43840
43843
43856
43860
43882
43898
43913
43916
43917
43920
43921
43926
43959
43966
43976
43982
43989
44017
44020
44043
44059
44098
44115
44130
44133
44145
44147
44174
44208
44209
44217
44227
44262
44264
44268
44270
44350
44385
44386
44420
44424
44435
44454
44463
44469
44482
44485
44511
44543
44549
44559
44560
44565
44578
44582
44585
44601
44613
44616
44627
44655
44674
44683
44687
44688
44703
44715
44722
44726
44745
44752
44781
44784
44807
44807
44823
44836
44842
44886
44908
44912
44927
44929
44960
44971
44974
44988
45012
45013
45023
45039
45052
45066
45073
45094
45098
45150
45157
45158
45159
45171
45179
45183
45200
45229
45229
45261
45266
45268
45272
45297
45308
45336
45340
45353
45401
45414
45421
45455
45458
45463
45486
45489
45491
45495
45500
45501
45507
45514
45526
45526
45527
45557
45569
45592
45594
45595
45609
45633
45654
45672
45682
45682
45684
45691
45692
45696
45708
45730
45737
45743
45743
45763
45770
45783
45793
45817
45820
45829
45830
45849
45873
45895
45929
45941
45953
46000
46015
46015
46023
46031
46048
46049
46052
46090
46092
46093
46113
46122
46127
46134
46163
46192
46196
46197
46200
46202
46206
46225
46234
46277
46301
46304
46320
46328
46338
46341
46363
46381
46427
46432
46432
46444
46503
46506
46544
46586
46592
46599
46616
46620
46638
46640
46645
46657
46664
46686
46687
46688
46727
46737
46760
46770
46781
46848
46852
46868
46881
46901
46910
46924
46933
46942
46953
46988
47008
47010
47013
47020
47024
47036
47067
47070
47105
47111
47136
47144
47145
47147
47170
47174
47194
47210
47231
47236
47237
47258
47270
47272
47277
47285
47290
47295
47295
47311
47331
47331
47349
47363
47379
47385
47385
47395
47403
47406
47409
47409
47440
47444
47469
47477
47489
47499
47510
47525
47527
47554
47560
47581
47599
47599
47601
47613
47617
47619
47623
47623
47628
47628
47640
47676
47677
47714
47721
47730
47733
47734
47739
47743
47748
47774
47806
47809
47818
47843
47853
47874
47881
47884
47892
47906
47928
47939
47941
47974
48051
48055
48065
48069
48078
48122
48138
48143
48152
48166
48183
48195
48200
48203
48209
48216
48217
48226
48240
48274
48300
48321
48323
48330
48352
48363
48379
48406
48409
48442
48467
48477
48480
48511
48526
48542
48558
48607
48619
48652
48670
48675
48687
48720
48734
48752
48763
48768
48790
48795
48813
48814
48824
48840
48841
48841
48850
48875
48876
48878
48889
48894
48909
48909
48917
49068
49069
49075
49097
49102
49119
49163
49176
49182
49186
49186
49220
49229
49263
49295
49298
49320
49351
49407
49417
49419
49429
49437
49453
49464
49475
49501
49510
49524
49527
49540
49562
49583
49620
49632
49635
49638
49646
49661
49671
49677
49680
49682
49695
49699
49710
49757
49759
49760
49776
49778
49811
49819
49840
49844
49890
49917
49920
49932
49934
49947
49952
49953
49986
49987
49991
50004
50017
50021
50078
50106
50113
50131
50147
50189
50191
50205
50220
50222
50232
50248
50274
50276
50282
50291
50293
50320
50338
50352
50375
50400
50475
50503
50507
50524
50541
50603
50641
50641
50642
50659
50671
50671
50691
50696
50746
50759
50791
50796
50801
50834
50837
50871
50897
50898
50904
50909
50931
50950
50955
50996
51015
51065
51085
51092
51105
51140
51153
51169
51179
51183
51219
51227
51248
51286
51286
51289
51318
51324
51329
51329
51345
51346
51351
51353
51361
51374
51377
51407
51414
51430
51454
51455
51464
51485
51494
51496
51510
51523
51526
51534
51565
51612
51638
51675
51679
51710
51724
51729
51735
51745
51746
51749
51765
51765
51770
51779
51815
51830
51874
51888
51900
51918
51949
51979
51994
52021
52028
52030
52060
52072
52089
52089
52109
52110
52123
52159
52174
52187
52219
52229
52234
52249
52252
52292
52298
52317
52321
52345
52346
52382
52399
52416
52416
52445
52453
52517
52530
52531
52535
52539
52541
52569
52574
52582
52587
52588
52594
52614
52623
52627
52633
52635
52648
52670
52686
52687
52698
52698
52717
52725
52753
52789
52790
52801
52830
52840
52842
52888
52898
52928
52934
52941
52953
53017
53057
53071
53098
53131
53136
53148
53158
53175
53209
53217
53218
53225
53235
53238
53274
53293
53295
53306
53319
53336
53348
53370
53408
53412
53439
53441
53459
53469
53483
53498
53500
53513
53523
53535
53537
53572
53573
53587
53600
53638
53648
53657
53673
53678
53683
53690
53715
53719
53722
53728
53738
53761
53768
53786
53792
53815
53822
53860
53861
53864
53865
53879
53890
53903
53904
53922
53948
53957
53961
53962
53965
53971
53974
53984
54020
54029
54037
54040
54067
54070
54083
54098
54110
54113
54113
54117
54138
54147
54148
54157
54174
54187
54208
54214
54217
54291
54309
54323
54334
54335
54346
54348
54370
54395
54409
54411
54429
54446
54464
54472
54479
54483
54535
54550
54554
54578
54623
54628
54645
54677
54683
54698
54698
54708
54720
54751
54762
54785
54833
54835
54838
54900
54901
54909
54933
54934
54940
54967
55016
55020
55046
55080
55111
55147
55150
55156
55185
55185
55193
55199
55222
55225
55233
55239
55253
55257
55261
55271
55271
55282
55292
55299
55302
55303
55373
55380
55405
55424
55437
55441
55461
55474
55504
55508
55519
55545
55614
55618
55618
55643
55654
55661
55683
55698
55700
55722
55723
55728
55741
55743
55754
55754
55760
55783
55805
55848
55854
55865
55884
55885
55935
55937
55940
55951
55966
55989
55990
55990
55991
56029
56036
56047
56052
56119
56136
56146
56209
56210
56216
56235
56248
56267
56301
56306
56313
56319
56329
56338
56374
56378
56416
56429
56432
56438
56439
56443
56453
56465
56485
56508
56510
56561
56605
56614
56656
56665
56666
56686
56754
56791
56819
56846
56860
56862
56880
56905
56913
56915
56918
56922
56926
56928
57008
57019
57020
57032
57042
57043
57064
57064
57066
57080
57124
57133
57165
57200
57229
57230
57233
57242
57249
57266
57279
57280
57295
57305
57332
57333
57349
57352
57382
57397
57419
57440
57441
57444
57453
57466
57510
57520
57533
57561
57584
57600
57616
57662
57669
57672
57679
57686
57692
57704
57710
57720
57808
57825
57829
57854
57862
57887
57890
57894
57896
57903
57912
57924
57943
57947
57966
57971
57986
58004
58014
58017
58040
58047
58083
58092
58102
58113
58143
58145
58156
58159
58163
58164
58165
58186
58191
58202
58203
58214
58218
58221
58222
58230
58232
58238
58249
58253
58269
58276
58291
58307
58327
58334
58336
58345
58349
58352
58368
58371
58376
58395
58405
58428
58443
58449
58480
58508
58510
58519
58552
58572
58582
58589
58590
58591
58599
58600
58612
58620
58630
58630
58638
58643
58650
58656
58662
58663
58663
58667
58672
58676
58678
58707
58709
58712
58715
58722
58727
58758
58767
58773
58783
58785
58792
58842
58852
58868
58896
58898
58905
58911
58942
58943
58947
58950
58959
58962
58969
58998
59005
59008
59032
59038
59054
59057
59089
59093
59107
59115
59132
59144
59156
59191
59193
59210
59219
59226
59235
59238
59262
59263
59265
59267
59267
59272
59286
59300
59335
59350
59363
59374
59387
59392
59400
59418
59434
59436
59470
59518
59537
59540
59554
59561
59563
59579
59582
59582
59589
59636
59640
59647
59652
59671
59683
59696
59703
59730
59730
59760
59771
59793
59816
59833
59847
59850
59885
59887
59889
59891
59924
59926
59926
59931
59942
59946
59961
59966
60055
60063
60082
60085
60092
60092
60095
60125
60133
60148
60162
60164
60169
60179
60181
60188
60190
60198
60208
60214
60229
60231
60240
60245
60249
60270
60271
60275
60294
60297
60301
60308
60324
60334
60354
60370
60382
60389
60389
60395
60399
60406
60409
60428
60434
60440
60445
60446
60449
60458
60462
60469
60472
60477
60489
60489
60498
60517
60524
60539
60549
60558
60584
60601
60615
60631
60636
60662
60682
60683
60684
60702
60703
60711
60711
60713
60722
60725
60738
60740
60765
60770
60774
60776
60783
60791
60794
60813
60820
60823
60853
60856
60860
60861
60865
60866
60872
60876
60904
60905
60907
60913
60918
60928
60934
60947
60966
60977
60985
60986
60987
60997
61028
61051
61052
61062
61074
61075
61077
61094
61103
61107
61109
61119
61129
61145
61146
61171
61191
61203
61205
61206
61207
61215
61233
61269
61271
61275
61282
61282
61282
61296
61300
61308
61311
61329
61339
61374
61384
61391
61391
61395
61397
61402
61407
61423
61425
61427
61439
61458
61464
61476
61500
61502
61506
61515
61528
61552
61555
61567
61572
61581
61587
61596
61620
61631
61641
61651
61658
61658
61658
61660
61665
61666
61666
61666
61668
61683
61703
61728
61740
61746
61760
61778
61797
61804
61834
61837
61848
61864
61872
61875
61878
61880
61885
61889
61901
61922
61934
61935
61938
61940
61941
61946
61949
61960
62011
62020
62039
62042
62060
62061
62067
62071
62076
62080
62083
62084
62086
62095
62106
62126
62126
62127
62135
62157
62164
62165
62181
62185
62187
62190
62191
62193
62196
62206
62215
62225
62234
62242
62252
62265
62274
62280
62289
62291
62298
62311
62323
62326
62355
62355
62365
62370
62380
62391
62410
62413
62421
62427
62428
62436
62445
62447
62453
62457
62472
62474
62474
62476
62491
62500
62509
62517
62529
62533
62543
62551
62553
62557
62566
62580
62595
62596
62597
62597
62601
62604
62606
62609
62619
62630
62632
62635
62635
62641
62664
62675
62707
62717
62718
62719
62753
62780
62783
62783
62800
62810
62811
62823
62824
62833
62833
62836
62852
62875
62901
62903
62914
62920
62925
62941
62945
62957
62957
62958
62969
62971
62973
62979
62979
62988
62991
62998
63003
63007
63019
63026
63031
63035
63036
63038
63046
63052
63053
63057
63069
63070
63072
63073
63087
63093
63129
63131
63171
63171
63174
63210
63220
63231
63237
63248
63257
63258
63270
63277
63281
63295
63295
63305
63323
63341
63341
63342
63344
63346
63364
63367
63369
63377
63387
63392
63408
63418
63427
63430
63430
63431
63458
63458
63462
63471
63482
63482
63483
63489
63498
63501
63513
63515
63527
63533
63534
63536
63538
63542
63576
63585
63587
63594
63603
63612
63612
63614
63623
63626
63627
63634
63647
63654
63665
63665
63667
63696
63700
63706
63733
63735
63748
63750
63753
63761
63763
63766
63766
63770
63774
63792
63806
63813
63814
63816
63818
63827
63833
63836
63837
63837
63837
63839
63841
63866
63867
63876
63890
63890
63896
63909
63915
63917
63919
63923
63941
63945
63947
63953
63959
63968
63982
64004
64007
64021
64022
64024
64029
64041
64044
64050
64058
64059
64062
64071
64072
64074
64094
64100
64101
64111
64111
64122
64124
64127
64133
64144
64146
64153
64153
64153
64165
64169
64180
64183
64209
64222
64233
64233
64235
64251
64277
64279
64281
64283
64284
64293
64327
64333
64338
64341
64341
64363
64364
64383
64408
64413
64414
64422
64423
64434
64435
64437
64440
64447
64467
64475
64496
64517
64525
64526
64544
64563
64567
64568
64568
64601
64604
64616
64633
64646
64651
64662
64663
64691
64694
64700
64709
64711
64712
64716
64719
64736
64738
64744
64750
64761
64762
64764
64765
64777
64779
64783
64787
64795
64799
64812
64818
64826
64860
64865
64866
64871
64881
64888
64892
64906
64918
64919
64944
64949
64951
64956
64957
64985
64991
64996
65026
65030
65032
65034
65040
65044
65047
65052
65077
65079
65080
65090
65108
65117
65121
65137
65138
65148
65151
65160
65169
65173
65191
65200
65208
65209
65219
65220
65227
65231
65234
65237
65245
65259
65293
65315
65323
65357
65358
65362
65363
65384
65399
65418
65431
65445
65446
65461
65475
65493
65497
65513
65539
65549
65556
65563
65574
65590
65590
65600
65615
65619
65635
65654
65656
65656
65680
65682
65683
65687
65710
65717
65728
65735
65744
65757
65763
65771
65771
65790
65790
65799
65823
65828
65833
65837
65841
65870
65883
65893
65901
65901
65916
65925
65937
65945
65945
65945
65954
65964
65968
65971
65975
65985
65991
66012
66031
66033
66034
66036
66043
66049
66057
66058
66067
66071
66078
66099
66101
66119
66123
66130
66139
66143
66151
66159
66160
66168
66192
66198
66208
66225
66230
66257
66260
66283
66306
66310
66313
66354
66373
66377
66378
66383
66383
66384
66387
66401
66409
66430
66434
66451
66462
66469
66473
66480
66487
66488
66494
66500
66514
66523
66524
66525
66527
66536
66550
66574
66584
66588
66588
66591
66592
66619
66626
66636
66645
66651
66654
66655
66664
66681
66684
66704
66710
66721
66721
66734
66751
66752
66772
66773
66781
66785
66789
66809
66811
66837
66846
66852
66855
66857
66869
66871
66910
66914
66914
66951
66952
66952
67002
67006
67027
67033
67040
67059
67059
67066
67068
67070
67076
67078
67083
67084
67085
67102
67110
67127
67130
67132
67143
67148
67150
67154
67155
67161
67162
67173
67187
67195
67207
67210
67213
67216
67223
67245
67249
67249
67261
67288
67297
67301
67310
67316
67316
67325
67328
67329
67340
67343
67353
67354
67366
67373
67384
67392
67406
67416
67424
67451
67459
67465
67477
67489
67490
67491
67500
67501
67510
67518
67519
67523
67535
67538
67542
67545
67553
67558
67569
67577
67594
67621
67621
67636
67644
67663
67688
67693
67698
67699
67702
67726
67729
67739
67757
67760
67761
67783
67806
67825
67830
67834
67834
67842
67849
67861
67866
67903
67909
67922
67938
67981
68001
68003
68012
68012
68023
68030
68031
68036
68062
68070
68076
68087
68088
68090
68107
68132
68163
68167
68168
68171
68180
68185
68190
68192
68195
68217
68242
68266
68268
68291
68297
68305
68308
68327
68350
68374
68380
68383
68400
68402
68404
68415
68430
68431
68441
68449
68451
68456
68478
68485
68492
68515
68522
68529
68535
68536
68536
68546
68560
68567
68572
68573
68578
68582
68586
68589
68589
68600
68602
68604
68606
68608
68610
68626
68627
68652
68690
68710
68713
68736
68736
68739
68743
68762
68768
68778
68784
68817
68835
68841
68847
68854
68855
68864
68869
68875
68883
68889
68907
68913
68913
68919
68934
68934
68935
68941
68960
69003
69012
69021
69025
69039
69043
69049
69052
69058
69061
69069
69094
69096
69108
69112
69121
69141
69147
69180
69182
69195
69217
69223
69232
69236
69241
69245
69252
69263
69278
69302
69316
69349
69362
69373
69385
69389
69392
69393
69413
69415
69417
69417
69441
69463
69467
69479
69487
69489
69491
69495
69497
69506
69515
69522
69526
69551
69601
69605
69609
69610
69631
69634
69635
69643
69644
69682
69699
69700
69712
69733
69741
69745
69754
69775
69776
69787
69789
69792
69798
69803
69809
69824
69831
69853
69865
69886
69887
69930
69947
69966
69970
69975
69976
69994
69997
69998
69999
70001
70004
70021
70030
70034
70035
70045
70045
70055
70059
70067
70080
70087
70088
70103
70106
70113
70119
70123
70126
70140
70142
70162
70170
70181
70218
70233
70240
70243
70244
70251
70251
70254
70255
70256
70265
70268
70271
70274
70279
70310
70320
70336
70358
70370
70373
70379
70386
70388
70396
70404
70424
70444
70462
70466
70471
70476
70478
70478
70482
70482
70489
70517
70527
70552
70564
70567
70569
70578
70579
70599
70617
70618
70632
70632
70635
70658
70671
70677
70682
70685
70695
70700
70702
70708
70710
70726
70746
70759
70773
70789
70792
70831
70832
70838
70849
70858
70871
70881
70884
70900
70907
70908
70920
70924
70931
70941
70949
70956
70957
70958
70959
70966
70974
70977
70980
70984
71016
71033
71044
71056
71069
71074
71076
71080
71080
71092
71135
71142
71150
71154
71160
71165
71165
71171
71177
71179
71199
71205
71216
71232
71235
71241
71251
71265
71275
71297
71299
71301
71301
71302
71316
71319
71320
71343
71350
71376
71386
71396
71427
71442
71454
71455
71483
71502
71516
71523
71540
71544
71546
71558
71591
71592
71606
71614
71618
71619
71628
71647
71659
71665
71665
71670
71681
71683
71696
71705
71724
71755
71772
71778
71782
71789
71793
71794
71796
71817
71818
71833
71844
71844
71848
71850
71879
71893
71898
71902
71903
71903
71928
71934
71962
71968
71979
72007
72020
72037
72050
72087
72098
72103
72124
72129
72135
72145
72145
72158
72170
72199
72205
72214
72220
72222
72230
72236
72241
72242
72248
72252
72267
72300
72307
72326
72331
72337
72384
72391
72403
72413
72427
72435
72466
72473
72481
72501
72516
72532
72536
72557
72570
72578
72602
72626
72637
72649
72653
72693
72722
72735
72750
72756
72783
72789
72799
72804
72834
72835
72866
72871
72877
72926
72927
72927
72940
72967
72968
72972
72984
72995
73007
73008
73015
73044
73047
73067
73067
73076
73078
73081
73087
73088
73095
73107
73109
73126
73140
73151
73164
73170
73183
73183
73191
73205
73209
73218
73222
73236
73253
73253
73264
73267
73307
73325
73334
73342
73342
73343
73363
73365
73384
73393
73409
73413
73416
73435
73441
73442
73469
73489
73518
73523
73527
73537
73553
73554
73556
73561
73618
73619
73636
73641
73653
73660
73662
73690
73703
73710
73716
73728
73737
73738
73748
73758
73762
73766
73782
73789
73807
73812
73844
73851
73859
73871
73880
73885
73924
73924
73941
73950
73969
73974
73982
73993
74044
74058
74063
74065
74074
74086
74091
74104
74109
74115
74115
74119
74124
74149
74151
74152
74187
74194
74196
74214
74251
74253
74253
74254
74266
74278
74313
74315
74323
74329
74329
74331
74359
74367
74369
74379
74404
74427
74431
74437
74448
74450
74453
74465
74466
74499
74504
74508
74523
74525
74526
74557
74582
74595
74618
74624
74633
74652
74655
74689
74691
74705
74709
74712
74715
74731
74747
74779
74785
74790
74809
74844
74844
74845
74849
74876
74884
74888
74902
74906
74908
74919
74921
74924
74971
74973
74987
75002
75006
75011
75014
75018
75026
75056
75064
75070
75092
75106
75108
75112
75115
75180
75191
75204
75213
75225
75227
75230
75241
75250
75269
75276
75279
75287
75324
75359
75400
75404
75448
75449
75450
75453
75470
75527
75535
75558
75559
75565
75579
75579
75588
75598
75607
75614
75642
75648
75654
75674
75680
75682
75694
75694
75706
75730
75749
75755
75756
75762
75770
75772
75774
75778
75782
75800
75801
75807
75811
75838
75851
75857
75869
75877
75877
75881
75932
75940
75951
75958
75969
75992
76001
76015
76057
76067
76084
76095
76106
76125
76132
76140
76149
76163
76190
76192
76229
76231
76234
76241
76245
76252
76293
76330
76331
76351
76366
76400
76404
76436
76447
76460
76465
76477
76480
76490
76496
76498
76513
76528
76535
76546
76566
76584
76599
76629
76637
76638
76642
76646
76665
76676
76697
76698
76701
76706
76708
76721
76722
76738
76757
76762
76762
76766
76775
76777
76796
76803
76844
76848
76858
76862
76867
76877
76893
76895
76910
76911
76922
76942
76951
76956
76983
76988
77008
77011
77014
77017
77023
77037
77051
77085
77087
77093
77100
77126
77132
77148
77149
77154
77162
77165
77165
77170
77173
77175
77185
77186
77190
77191
77210
77228
77237
77248
77257
77265
77268
77269
77278
77285
77301
77322
77325
77333
77342
77345
77348
77350
77379
77380
77405
77412
77425
77425
77425
77426
77427
77439
77447
77477
77479
77495
77529
77533
77542
77548
77571
77604
77605
77649
77664
77683
77690
77704
77709
77716
77716
77717
77720
77730
77733
77741
77756
77766
77779
77782
77782
77789
77794
77818
77827
77836
77839
77854
77860
77860
77864
77886
77886
77886
77891
77892
77896
77896
77906
77916
77923
77927
77940
77946
77950
77955
77962
77966
77983
77999
78027
78031
78040
78046
78070
78087
78097
78112
78113
78117
78135
78137
78140
78145
78146
78150
78150
78163
78166
78200
78203
78206
78214
78221
78230
78256
78257
78317
78331
78343
78350
78352
78357
78358
78368
78377
78396
78406
78408
78411
78421
78439
78442
78464
78465
78468
78480
78492
78504
78504
78517
78534
78539
78540
78542
78543
78549
78572
78582
78599
78601
78605
78617
78624
78636
78639
78647
78648
78652
78654
78662
78663
78670
78674
78678
78683
78697
78697
78697
78716
78720
78746
78765
78772
78785
78797
78810
78823
78825
78825
78833
78850
78852
78853
78854
78858
78867
78869
78875
78876
78885
78894
78899
78921
78963
78965
78971
78971
78981
78981
79005
79009
79012
79014
79014
79016
79017
79034
79035
79038
79067
79069
79073
79083
79094
79095
79106
79108
79116
79150
79153
79154
79175
79186
79190
79191
79198
79201
79206
79208
79208
79219
79219
79228
79228
79272
79273
79278
79298
79298
79309
79309
79312
79320
79323
79342
79346
79355
79358
79370
79379
79382
79387
79429
79450
79466
79472
79475
79478
79481
79485
79489
79490
79510
79515
79525
79544
79563
79577
79636
79637
79640
79655
79662
79663
79674
79700
79741
79746
79765
79799
79805
79810
79825
79828
79829
79830
79835
79854
79861
79864
79874
79888
79954
79957
79974
79978
80003
80003
80017
80019
80032
80046
80049
80057
80075
80094
80129
80132
80137
80147
80166
80171
80197
80197
80203
80219
80262
80268
80273
80276
80277
80338
80384
80391
80393
80411
80434
80436
80437
80438
80441
80444
80452
80458
80464
80471
80485
80491
80495
80510
80530
80534
80545
80553
80572
80591
80592
80629
80630
80671
80676
80678
80684
80694
80694
80699
80703
80708
80709
80711
80715
80724
80741
80751
80765
80771
80795
80798
80810
80818
80822
80876
80882
80886
80900
80903
80914
80924
80926
80967
80969
81013
81017
81038
81053
81065
81073
81076
81077
81084
81095
81103
81105
81115
81143
81181
81196
81210
81228
81236
81238
81255
81263
81269
81269
81274
81274
81278
81283
81293
81301
81315
81316
81324
81331
81347
81351
81374
81377
81379
81384
81398
81399
81417
81424
81429
81430
81434
81441
81441
81449
81458
81472
81473
81475
81479
81488
81499
81515
81526
81527
81543
81545
81613
81631
81651
81661
81668
81688
81690
81694
81701
81704
81704
81713
81716
81742
81767
81779
81787
81787
81799
81884
81914
81915
81932
81932
81944
81955
81962
82006
82007
82018
82027
82042
82058
82061
82066
82074
82079
82094
82096
82116
82132
82151
82158
82158
82180
82182
82187
82196
82209
82231
82231
82242
82247
82253
82270
82285
82285
82304
82304
82304
82307
82318
82339
82339
82344
82381
82399
82436
82436
82438
82439
82477
82483
82497
82516
82516
82531
82533
82536
82541
82568
82576
82595
82608
82623
82674
82684
82690
82720
82725
82760
82769
82770
82790
82820
82822
82861
82872
82884
82888
82943
82959
82964
82966
82973
82973
83017
83021
83023
83024
83025
83035
83037
83062
83076
83085
83088
83097
83131
83132
83138
83153
83157
83161
83163
83176
83177
83195
83205
83208
83224
83226
83242
83242
83242
83249
83251
83272
83272
83273
83279
83285
83323
83324
83332
83340
83351
83353
83356
83361
83366
83375
83382
83391
83398
83401
83426
83464
83476
83481
83496
83497
83507
83507
83510
83515
83516
83522
83528
83538
83557
83558
83560
83569
83576
83604
83612
83640
83641
83653
83667
83674
83729
83730
83753
83759
83760
83772
83781
83797
83809
83824
83827
83831
83832
83833
83834
83836
83855
83864
83868
83874
83882
83933
83955
83957
83972
83999
84019
84029
84040
84060
84065
84086
84098
84111
84122
84127
84128
84134
84146
84153
84164
84169
84180
84200
84217
84225
84256
84275
84283
84293
84306
84330
84330
84340
84360
84368
84385
84395
84401
84403
84419
84419
84430
84432
84434
84441
84448
84459
84491
84502
84538
84543
84545
84560
84579
84582
84585
84592
84597
84603
84615
84629
84640
84641
84645
84669
84676
84686
84687
84715
84723
84730
84732
84749
84754
84765
84798
84801
84827
84830
84838
84850
84853
84855
84865
84876
84884
84896
84942
84950
84952
84954
84955
84977
84986
84999
85024
85046
85066
85067
85079
85084
85092
85097
85109
85111
85111
85136
85161
85164
85172
85175
85177
85181
85216
85240
85245
85255
85261
85291
85296
85313
85327
85362
85368
85383
85419
85426
85442
85450
85470
85481
85482
85502
85514
85515
85533
85539
85549
85554
85561
85581
85583
85588
85595
85623
85629
85661
85675
85678
85706
85731
85734
85735
85758
85760
85780
85788
85817
85833
85836
85846
85854
85856
85863
85874
85878
85885
85887
85933
85959
86006
86030
86036
86038
86079
86087
86090
86100
86106
86107
86109
86133
86153
86164
86192
86197
86200
86219
86236
86264
86265
86292
86317
86339
86347
86373
86381
86410
86411
86422
86422
86466
86466
86475
86489
86489
86496
86501
86525
86528
86528
86532
86546
86554
86595
86597
86630
86672
86677
86698
86698
86744
86751
86754
86766
86768
86822
86865
86933
86933
86950
86951
86965
86975
86989
87004
87021
87028
87049
87051
87078
87105
87113
87133
87141
87163
87189
87197
87207
87213
87221
87223
87223
87238
87242
87310
87319
87330
87332
87376
87403
87414
87415
87417
87424
87434
87446
87452
87477
87484
87511
87516
87545
87555
87557
87568
87576
87599
87607
87615
87635
87639
87644
87675
87678
87720
87722
87752
87756
87781
87786
87789
87842
87846
87852
87855
87859
87899
87912
87927
87944
87944
87947
87967
88001
88012
88020
88025
88096
88114
88120
88154
88163
88166
88179
88208
88254
88273
88274
88279
88307
88310
88322
88327
88337
88353
88364
88364
88377
88394
88402
88425
88476
88497
88501
88520
88560
88630
88636
88647
88653
88670
88676
88686
88711
88721
88746
88774
88790
88838
88847
88847
88848
88853
88860
88867
88893
88893
88893
88894
88903
88908
88921
88927
88935
88942
88953
88994
89030
89034
89062
89068
89085
89107
89122
89139
89157
89187
89191
89201
89241
89248
89297
89305
89315
89325
89363
89364
89391
89416
89454
89485
89500
89534
89553
89619
89623
89626
89634
89643
89643
89649
89653
89655
89663
89665
89701
89711
89718
89736
89745
89749
89751
89756
89761
89765
89793
89822
89837
89849
89880
89893
89906
89987
90005
90047
90052
90057
90111
90153
90156
90161
90186
90217
90254
90282
90295
90305
90310
90332
90347
90349
90349
90355
90360
90382
90386
90405
90407
90423
90426
90439
90454
90458
90466
90468
90471
90512
90538
90545
90568
90590
90592
90666
90676
90685
90691
90696
90696
90758
90760
90774
90778
90780
90790
90796
90839
90851
90870
90874
90876
90876
90927
90930
90939
90974
90989
91011
91015
91031
91048
91058
91079
91100
91103
91105
91145
91149
91173
91202
91216
91234
91238
91245
91247
91258
91290
91299
91316
91343
91408
91413
91422
91436
91455
91465
91471
91517
91532
91544
91549
91561
91580
91584
91614
91621
91624
91635
91642
91681
91685
91705
91729
91730
91732
91733
91743
91778
91865
91879
91880
91886
91896
91898
91906
91919
91921
91932
91932
91934
91935
91961
91972
91978
91993
91997
91998
92016
92031
92040
92046
92048
92080
92119
92133
92136
92157
92225
92242
92255
92262
92267
92274
92276
92287
92304
92309
92356
92368
92374
92374
92397
92403
92406
92410
92416
92451
92461
92490
92507
92508
92524
92529
92533
92545
92558
92560
92562
92567
92576
92595
92599
92607
92609
92620
92623
92670
92674
92679
92722
92725
92757
92761
92781
92830
92844
92917
92917
92941
93019
93022
93060
93063
93071
93157
93171
93174
93179
93221
93286
93291
93323
93329
93366
93381
93417
93454
93455
93456
93458
93461
93521
93556
93560
93566
93631
93652
93673
93682
93689
93704
93704
93748
93784
93824
93858
93879
93900
93904
93907
93918
93921
93941
93948
93964
93964
93987
93987
93990
93991
94002
94009
94018
94037
94068
94072
94098
94102
94102
94116
94139
94139
94143
94169
94185
94203
94206
94216
94217
94249
94272
94289
94334
94359
94387
94392
94404
94475
94499
94506
94507
94508
94531
94533
94542
94545
94547
94590
94591
94609
94621
94636
94653
94654
94673
94688
94714
94724
94734
94744
94770
94837
94838
94845
94853
94868
94869
94884
94887
94904
94910
94914
94929
94933
94956
94959
94961
94965
94980
94987
94989
94999
95002
95004
95014
95044
95054
95076
95082
95136
95144
95165
95170
95174
95199
95208
95231
95250
95282
95311
95321
95327
95366
95368
95384
95405
95416
95437
95440
95448
95451
95453
95469
95490
95500
95502
95532
95533
95534
95547
95559
95578
95586
95592
95609
95615
95632
95640
95642
95649
95662
95688
95688
95745
95758
95804
95827
95831
95833
95836
95848
95851
95863
95871
95885
95890
95913
95925
95927
95939
95971
96005
96028
96029
96068
96073
96080
96083
96096
96100
96104
96113
96117
96130
96174
96196
96206
96213
96236
96249
96259
96269
96303
96353
96355
96356
96359
96369
96377
96382
96386
96398
96410
96422
96473
96489
96491
96495
96497
96511
96548
96555
96599
96613
96621
96641
96656
96680
96681
96713
96718
96720
96742
96749
96772
96776
96837
96843
96867
96873
96885
96886
96896
96915
96916
96932
96933
96937
96947
96955
96979
96994
97017
97027
97032
97055
97059
97105
97115
97147
97156
97161
97190
97211
97221
97224
97238
97265
97283
97301
97349
97354
97363
97388
97426
97431
97440
97460
97461
97461
97476
97495
97499
97500
97506
97510
97510
97545
97573
97583
97587
97607
97613
97620
97632
97638
97691
97697
97708
97722
97791
97797
97799
97804
97827
97833
97839
97856
97866
97902
97955
97981
97981
97984
98003
98017
98026
98039
98082
98117
98132
98136
98140
98141
98161
98191
98193
98227
98229
98234
98241
98243
98290
98300
98321
98345
98357
98359
98360
98389
98391
98415
98422
98428
98429
98431
98437
98457
98462
98465
98477
98482
98489
98496
98501
98530
98541
98544
98584
98585
98592
98593
98596
