4
7
19
19
31
34
49
56
57
84
92
96
98
103
103
114
124
135
140
154
158
164
187
199
201
201
226
226
231
231
231
232
241
253
258
274
280
288
310
315
331
332
337
345
345
349
349
360
375
378
382
389
393
398
401
403
405
407
412
414
423
442
447
454
457
457
474
478
479
483
487
493
523
537
546
547
563
569
595
598
610
615
617
617
617
621
625
636
649
650
654
684
690
707
715
715
721
736
743
748
767
769
776
790
791
796
797
811
815
816
824
828
833
837
840
849
849
853
856
862
881
888
898
906
913
925
927
931
939
950
962
973
978
978
982
987
988
996
997
998
1006
1007
1014
1017
1028
1028
1028
1028
1061
1062
1070
1074
1080
1081
1097
1098
1105
1106
1122
1137
1152
1154
1157
1169
1174
1178
1182
1187
1193
1195
1196
1201
1201
1222
1222
1230
1230
1237
1238
1249
1249
1257
1260
1265
1268
1288
1318
1323
1332
1338
1339
1341
1343
1346
1364
1368
1375
1392
1398
1407
1427
1427
1429
1436
1437
1448
1450
1451
1457
1469
1478
1487
1493
1496
1504
1505
1515
1520
1528
1529
1530
1533
1549
1551
1553
1559
1570
1571
1572
1573
1577
1581
1591
1593
1597
1613
1617
1618
1628
1634
1637
1642
1656
1660
1662
1662
1673
1683
1685
1694
1694
1695
1696
1712
1714
1717
1717
1720
1723
1724
1725
1726
1728
1730
1734
1735
1736
1739
1741
1748
1748
1768
1771
1773
1791
1802
1812
1818
1866
1880
1882
1895
1899
1911
1911
1922
1930
1931
1932
1941
1942
1943
1949
1952
1953
1957
1957
1958
1976
1983
1986
1987
1992
1993
1995
1995
2004
2023
2028
2029
2034
2050
2056
2067
2069
2070
2075
2075
2076
2080
2085
2087
2094
2120
2122
2123
2128
2137
2139
2141
2143
2148
2150
2154
2160
2165
2196
2197
2200
2201
2204
2209
2210
2215
2220
2230
2238
2241
2254
2274
2284
2297
2303
2305
2309
2315
2324
2335
2338
2339
2340
2375
2380
2385
2390
2405
2407
2412
2427
2439
2444
2449
2458
2460
2471
2475
2484
2494
2497
2499
2500
2507
2532
2538
2586
2586
2606
2607
2615
2618
2625
2625
2628
2635
2636
2636
2637
2639
2645
2646
2652
2652
2666
2667
2698
2703
2708
2711
2717
2725
2735
2742
2745
2747
2773
2779
2799
2821
2834
2840
2842
2852
2860
2872
2873
2880
2880
2884
2890
2894
2897
2930
2945
2946
2949
2960
2963
2970
2974
2980
2981
2981
2984
2990
2992
2996
3024
3049
3051
3054
3057
3066
3068
3080
3080
3121
3122
3125
3143
3143
3144
3149
3156
3173
3181
3184
3186
3187
3198
3201
3212
3219
3229
3229
3237
3245
3246
3250
3260
3264
3299
3305
3306
3311
3326
3327
3342
3344
3348
3352
3358
3383
3397
3401
3406
3411
3423
3430
3432
3440
3443
3446
3470
3494
3502
3504
3505
3507
3509
3510
3532
3534
3541
3556
3556
3583
3591
3594
3597
3602
3604
3609
3633
3639
3645
3654
3661
3678
3681
3701
3709
3715
3718
3722
3729
3741
3743
3743
3750
3752
3775
3777
3791
3792
3795
3804
3813
3815
3822
3854
3859
3864
3868
3883
3885
3912
3913
3926
3938
3940
3954
3959
3959
3971
3974
3992
3993
4006
4013
4033
4048
4050
4059
4072
4075
4090
4092
4096
4101
4111
4111
4112
4121
4129
4131
4133
4147
4150
4171
4178
4179
4188
4190
4191
4204
4214
4220
4229
4234
4243
4247
4254
4255
4258
4265
4267
4278
4295
4300
4315
4323
4333
4353
4372
4375
4381
4382
4384
4386
4388
4388
4427
4439
4479
4481
4506
4508
4524
4529
4530
4534
4540
4545
4546
4554
4568
4572
4580
4587
4591
4594
4599
4616
4618
4626
4628
4649
4657
4681
4682
4696
4698
4707
4712
4722
4730
4733
4737
4758
4760
4763
4772
4778
4780
4781
4782
4784
4785
4812
4845
4846
4853
4857
4859
4865
4881
4888
4893
4908
4909
4911
4912
4924
4946
4950
4953
4970
4977
4978
4983
4995
4998
5011
5015
5018
5048
5050
5060
5098
5103
5120
5122
5123
5141
5152
5164
5167
5184
5193
5207
5222
5226
5234
5267
5267
5274
5282
5282
5305
5306
5311
5327
5332
5334
5335
5350
5377
5382
5391
5398
5398
5400
5413
5446
5453
5460
5462
5463
5490
5495
5523
5542
5546
5550
5552
5552
5558
5559
5567
5570
5578
5582
5583
5592
5593
5598
5612
5616
5628
5631
5635
5651
5651
5652
5658
5662
5685
5688
5695
5697
5701
5708
5710
5712
5713
5721
5730
5734
5740
5740
5752
5756
5764
5765
5772
5778
5780
5786
5787
5788
5792
5803
5807
5816
5824
5826
5837
5839
5879
5908
5913
5921
5959
5962
5970
5974
5976
5978
5978
5980
6010
6015
6022
6041
6058
6060
6083
6089
6089
6090
6106
6155
6156
6156
6160
6169
6184
6192
6195
6195
6196
6196
6211
6214
6220
6238
6250
6251
6256
6264
6288
6351
6353
6355
6363
6381
6388
6400
6410
6422
6424
6433
6436
6436
6437
6446
6465
6480
6487
6489
6494
6501
6516
6519
6520
6520
6529
6550
6552
6559
6566
6571
6573
6584
6587
6589
6601
6607
6608
6609
6623
6638
6639
6640
6647
6660
6663
6675
6697
6702
6710
6717
6733
6740
6761
6764
6768
6800
6824
6825
6830
6842
6852
6866
6871
6874
6885
6915
6947
6953
6955
6956
6968
6974
6980
6982
6987
7001
7014
7019
7023
7028
7047
7066
7075
7077
7081
7086
7108
7124
7133
7147
7154
7169
7174
7176
7178
7183
7199
7208
7223
7246
7253
7272
7293
7311
7319
7325
7331
7336
7337
7352
7358
7363
7366
7368
7400
7404
7413
7433
7442
7446
7460
7466
7488
7499
7499
7508
7517
7522
7524
7540
7557
7560
7563
7564
7586
7599
7603
7604
7617
7623
7630
7650
7660
7668
7689
7700
7713
7719
7724
7751
7760
7762
7787
7792
7795
7806
7809
7838
7843
7844
7863
7883
7902
7906
7914
7916
7929
7940
7945
7949
7955
7958
7960
7981
7985
7986
8005
8008
8020
8021
8023
8025
8029
8031
8034
8037
8050
8069
8078
8081
8083
8092
8096
8096
8117
8122
8122
8122
8131
8133
8135
8141
8146
8154
8155
8157
8163
8172
8199
8200
8230
8240
8245
8257
8259
8260
8262
8264
8270
8279
8281
8305
8313
8317
8329
8332
8341
8348
8350
8354
8368
8369
8372
8372
8407
8409
8411
8416
8420
8437
8440
8442
8452
8456
8457
8472
8497
8498
8505
8506
8512
8513
8530
8538
8541
8561
8563
8565
8579
8584
8591
8599
8604
8606
8614
8620
8635
8639
8646
8659
8693
8694
8710
8710
8717
8721
8737
8739
8740
8743
8750
8750
8755
8758
8770
8771
8779
8796
8801
8803
8806
8806
8825
8839
8841
8848
8857
8874
8883
8886
8888
8892
8913
8916
8942
8943
8944
8965
8967
8969
8970
8970
8991
8998
9001
9009
9036
9075
9095
9114
9119
9120
9130
9145
9151
9170
9171
9174
9177
9182
9183
9187
9189
9193
9219
9221
9233
9234
9239
9239
9250
9259
9259
9270
9277
9290
9302
9376
9396
9404
9418
9424
9431
9438
9439
9439
9456
9472
9498
9512
9517
9521
9523
9530
9536
9550
9560
9568
9576
9590
9592
9595
9602
9611
9613
9614
9626
9628
9644
9644
9644
9650
9654
9672
9694
9712
9713
9722
9727
9728
9728
9762
9763
9766
9767
9774
9776
9787
9789
9791
9801
9805
9809
9811
9812
9821
9848
9893
9917
9938
9941
9948
9951
9961
9961
9978
9989
9995
9996
10004
10012
10019
10024
10041
10051
10055
10057
10065
10068
10070
10088
10094
10121
10126
10130
10142
10151
10155
10157
10167
10177
10187
10197
10202
10215
10217
10222
10227
10232
10240
10243
10250
10251
10258
10266
10272
10288
10295
10304
10315
10319
10321
10322
10323
10331
10333
10352
10357
10391
10393
10405
10414
10429
10453
10474
10482
10482
10488
10490
10510
10510
10520
10528
10574
10575
10577
10586
10587
10594
10612
10618
10618
10623
10646
10654
10673
10694
10696
10697
10698
10717
10719
10727
10748
10753
10759
10768
10769
10780
10807
10810
10829
10829
10838
10845
10846
10852
10852
10858
10862
10889
10891
10905
10920
10931
10932
10937
10955
10955
10973
10974
10994
10996
11011
11020
11027
11031
11032
11038
11049
11050
11069
11086
11097
11103
11104
11116
11121
11123
11129
11138
11139
11139
11141
11167
11172
11197
11197
11201
11210
11213
11214
11228
11241
11242
11245
11259
11264
11267
11285
11287
11306
11333
11350
11353
11364
11375
11388
11391
11397
11401
11428
11448
11451
11453
11459
11486
11496
11515
11519
11526
11539
11546
11556
11556
11557
11558
11560
11576
11588
11590
11592
11615
11626
11628
11634
11638
11647
11667
11679
11679
11680
11690
11702
11709
11710
11714
11717
11721
11739
11741
11746
11747
11752
11754
11762
11774
11780
11784
11786
11801
11803
11809
11814
11823
11835
11852
11859
11860
11869
11870
11891
11896
11908
11911
11915
11920
11942
11956
11970
11984
11986
11994
12011
12011
12014
12016
12021
12023
12026
12030
12033
12038
12054
12056
12060
12061
12065
12069
12080
12098
12104
12134
12144
12158
12162
12172
12173
12186
12191
12193
12202
12205
12210
12215
12224
12224
12225
12227
12228
12229
12236
12241
12242
12243
12246
12248
12250
12262
12276
12282
12289
12291
12301
12312
12317
12323
12324
12346
12363
12365
12373
12374
12378
12379
12380
12384
12399
12401
12406
12419
12420
12423
12424
12431
12462
12465
12472
12486
12511
12513
12523
12536
12558
12571
12571
12572
12573
12584
12604
12610
12612
12624
12638
12645
12647
12653
12699
12702
12730
12736
12759
12765
12767
12774
12777
12777
12777
12793
12795
12798
12823
12831
12845
12850
12863
12897
12900
12901
12906
12909
12911
12934
12947
12951
12951
12958
12963
12971
12978
12980
12982
12995
13009
13010
13016
13016
13031
13034
13049
13058
13062
13067
13069
13072
13081
13087
13088
13090
13096
13096
13101
13109
13110
13122
13123
13123
13134
13135
13148
13164
13176
13177
13183
13184
13189
13196
13202
13249
13253
13258
13268
13272
13275
13277
13285
13293
13295
13296
13303
13314
13323
13362
13376
13384
13385
13385
13387
13387
13390
13401
13422
13435
13439
13442
13461
13473
13476
13479
13480
13482
13483
13518
13536
13552
13561
13581
13587
13588
13593
13596
13619
13620
13633
13633
13646
13647
13648
13650
13654
13661
13665
13672
13672
13686
13689
13703
13728
13733
13743
13746
13755
13790
13794
13800
13802
13811
13814
13814
13823
13832
13842
13844
13844
13846
13849
13853
13863
13865
13886
13891
13895
13905
13911
13914
13917
13939
13944
13944
13952
13965
13965
13966
13966
13977
13979
13987
13987
14002
14003
14012
14014
14023
14043
14059
14064
14071
14082
14084
14110
14127
14149
14153
14156
14166
14171
14174
14176
14178
14179
14197
14200
14201
14210
14231
14244
14249
14252
14266
14274
14278
14295
14312
14316
14323
14326
14327
14331
14336
14346
14349
14357
14362
14382
14384
14408
14408
14414
14415
14418
14448
14458
14472
14477
14477
14480
14481
14509
14510
14517
14526
14528
14530
14532
14533
14537
14540
14552
14556
14560
14561
14562
14577
14590
14605
14618
14623
14637
14638
14643
14647
14656
14660
14661
14672
14677
14683
14693
14697
14708
14712
14730
14731
14732
14733
14745
14747
14754
14754
14755
14774
14782
14796
14808
14812
14816
14816
14818
14820
14824
14837
14852
14859
14859
14867
14874
14877
14886
14889
14892
14895
14897
14901
14905
14906
14906
14913
14913
14916
14918
14918
14931
14968
14971
14977
15008
15012
15017
15019
15023
15025
15041
15062
15078
15079
15087
15092
15102
15107
15113
15130
15137
15152
15160
15172
15176
15184
15185
15196
15201
15213
15218
15221
15228
15228
15252
15254
15255
15257
15259
15267
15269
15271
15284
15286
15288
15289
15308
15329
15338
15350
15351
15352
15352
15357
15359
15376
15385
15389
15406
15415
15434
15439
15443
15454
15470
15476
15481
15495
15496
15510
15513
15519
15539
15543
15567
15569
15569
15586
15606
15607
15611
15630
15631
15635
15637
15648
15666
15673
15677
15687
15687
15703
15705
15713
15720
15723
15737
15755
15781
15784
15790
15802
15802
15804
15811
15819
15819
15860
15876
15881
15886
15895
15914
15915
15919
15926
15935
15936
15941
15948
15948
15952
15953
15956
15961
15963
15967
15970
15970
15979
16027
16036
16042
16056
16058
16070
16080
16083
16089
16093
16119
16123
16136
16142
16142
16153
16163
16165
16171
16172
16181
16181
16201
16202
16215
16221
16225
16239
16268
16290
16291
16294
16304
16353
16361
16363
16365
16379
16389
16427
16437
16440
16454
16481
16520
16527
16528
16542
16565
16567
16568
16568
16577
16597
16607
16623
16636
16637
16644
16654
16677
16682
16693
16702
16703
16714
16717
16717
16729
16731
16748
16761
16764
16790
16792
16792
16792
16795
16803
16808
16838
16862
16862
16875
16878
16883
16889
16914
16918
16922
16928
16952
16959
16963
16964
16968
16969
16973
16973
16985
16988
16995
17003
17017
17038
17047
17061
17071
17072
17075
17081
17081
17085
17107
17134
17135
17137
17140
17167
17168
17181
17182
17206
17207
17209
17221
17222
17224
17230
17236
17255
17256
17259
17263
17263
17270
17276
17286
17302
17310
17320
17322
17327
17337
17356
17364
17370
17377
17378
17386
17394
17396
17397
17414
17415
17416
17430
17440
17463
17464
17465
17467
17476
17483
17485
17487
17489
17489
17494
17497
17509
17533
17534
17562
17569
17570
17583
17585
17587
17591
17610
17617
17619
17629
17638
17661
17667
17672
17689
17689
17692
17701
17705
17722
17742
17750
17753
17754
17781
17787
17791
17813
17816
17822
17849
17852
17855
17861
17862
17875
17875
17876
17878
17881
17898
17899
17907
17935
17940
17948
17951
17957
17979
17987
18000
18007
18009
18020
18031
18038
18048
18050
18050
18053
18058
18066
18075
18078
18079
18101
18110
18119
18120
18124
18129
18137
18144
18145
18166
18175
18190
18221
18223
18226
18230
18232
18236
18242
18247
18268
18273
18288
18302
18308
18329
18342
18354
18371
18374
18385
18391
18414
18417
18426
18434
18439
18456
18464
18475
18479
18491
18497
18502
18504
18531
18547
18552
18553
18558
18575
18583
18595
18622
18633
18637
18653
18656
18662
18665
18685
18690
18692
18703
18715
18724
18737
18738
18746
18757
18779
18779
18800
18806
18832
18836
18838
18839
18844
18871
18876
18877
18886
18896
18903
18909
18933
18939
18942
18951
18955
18959
18962
18972
18974
18980
18981
18983
18998
19003
19016
19032
19047
19060
19075
19091
19100
19109
19128
19130
19131
19148
19164
19175
19180
19181
19193
19195
19209
19213
19217
19219
19224
19225
19241
19247
19253
19260
19262
19269
19271
19274
19278
19311
19317
19318
19319
19368
19373
19399
19403
19405
19427
19429
19435
19457
19465
19479
19492
19494
19496
19498
19513
19513
19517
19518
19523
19527
19533
19545
19566
19570
19575
19577
19583
19593
19594
19629
19631
19633
19645
19649
19670
19673
19675
19682
19683
19684
19693
19708
19710
19714
19725
19731
19734
19735
19740
19744
19744
19752
19761
19776
19778
19793
19803
19809
19840
19854
19864
19872
19874
19900
19903
19903
19917
19931
19933
19935
19938
19939
19951
19951
19957
19965
19990
19995
20006
20012
20013
20031
20034
20106
20121
20132
20133
20135
20135
20139
20142
20153
20157
20182
20191
20197
20204
20215
20225
20228
20248
20254
20257
20275
20313
20322
20344
20347
20348
20372
20376
20376
20410
20410
20415
20429
20431
20434
20440
20441
20450
20463
20486
20498
20507
20522
20523
20527
20534
20547
20570
20574
20588
20592
20592
20593
20599
20612
20618
20621
20631
20638
20649
20664
20683
20686
20690
20715
20724
20728
20735
20748
20763
20765
20795
20799
20824
20836
20840
20845
20846
20853
20867
20868
20874
20903
20904
20910
20911
20915
20918
20919
20926
20938
20938
20943
20960
20963
20967
20975
21025
21026
21032
21037
21041
21045
21049
21049
21066
21073
21090
21098
21122
21125
21134
21142
21145
21162
21164
21170
21186
21204
21207
21228
21231
21237
21245
21248
21251
21256
21256
21262
21275
21275
21284
21289
21293
21295
21310
21317
21327
21335
21335
21335
21336
21347
21357
21364
21386
21405
21412
21417
21430
21439
21444
21451
21456
21461
21462
21463
21474
21474
21482
21482
21483
21485
21487
21490
21505
21516
21524
21540
21545
21559
21560
21561
21564
21579
21581
21585
21593
21614
21617
21651
21657
21663
21668
21669
21694
21743
21753
21761
21771
21787
21787
21789
21791
21794
21795
21800
21812
21819
21820
21824
21825
21836
21842
21847
21849
21852
21861
21864
21864
21869
21878
21887
21896
21897
21929
21933
21942
21945
21949
21950
21957
21958
21967
21982
21992
22002
22058
22071
22083
22088
22093
22099
22107
22110
22112
22117
22128
22133
22156
22164
22177
22179
22189
22190
22197
22203
22223
22223
22230
22231
22246
22247
22254
22263
22264
22271
22287
22300
22313
22316
22319
22321
22332
22349
22352
22360
22373
22373
22374
22393
22396
22401
22401
22401
22408
22433
22439
22453
22457
22458
22461
22462
22477
22480
22485
22491
22494
22499
22503
22513
22514
22531
22537
22546
22558
22560
22563
22584
22585
22600
22620
22625
22628
22630
22639
22644
22654
22655
22663
22667
22679
22679
22685
22698
22699
22701
22703
22718
22724
22736
22744
22747
22751
22759
22763
22768
22769
22792
22792
22803
22804
22805
22817
22822
22822
22845
22845
22850
22853
22861
22864
22884
22896
22896
22904
22904
22912
22915
22944
22962
22964
22967
22984
22994
23015
23020
23032
23034
23051
23063
23068
23072
23084
23095
23095
23101
23104
23111
23118
23119
23125
23144
23153
23157
23157
23160
23190
23191
23196
23197
23222
23243
23247
23256
23259
23260
23263
23284
23287
23300
23310
23312
23320
23322
23326
23329
23343
23344
23349
23353
23400
23403
23426
23427
23429
23444
23451
23473
23476
23486
23488
23508
23515
23527
23536
23536
23548
23552
23556
23563
23576
23580
23581
23582
23589
23594
23594
23597
23604
23606
23611
23615
23616
23624
23633
23636
23662
23688
23702
23703
23709
23713
23716
23728
23751
23779
23784
23790
23794
23794
23802
23803
23817
23819
23821
23833
23837
23837
23840
23843
23863
23869
23873
23880
23882
23889
23927
23935
23937
23952
23972
23980
23991
23992
23994
23994
24004
24011
24027
24050
24051
24054
24060
24082
24113
24114
24120
24120
24126
24138
24140
24149
24158
24158
24159
24167
24169
24174
24185
24196
24202
24207
24209
24211
24218
24225
24231
24260
24263
24269
24271
24277
24293
24302
24306
24311
24315
24321
24323
24327
24331
24342
24342
24354
24382
24383
24385
24390
24407
24411
24413
24429
24437
24450
24450
24451
24461
24462
24477
24497
24499
24506
24507
24508
24526
24526
24543
24557
24565
24569
24571
24589
24593
24598
24600
24601
24606
24612
24613
24624
24628
24658
24662
24696
24699
24705
24708
24710
24713
24721
24729
24733
24751
24764
24768
24770
24773
24775
24784
24787
24792
24796
24811
24811
24816
24824
24835
24836
24861
24868
24872
24872
24900
24904
24920
24969
24999
25032
25047
25065
25068
25070
25070
25072
25087
25090
25098
25108
25121
25125
25143
25153
25163
25166
25180
25181
25181
25185
25190
25197
25211
25287
25292
25316
25319
25321
25325
25343
25351
25352
25358
25378
25384
25394
25402
25408
25409
25412
25417
25434
25439
25440
25447
25459
25465
25471
25472
25492
25496
25499
25501
25503
25503
25505
25507
25522
25528
25528
25536
25538
25547
25560
25602
25614
25621
25622
25623
25628
25631
25631
25640
25658
25673
25679
25696
25702
25717
25738
25751
25762
25768
25774
25783
25785
25789
25789
25792
25805
25816
25817
25827
25829
25842
25848
25850
25861
25867
25872
25875
25875
25876
25877
25883
25894
25905
25911
25930
25935
25945
25948
25948
25954
25956
25966
25971
25983
25984
26003
26007
26012
26015
26022
26028
26036
26039
26041
26041
26050
26056
26064
26066
26072
26072
26073
26074
26079
26090
26127
26136
26140
26144
26158
26165
26182
26185
26209
26231
26249
26270
26282
26289
26290
26295
26297
26304
26308
26310
26324
26343
26360
26368
26369
26397
26409
26410
26412
26417
26419
26445
26445
26445
26448
26450
26453
26454
26466
26478
26485
26488
26496
26499
26502
26504
26518
26519
26524
26529
26560
26563
26566
26573
26574
26586
26588
26588
26601
26609
26613
26616
26625
26629
26637
26640
26641
26645
26653
26663
26665
26677
26682
26696
26700
26739
26743
26751
26758
26758
26766
26770
26780
26794
26800
26804
26805
26807
26813
26815
26815
26825
26842
26846
26858
26860
26860
26864
26870
26879
26898
26905
26919
26920
26923
26950
26951
26954
26961
26975
26980
26985
26993
26998
27024
27026
27052
27065
27077
27077
27090
27117
27118
27146
27167
27168
27196
27209
27234
27243
27253
27261
27275
27293
27301
27301
27337
27340
27342
27344
27361
27363
27377
27379
27398
27421
27435
27443
27453
27475
27480
27495
27496
27498
27504
27517
27517
27530
27532
27533
27556
27558
27571
27571
27575
27582
27586
27590
27592
27602
27605
27609
27622
27634
27660
27668
27670
27684
27684
27689
27691
27693
27698
27703
27704
27718
27723
27731
27745
27759
27760
27761
27762
27768
27774
27780
27785
27800
27802
27806
27811
27811
27825
27834
27835
27841
27848
27854
27856
27859
27862
27866
27870
27871
27873
27882
27883
27884
27890
27904
27905
27911
27919
27927
27935
27952
27987
27992
28012
28027
28040
28041
28042
28058
28062
28077
28081
28082
28098
28106
28111
28115
28122
28131
28144
28145
28148
28156
28161
28161
28167
28187
28188
28203
28211
28231
28244
28256
28259
28274
28291
28298
28302
28309
28317
28325
28336
28343
28356
28356
28370
28381
28388
28396
28403
28406
28409
28421
28439
28448
28469
28477
28511
28513
28515
28523
28525
28525
28527
28539
28550
28551
28559
28573
28574
28579
28585
28596
28599
28613
28625
28626
28651
28654
28685
28706
28716
28743
28756
28768
28771
28803
28805
28834
28840
28844
28850
28877
28879
28889
28892
28897
28931
28932
28947
28954
28967
28970
28974
28979
28984
28989
28996
29005
29014
29017
29019
29025
29040
29051
29116
29123
29124
29125
29131
29154
29157
29161
29169
29189
29197
29228
29232
29234
29237
29238
29263
29265
29269
29271
29280
29300
29311
29312
29320
29344
29345
29347
29347
29363
29370
29392
29404
29410
29410
29416
29417
29432
29454
29459
29460
29467
29474
29477
29487
29489
29490
29500
29501
29504
29519
29529
29533
29542
29544
29551
29556
29566
29577
29579
29592
29593
29597
29610
29634
29653
29653
29655
29666
29673
29690
29727
29737
29753
29774
29776
29789
29792
29800
29813
29815
29823
29848
29860
29864
29904
29910
29914
29919
29935
29939
29942
29952
29959
29969
29982
29983
29988
29989
30012
30019
30024
30029
30032
30037
30060
30061
30064
30073
30074
30079
30092
30097
30108
30116
30122
30147
30148
30154
30157
30163
30171
30173
30179
30185
30188
30193
30196
30199
30200
30202
30212
30227
30245
30248
30265
30291
30296
30308
30316
30323
30323
30334
30358
30380
30387
30399
30404
30409
30421
30428
30429
30446
30451
30452
30453
30454
30466
30466
30475
30478
30484
30498
30501
30545
30548
30550
30555
30563
30563
30568
30570
30570
30573
30577
30593
30597
30602
30614
30615
30620
30631
30631
30638
30644
30666
30675
30695
30717
30721
30728
30744
30756
30763
30765
30791
30797
30800
30809
30830
30836
30839
30853
30855
30864
30867
30883
30884
30890
30900
30905
30914
30915
30917
30921
30940
30942
30943
30943
30945
30953
30968
30971
30999
31045
31061
31074
31085
31120
31128
31137
31139
31148
31154
31158
31159
31164
31172
31181
31200
31208
31246
31256
31259
31260
31262
31264
31268
31311
31327
31328
31339
31348
31365
31369
31371
31375
31380
31410
31419
31419
31426
31426
31430
31430
31433
31475
31477
31480
31486
31486
31491
31492
31498
31499
31501
31508
31522
31535
31542
31545
31560
31571
31592
31592
31593
31597
31599
31612
31627
31633
31636
31648
31655
31657
31662
31666
31674
31674
31680
31689
31694
31706
31706
31733
31743
31756
31769
31774
31784
31795
31801
31802
31809
31819
31819
31834
31865
31876
31891
31894
31924
31942
31974
31985
31994
32001
32052
32058
32100
32108
32110
32110
32115
32126
32132
32145
32147
32161
32173
32177
32197
32198
32220
32227
32227
32239
32260
32285
32287
32291
32293
32302
32316
32320
32322
32327
32331
32334
32339
32343
32344
32353
32363
32385
32387
32416
32432
32442
32462
32464
32468
32474
32499
32515
32529
32531
32531
32552
32564
32575
32578
32581
32581
32588
32591
32610
32619
32621
32622
32625
32629
32629
32630
32631
32631
32636
32660
32662
32685
32692
32703
32711
32721
32727
32734
32749
32749
32760
32772
32772
32800
32805
32817
32824
32830
32836
32851
32854
32863
32864
32869
32870
32878
32879
32880
32883
32886
32888
32910
32916
32943
32946
32952
32957
32973
32984
32988
32988
32989
32997
33007
33017
33017
33025
33027
33037
33040
33043
33052
33054
33062
33070
33102
33131
33138
33172
33218
33239
33264
33264
33273
33273
33274
33279
33320
33321
33326
33333
33340
33354
33373
33379
33391
33401
33420
33424
33427
33443
33448
33465
33487
33487
33488
33522
33523
33525
33533
33555
33556
33560
33571
33574
33578
33598
33616
33632
33644
33654
33658
33660
33679
33682
33694
33712
33714
33721
33731
33741
33742
33749
33752
33765
33766
33791
33807
33814
33836
33858
33859
33865
33904
33913
33930
33932
33959
33978
33987
33993
34033
34035
34053
34062
34064
34068
34074
34081
34084
34097
34100
34110
34125
34136
34137
34141
34149
34177
34189
34193
34204
34207
34213
34226
34252
34263
34270
34278
34299
34301
34305
34317
34359
34405
34408
34421
34431
34433
34459
34460
34464
34465
34465
34474
34502
34510
34521
34555
34557
34559
34564
34574
34596
34611
34626
34629
34657
34705
34707
34714
34715
34716
34733
34737
34742
34745
34750
34756
34764
34805
34840
34841
34847
34849
34876
34878
34890
34899
34902
34924
34960
34966
34976
34979
34982
34994
35005
35008
35016
35021
35021
35022
35023
35041
35064
35072
35074
35077
35082
35092
35094
35098
35103
35103
35104
35115
35117
35120
35143
35159
35173
35174
35176
35178
35188
35191
35203
35205
35209
35213
35234
35254
35257
35305
35320
35329
35340
35345
35355
35356
35362
35367
35369
35385
35388
35399
35400
35401
35403
35435
35439
35439
35444
35449
35456
35473
35477
35484
35484
35514
35515
35529
35530
35542
35551
35558
35568
35578
35581
35582
35583
35593
35593
35595
35599
35604
35610
35612
35627
35630
35639
35640
35654
35660
35673
35674
35684
35685
35701
35707
35712
35713
35715
35723
35724
35724
35728
35730
35730
35735
35778
35781
35800
35807
35810
35813
35830
35844
35854
35870
35879
35890
35890
35905
35908
35928
35938
35967
35969
35995
36003
36015
36037
36055
36085
36094
36108
36113
36125
36128
36153
36158
36158
36158
36158
36167
36185
36187
36191
36198
36201
36213
36214
36218
36226
36230
36240
36245
36251
36274
36280
36289
36293
36293
36325
36335
36339
36351
36352
36353
36360
36362
36364
36396
36401
36433
36436
36443
36447
36458
36461
36474
36475
36476
36484
36488
36490
36500
36521
36536
36546
36559
36571
36574
36593
36593
36599
36612
36626
36626
36626
36629
36635
36637
36643
36654
36690
36700
36702
36708
36799
36802
36826
36836
36837
36848
36867
36868
36869
36889
36900
36914
36922
36928
36962
36981
36986
37005
37011
37029
37031
37034
37035
37054
37061
37082
37090
37097
37110
37121
37121
37123
37127
37128
37137
37149
37176
37224
37225
37226
37235
37264
37269
37270
37272
37275
37277
37283
37321
37323
37337
37391
37395
37412
37425
37443
37451
37453
37464
37465
37478
37478
37506
37509
37512
37527
37542
37561
37570
37578
37584
37598
37599
37615
37616
37650
37670
37689
37702
37715
37715
37727
37730
37736
37750
37766
37767
37787
37810
37840
37842
37899
37933
37938
37945
37968
37993
38000
38013
38025
38026
38088
38101
38112
38113
38118
38141
38170
38223
38234
38242
38255
38262
38264
38265
38278
38287
38308
38310
38317
38325
38342
38346
38355
38384
38401
38410
38413
38422
38426
38440
38441
38463
38470
38472
38475
38489
38494
38563
38568
38587
38603
38613
38618
38619
38662
38662
38672
38675
38675
38691
38695
38707
38724
38749
38780
38790
38830
38847
38866
38892
38894
38933
38951
38954
38987
38989
38990
39014
39049
39089
39103
39125
39145
39176
39179
39217
39239
39247
39256
39260
39308
39318
39332
39337
39357
39382
39384
39386
39430
39430
39444
39461
39462
39472
39475
39477
39504
39508
39512
39519
39545
39552
39560
39589
39595
39603
39627
39637
39646
39662
39667
39668
39670
39673
39690
39703
39713
39741
39759
39775
39777
39779
39793
39799
39820
39820
39825
39834
39836
39836
39858
39863
39863
39865
39881
39891
39906
39932
39944
39959
39961
39964
39972
39973
39983
39993
40005
40012
40071
40095
40097
40109
40109
40124
40160
40167
40186
40197
40216
40241
40242
40248
40250
40261
40264
40271
40277
40286
40288
40292
40308
40310
40323
40334
40354
40358
40362
40366
40375
40382
40386
40400
40411
40425
40455
40462
40464
40465
40489
40495
40498
40502
40505
40505
40528
40533
40544
40553
40569
40587
40597
40607
40618
40619
40639
40644
40656
40657
40680
40682
40696
40711
40719
40723
40726
40731
40740
40746
40759
40777
40788
40790
40806
40806
40818
40825
40835
40839
40862
40892
40899
40900
40921
40950
40954
40964
40968
40972
40992
40995
41012
41026
41040
41041
41048
41051
41056
41062
41066
41067
41071
41073
41082
41087
41094
41095
41104
41104
41109
41111
41119
41122
41141
41142
41143
41145
41147
41157
41157
41165
41183
41184
41186
41187
41196
41202
41213
41218
41229
41230
41237
41240
41242
41251
41274
41275
41283
41293
41297
41298
41311
41318
41322
41330
41330
41335
41346
41362
41386
41400
41401
41404
41406
41406
41434
41446
41449
41469
41470
41470
41471
41473
41497
41506
41509
41521
41522
41540
41547
41549
41578
41580
41589
41590
41595
41597
41614
41620
41638
41646
41650
41659
41664
41675
41682
41689
41708
41717
41743
41743
41744
41764
41764
41769
41791
41791
41792
41803
41819
41827
41836
41851
41855
41855
41873
41874
41880
41889
41921
41932
41939
41939
41946
41962
41964
41964
41969
41973
41974
41985
41985
41992
41995
41998
42003
42004
42006
42015
42016
42017
42036
42045
42051
42052
42071
42074
42074
42075
42092
42101
42110
42111
42133
42139
42139
42175
42177
42189
42190
42199
42206
42218
42218
42236
42246
42270
42286
42287
42295
42295
42297
42302
42306
42330
42358
42370
42414
42418
42431
42432
42437
42443
42469
42474
42477
42503
42511
42515
42516
42535
42548
42548
42560
42566
42566
42579
42591
42599
42617
42635
42648
42649
42652
42664
42668
42670
42679
42685
42686
42707
42708
42715
42723
42726
42730
42730
42742
42749
42759
42762
42765
42785
42787
42791
42795
42796
42810
42813
42814
42815
42825
42852
42858
42861
42861
42889
42893
42896
42905
42913
42913
42919
42925
42950
42952
42954
42955
42956
42964
42966
42972
42980
42985
43015
43023
43024
43086
43102
43102
43103
43139
43142
43145
43154
43165
43174
43195
43196
43231
43232
43247
43252
43259
43261
43274
43285
43289
43291
43294
43318
43340
43344
43350
43353
43367
43368
43379
43381
43382
43384
43394
43417
43425
43428
43431
43438
43446
43464
43464
43473
43475
43476
43477
43481
43484
43486
43488
43494
43495
43504
43507
43520
43525
43531
43538
43549
43555
43566
43587
43617
43624
43631
43632
43635
43648
43662
43662
43677
43699
43726
43727
43729
43739
43740
43741
43745
43765
43770
43793
43842
43846
43851
43904
43908
43932
43939
43986
44001
44007
44033
44040
44049
44060
44069
44073
44077
44083
44084
44091
44105
44114
44146
44152
44156
44165
44166
44175
44176
44177
44180
44182
44183
44209
44222
44236
44254
44260
44273
44275
44285
44295
44303
44305
44308
44309
44316
44322
44324
44327
44332
44380
44381
44386
44397
44408
44415
44421
44446
44450
44465
44465
44474
44486
44489
44508
44509
44553
44553
44555
44562
44570
44585
44591
44596
44600
44603
44609
44617
44619
44624
44651
44662
44662
44662
44676
44679
44682
44687
44695
44695
44730
44736
44746
44807
44811
44812
44834
44841
44880
44890
44895
44923
44942
44949
44979
44980
45018
45051
45053
45056
45068
45078
45082
45092
45092
45153
45160
45189
45204
45211
45218
45224
45244
45251
45276
45317
45323
45332
45357
45360
45405
45415
45432
45435
45454
45465
45472
45475
45476
45476
45484
45488
45518
45571
45583
45611
45615
45622
45623
45623
45626
45640
45642
45656
45656
45670
45680
45691
45694
45716
45720
45737
45757
45768
45781
45789
45799
45822
45825
45833
45843
45850
45853
45855
45863
45873
45884
45903
45905
45908
45943
45946
45947
45949
45958
45961
45965
45971
45978
45994
45997
45999
46001
46002
46015
46038
46043
46063
46074
46074
46083
46084
46094
46101
46137
46145
46146
46148
46157
46164
46182
46188
46193
46200
46207
46214
46224
46224
46239
46240
46249
46254
46259
46271
46276
46277
46288
46306
46313
46319
46319
46330
46340
46343
46343
46346
46357
46359
46360
46365
46389
46391
46392
46393
46394
46415
46420
46445
46461
46470
46472
46478
46485
46496
46505
46518
46519
46519
46522
46527
46541
46551
46572
46581
46590
46591
46592
46592
46597
46597
46600
46611
46640
46641
46646
46661
46663
46665
46667
46681
46704
46704
46714
46716
46718
46722
46728
46749
46750
46750
46750
46758
46761
46764
46771
46772
46775
46779
46785
46796
46797
46803
46805
46808
46811
46812
46815
46818
46828
46829
46830
46852
46858
46861
46864
46872
46876
46877
46879
46886
46892
46918
46920
46920
46924
46931
46935
46935
46939
46944
46951
46952
46954
46958
46975
46976
46982
46986
46996
47015
47017
47018
47026
47043
47045
47058
47061
47062
47065
47066
47079
47083
47095
47100
47110
47119
47120
47129
47133
47134
47140
47146
47146
47151
47157
47161
47180
47204
47206
47208
47216
47218
47225
47226
47231
47237
47247
47248
47251
47259
47260
47268
47283
47283
47284
47287
47288
47310
47313
47323
47333
47333
47340
47340
47351
47359
47364
47366
47376
47394
47397
47401
47402
47406
47413
47424
47429
47430
47445
47447
47465
47465
47477
47483
47486
47505
47529
47542
47559
47573
47577
47592
47598
47604
47610
47613
47616
47616
47618
47620
47655
47661
47671
47672
47672
47675
47679
47683
47690
47702
47719
47726
47728
47730
47732
47733
47738
47743
47748
47774
47778
47779
47784
47786
47789
47792
47795
47797
47803
47811
47830
47839
47843
47870
47873
47886
47889
47894
47901
47910
47914
47924
47926
47928
47928
47932
47935
47937
47941
47965
47973
47974
47982
47987
48013
48013
48029
48035
48046
48057
48075
48077
48104
48105
48113
48123
48127
48127
48137
48164
48165
48178
48180
48212
48212
48220
48228
48234
48235
48243
48264
48289
48294
48297
48301
48313
48352
48353
48357
48364
48384
48384
48390
48396
48398
48401
48408
48410
48413
48428
48430
48432
48473
48479
48482
48485
48508
48509
48510
48524
48542
48549
48558
48558
48559
48560
48561
48582
48600
48609
48634
48640
48643
48648
48649
48653
48696
48703
48704
48722
48727
48738
48766
48769
48772
48798
48807
48811
48821
48826
48828
48828
48834
48834
48837
48854
48859
48863
48865
48874
48883
48889
48892
48896
48902
48908
48908
48908
48911
48927
48934
48935
48942
48951
48951
48986
48990
49000
49000
49007
49015
49019
49026
49047
49055
49064
49068
49078
49080
49095
49096
49096
49106
49109
49123
49124
49125
49132
49135
49141
49146
49157
49163
49176
49176
49178
49179
49185
49213
49225
49241
49244
49247
49248
49259
49268
49272
49274
49294
49300
49300
49325
49326
49331
49333
49333
49335
49345
49353
49354
49354
49357
49368
49387
49390
49390
49397
49401
49406
49426
49426
49442
49443
49451
49451
49452
49454
49462
49465
49466
49486
49487
49493
49497
49498
49503
49508
49510
49520
49521
49524
49538
49547
49551
49552
49553
49565
49577
49578
49582
49585
49585
49590
49595
49602
49603
49605
49610
49612
49626
49659
49668
49680
49686
49705
49717
49737
49739
49748
49761
49779
49788
49812
49817
49822
49836
49867
49876
49877
49900
49907
49912
49913
49917
49918
49931
49944
49948
49955
49958
49960
49960
49976
49983
49991
50009
50033
50045
50048
50049
50057
50085
50092
50096
50104
50106
50111
50117
50117
50124
50177
50187
50195
50196
50207
50215
50246
50269
50282
50283
50292
50294
50295
50305
50313
50317
50324
50325
50330
50339
50372
50400
50411
50441
50462
50464
50470
50476
50481
50486
50487
50495
50517
50525
50555
50559
50559
50566
50569
50578
50589
50595
50596
50597
50635
50657
50667
50682
50689
50696
50706
50733
50744
50747
50752
50756
50770
50773
50774
50786
50789
50808
50820
50830
50835
50845
50846
50867
50872
50875
50881
50884
50884
50886
50892
50903
50923
50930
50935
50945
50969
50991
50997
51003
51006
51009
51037
51051
51052
51058
51059
51112
51114
51126
51133
51134
51139
51144
51149
51160
51170
51191
51200
51210
51215
51225
51264
51272
51274
51276
51289
51293
51295
51295
51310
51324
51329
51352
51362
51364
51368
51368
51368
51371
51372
51375
51384
51398
51400
51401
51403
51414
51454
51460
51462
51471
51487
51489
51490
51506
51507
51513
51514
51520
51527
51528
51560
51560
51564
51574
51593
51600
51603
51603
51604
51611
51612
51613
51628
51630
51630
51640
51662
51683
51694
51705
51706
51722
51723
51733
51737
51739
51786
51787
51825
51827
51828
51831
51833
51836
51847
51852
51855
51863
51864
51875
51888
51918
51921
51927
51935
51945
51973
51973
51990
52009
52016
52034
52038
52053
52056
52057
52065
52067
52069
52075
52075
52079
52083
52124
52127
52149
52179
52187
52216
52223
52227
52233
52234
52235
52240
52247
52250
52261
52267
52285
52291
52301
52312
52317
52345
52363
52372
52388
52389
52389
52399
52404
52409
52417
52426
52433
52437
52446
52452
52468
52469
52469
52471
52497
52507
52511
52515
52528
52549
52554
52557
52567
52568
52599
52609
52621
52628
52634
52643
52649
52661
52665
52665
52671
52694
52697
52698
52700
52702
52703
52707
52716
52721
52727
52730
52738
52753
52763
52767
52772
52789
52820
52829
52830
52840
52850
52875
52880
52893
52906
52939
52944
52957
52959
52978
52984
53001
53020
53021
53043
53062
53066
53066
53082
53090
53092
53097
53102
53108
53117
53128
53140
53142
53148
53153
53157
53166
53168
53172
53175
53178
53181
53238
53238
53239
53244
53270
53270
53282
53283
53286
53289
53301
53358
53360
53368
53374
53380
53390
53392
53396
53407
53420
53428
53435
53436
53448
53450
53456
53463
53466
53492
53494
53494
53495
53509
53510
53511
53517
53521
53522
53547
53558
53560
53565
53579
53604
53613
53625
53642
53644
53645
53657
53670
53681
53682
53688
53689
53702
53728
53734
53744
53747
53751
53756
53759
53760
53767
53768
53775
53776
53787
53791
53792
53792
53796
53805
53809
53812
53820
53826
53844
53854
53860
53871
53881
53883
53887
53890
53894
53895
53906
53934
53938
53943
53950
53951
53953
53955
53957
53957
53958
53967
53976
53996
53998
54008
54016
54018
54021
54029
54047
54051
54052
54053
54070
54075
54078
54087
54102
54108
54110
54112
54118
54128
54133
54147
54168
54174
54178
54199
54201
54214
54217
54218
54230
54233
54271
54274
54285
54286
54293
54297
54304
54306
54306
54311
54316
54318
54318
54325
54336
54351
54352
54354
54360
54371
54372
54374
54374
54375
54386
54391
54410
54411
54418
54433
54438
54439
54444
54444
54453
54456
54457
54462
54469
54482
54494
54494
54495
54499
54516
54518
54528
54541
54542
54556
54557
54570
54584
54586
54590
54598
54605
54610
54615
54626
54632
54632
54637
54644
54654
54662
54671
54672
54675
54682
54688
54695
54715
54725
54746
54747
54762
54767
54775
54801
54808
54814
54837
54839
54841
54842
54850
54855
54857
54859
54862
54884
54903
54912
54921
54929
54935
54941
54945
54951
54956
54964
54973
54976
54988
55004
55014
55014
55016
55017
55033
55036
55041
55043
55046
55047
55057
55072
55085
55087
55088
55110
55117
55133
55137
55161
55163
55177
55182
55187
55188
55214
55238
55243
55246
55250
55252
55259
55259
55267
55268
55273
55274
55280
55288
55292
55301
55306
55321
55323
55339
55344
55351
55364
55378
55379
55393
55394
55395
55407
55424
55438
55439
55441
55444
55447
55454
55455
55457
55483
55492
55501
55512
55550
55562
55566
55571
55577
55595
55609
55611
55621
55636
55642
55647
55657
55661
55664
55672
55679
55685
55689
55691
55692
55696
55701
55706
55709
55720
55752
55754
55756
55764
55770
55780
55780
55787
55792
55794
55804
55807
55822
55822
55827
55827
55838
55848
55866
55872
55897
55899
55905
55911
55913
55918
55929
55931
55960
55965
55970
55971
55973
55974
55979
56006
56010
56011
56014
56023
56027
56031
56042
56046
56047
56052
56085
56087
56097
56098
56139
56141
56145
56156
56180
56190
56194
56206
56214
56218
56232
56233
56246
56248
56255
56255
56260
56273
56277
56279
56291
56294
56297
56307
56308
56311
56318
56330
56353
56361
56385
56406
56411
56424
56436
56440
56448
56458
56463
56465
56473
56474
56544
56547
56559
56562
56569
56572
56597
56602
56603
56628
56648
56658
56670
56674
56677
56681
56682
56687
56690
56693
56699
56704
56705
56710
56713
56715
56718
56729
56738
56780
56788
56797
56803
56806
56810
56867
56875
56887
56890
56892
56897
56898
56908
56914
56928
56932
56939
56947
56953
56959
56968
56971
56984
57000
57020
57025
57027
57033
57055
57064
57078
57081
57086
57091
57091
57113
57121
57123
57134
57138
57146
57146
57168
57175
57182
57199
57212
57234
57237
57244
57252
57257
57258
57264
57266
57266
57273
57275
57276
57311
57312
57319
57326
57328
57336
57338
57339
57344
57348
57359
57364
57383
57384
57385
57392
57399
57413
57424
57427
57449
57450
57452
57459
57460
57465
57468
57469
57476
57482
57483
57486
57497
57498
57512
57526
57533
57540
57542
57542
57545
57555
57562
57565
57586
57587
57604
57604
57607
57615
57625
57627
57635
57646
57647
57660
57666
57669
57681
57684
57687
57695
57704
57707
57719
57724
57728
57746
57758
57759
57767
57773
57783
57787
57794
57805
57837
57838
57842
57842
57842
57844
57846
57846
57853
57855
57858
57858
57859
57866
57868
57875
57882
57893
57904
57904
57916
57916
57917
57920
57921
57924
57927
57934
57935
57937
57957
57967
57973
57975
58033
58043
58061
58068
58075
58085
58087
58091
58113
58122
58123
58123
58130
58140
58156
58166
58176
58182
58191
58209
58233
58234
58238
58256
58262
58273
58274
58280
58281
58302
58311
58324
58326
58343
58344
58371
58381
58385
58390
58404
58411
58438
58448
58449
58461
58466
58479
58484
58507
58507
58517
58522
58528
58540
58542
58560
58565
58573
58595
58597
58614
58617
58620
58647
58648
58680
58705
58720
58721
58731
58731
58733
58737
58755
58755
58772
58773
58782
58786
58797
58799
58801
58817
58827
58830
58831
58838
58847
58853
58854
58861
58874
58878
58903
58905
58909
58930
58934
58935
58937
58941
58945
58948
58952
58968
58975
58975
58985
58986
58994
58999
59007
59019
59019
59022
59026
59037
59041
59063
59075
59090
59090
59110
59112
59113
59122
59126
59136
59158
59161
59178
59217
59227
59234
59250
59254
59268
59269
59272
59282
59291
59298
59302
59304
59308
59315
59317
59324
59326
59343
59349
59360
59373
59377
59392
59393
59394
59414
59424
59451
59469
59482
59483
59492
59493
59499
59507
59509
59510
59524
59526
59526
59528
59528
59542
59546
59559
59560
59563
59567
59572
59587
59597
59604
59638
59643
59650
59712
59718
59726
59732
59737
59746
59750
59754
59757
59764
59770
59773
59781
59784
59786
59794
59795
59795
59837
59851
59851
59865
59876
59884
59886
59888
59893
59896
59926
59928
59929
59937
59942
59947
59963
59977
59987
59995
60002
60002
60028
60040
60044
60049
60066
60074
60077
60105
60110
60112
60119
60137
60138
60143
60149
60154
60161
60162
60168
60170
60174
60192
60201
60203
60210
60224
60238
60253
60256
60284
60287
60297
60310
60313
60315
60315
60329
60354
60354
60361
60373
60374
60396
60412
60413
60417
60421
60435
60440
60446
60448
60464
60483
60489
60492
60494
60507
60516
60516
60542
60558
60560
60562
60564
60570
60580
60622
60626
60633
60657
60672
60675
60679
60679
60695
60696
60708
60717
60718
60732
60732
60739
60739
60747
60747
60752
60755
60756
60757
60760
60784
60784
60794
60797
60805
60811
60821
60825
60826
60827
60830
60846
60855
60857
60858
60859
60870
60877
60878
60892
60894
60916
60922
60925
60930
60934
60935
60937
60942
60945
60968
60971
60980
60980
60986
60998
61001
61003
61007
61013
61019
61024
61026
61031
61050
61051
61085
61103
61114
61118
61119
61135
61141
61148
61151
61155
61157
61173
61184
61188
61189
61191
61192
61206
61207
61220
61220
61221
61222
61233
61240
61243
61253
61261
61266
61280
61292
61296
61316
61339
61343
61358
61359
61359
61374
61382
61386
61392
61406
61426
61427
61444
61451
61468
61474
61474
61482
61495
61497
61504
61512
61513
61530
61546
61548
61552
61556
61557
61566
61569
61573
61582
61598
61623
61623
61630
61646
61667
61683
61689
61708
61711
61718
61744
61765
61769
61782
61789
61818
61827
61861
61890
61899
61900
61912
61919
61926
61926
61935
61944
61945
61960
61967
61973
61983
61984
61987
62003
62010
62016
62032
62039
62047
62051
62059
62067
62086
62086
62117
62117
62119
62120
62142
62145
62147
62152
62168
62181
62183
62193
62204
62206
62228
62233
62245
62249
62254
62257
62258
62269
62270
62275
62277
62277
62295
62306
62314
62317
62324
62334
62341
62344
62349
62353
62355
62355
62362
62368
62371
62387
62389
62394
62405
62417
62443
62445
62471
62474
62476
62478
62479
62485
62487
62504
62517
62523
62553
62563
62568
62573
62574
62576
62581
62586
62611
62612
62615
62623
62632
62641
62641
62648
62649
62649
62671
62675
62677
62687
62687
62691
62705
62711
62715
62721
62728
62731
62741
62746
62754
62758
62764
62767
62771
62779
62791
62794
62794
62795
62799
62808
62842
62842
62844
62845
62850
62859
62893
62897
62903
62907
62907
62908
62910
62916
62918
62927
62931
62932
62933
62934
62935
62940
62947
62960
62960
62962
62964
62970
62976
62983
62988
62991
62996
62997
62997
63002
63005
63010
63013
63015
63024
63027
63031
63047
63049
63054
63057
63063
63066
63068
63068
63071
63073
63092
63117
63134
63137
63170
63171
63180
63205
63216
63233
63236
63239
63243
63246
63248
63252
63255
63262
63283
63284
63297
63309
63312
63317
63326
63326
63330
63335
63336
63337
63360
63371
63381
63399
63412
63421
63432
63439
63440
63467
63469
63470
63473
63475
63476
63477
63480
63484
63488
63493
63499
63502
63507
63548
63569
63570
63588
63589
63592
63595
63603
63607
63607
63610
63625
63629
63643
63644
63658
63659
63665
63672
63678
63680
63690
63703
63707
63707
63723
63736
63737
63738
63760
63762
63769
63771
63789
63789
63789
63795
63796
63800
63802
63813
63828
63834
63838
63844
63849
63851
63853
63863
63871
63894
63904
63908
63910
63923
63928
63931
63935
63943
63944
63945
63950
63952
63964
63964
63976
63981
63990
63991
63993
63997
63998
64005
64009
64010
64011
64020
64032
64044
64045
64045
64047
64055
64061
64063
64070
64072
64084
64087
64097
64104
64108
64113
64117
64118
64124
64131
64134
64140
64142
64148
64150
64155
64186
64205
64242
64245
64248
64253
64255
64264
64268
64270
64271
64281
64293
64311
64331
64333
64339
64341
64360
64361
64372
64389
64393
64400
64426
64430
64431
64443
64458
64470
64471
64482
64485
64497
64519
64528
64536
64538
64539
64544
64551
64579
64593
64611
64647
64662
64679
64686
64693
64695
64698
64701
64757
64760
64767
64789
64791
64792
64795
64795
64801
64807
64814
64821
64828
64829
64849
64882
64886
64887
64906
64907
64912
64932
64932
64935
64946
64947
64959
64964
64980
64995
65011
65016
65033
65036
65043
65045
65058
65062
65065
65070
65083
65088
65092
65114
65116
65131
65137
65147
65153
65160
65188
65188
65193
65196
65217
65217
65220
65223
65231
65237
65241
65247
65262
65267
65267
65274
65281
65286
65290
65298
65298
65298
65303
65304
65320
65322
65324
65356
65369
65380
65410
65422
65428
65428
65433
65439
65443
65446
65447
65453
65465
65466
65467
65476
65477
65482
65490
65491
65492
65504
65531
65539
65540
65568
65583
65599
65603
65612
65615
65628
65632
65633
65640
65643
65656
65660
65669
65675
65679
65702
65705
65723
65727
65727
65732
65737
65742
65743
65750
65754
65763
65764
65778
65784
65787
65788
65792
65796
65804
65805
65810
65812
65831
65862
65879
65898
65903
65904
65907
65907
65910
65916
65919
65920
65926
65927
65928
65945
65960
65961
65964
65968
65969
65975
65990
65999
66005
66007
66007
66042
66049
66051
66055
66061
66067
66079
66094
66101
66111
66120
66125
66125
66126
66133
66151
66167
66168
66169
66170
66177
66185
66187
66188
66193
66194
66200
66208
66212
66219
66220
66223
66224
66225
66227
66229
66231
66233
66238
66244
66245
66249
66258
66258
66270
66270
66272
66278
66290
66290
66303
66313
66315
66321
66331
66349
66357
66365
66374
66374
66378
66403
66403
66406
66412
66437
66449
66462
66464
66465
66478
66481
66482
66496
66496
66513
66526
66550
66593
66605
66605
66613
66613
66624
66629
66635
66648
66652
66653
66668
66676
66692
66698
66698
66701
66721
66740
66756
66766
66771
66787
66803
66803
66820
66840
66841
66847
66852
66855
66875
66881
66897
66901
66902
66910
66917
66932
66932
66940
66955
66955
66960
66961
66972
66972
66974
66982
66982
66991
67000
67001
67007
67010
67020
67023
67023
67031
67033
67035
67054
67062
67065
67070
67085
67088
67093
67094
67097
67098
67103
67104
67109
67110
67114
67141
67148
67150
67153
67178
67191
67197
67207
67224
67232
67245
67252
67260
67261
67277
67284
67300
67307
67328
67337
67351
67362
67364
67388
67388
67399
67412
67414
67415
67419
67420
67421
67426
67435
67439
67444
67449
67454
67458
67463
67464
67479
67486
67524
67527
67534
67539
67551
67554
67573
67578
67581
67583
67587
67589
67598
67602
67610
67620
67635
67646
67652
67660
67661
67681
67689
67698
67704
67718
67728
67746
67753
67778
67778
67788
67792
67809
67829
67831
67834
67846
67847
67847
67855
67860
67868
67874
67884
67885
67891
67896
67901
67904
67920
67921
67950
67959
67959
67962
67962
67981
67998
68051
68060
68080
68093
68094
68103
68110
68140
68140
68157
68163
68178
68179
68181
68181
68188
68191
68201
68208
68220
68226
68235
68237
68251
68255
68271
68272
68276
68278
68278
68278
68283
68284
68301
68312
68324
68337
68341
68341
68346
68349
68374
68374
68381
68389
68421
68433
68436
68444
68458
68467
68491
68500
68505
68508
68516
68519
68532
68547
68553
68554
68562
68572
68575
68576
68585
68591
68591
68600
68601
68611
68633
68635
68635
68638
68639
68677
68684
68690
68743
68746
68748
68749
68758
68759
68785
68787
68788
68789
68793
68803
68805
68810
68811
68813
68814
68853
68861
68864
68872
68876
68893
68894
68895
68902
68912
68913
68928
68941
68949
68950
68976
68989
68992
68993
69028
69039
69040
69096
69105
69110
69127
69137
69176
69181
69184
69190
69192
69192
69213
69217
69221
69228
69256
69261
69276
69277
69278
69278
69281
69281
69282
69288
69302
69304
69321
69343
69353
69398
69398
69403
69404
69410
69417
69429
69431
69434
69434
69449
69454
69457
69459
69471
69471
69500
69504
69525
69537
69541
69545
69549
69555
69559
69561
69563
69567
69571
69573
69577
69579
69594
69601
69629
69636
69640
69645
69645
69649
69656
69659
69665
69676
69681
69697
69703
69710
69711
69711
69715
69737
69751
69778
69781
69790
69793
69795
69802
69807
69814
69818
69819
69830
69836
69845
69849
69853
69855
69862
69867
69867
69883
69899
69909
69918
69936
69939
69943
69949
69949
69961
69966
69970
69988
69994
69997
70017
70019
70039
70045
70069
70072
70073
70087
70093
70113
70133
70133
70182
70185
70198
70199
70205
70220
70223
70227
70233
70237
70239
70243
70246
70253
70260
70265
70271
70283
70297
70300
70302
70305
70309
70312
70320
70321
70324
70326
70339
70340
70342
70343
70345
70346
70370
70375
70378
70416
70417
70417
70423
70431
70431
70437
70448
70454
70474
70476
70481
70487
70509
70511
70518
70546
70548
70549
70558
70560
70595
70609
70614
70619
70621
70624
70626
70649
70671
70679
70702
70707
70709
70719
70723
70735
70736
70737
70738
70748
70760
70763
70768
70775
70775
70777
70781
70796
70810
70810
70811
70825
70827
70847
70855
70874
70879
70879
70896
70897
70898
70901
70905
70920
70939
70940
70954
70977
70989
70996
70998
71005
71006
71013
71021
71030
71034
71039
71060
71063
71078
71095
71111
71117
71117
71122
71130
71139
71144
71145
71152
71155
71160
71167
71171
71185
71194
71196
71197
71207
71208
71210
71234
71239
71250
71262
71274
71276
71289
71301
71312
71316
71320
71333
71335
71340
71341
71353
71353
71358
71363
71367
71374
71386
71391
71405
71406
71415
71422
71430
71433
71451
71451
71457
71458
71458
71462
71481
71481
71484
71486
71491
71513
71515
71521
71531
71541
71542
71550
71566
71566
71573
71578
71592
71599
71608
71620
71621
71622
71630
71631
71635
71639
71645
71659
71666
71670
71705
71708
71708
71711
71712
71716
71725
71726
71728
71744
71745
71755
71763
71774
71774
71777
71779
71787
71787
71790
71798
71799
71803
71818
71820
71841
71850
71858
71861
71876
71882
71884
71892
71898
71905
71906
71908
71913
71916
71929
71947
71957
71959
71959
71964
71965
71971
71988
71992
71995
72003
72007
72010
72013
72015
72018
72025
72031
72039
72051
72071
72077
72090
72094
72113
72114
72115
72122
72126
72133
72136
72153
72157
72162
72181
72181
72182
72184
72194
72198
72201
72204
72206
72208
72214
72221
72223
72224
72225
72241
72252
72253
72254
72265
72266
72269
72274
72283
72290
72293
72302
72316
72321
72340
72351
72352
72353
72366
72367
72367
72371
72373
72383
72397
72398
72399
72399
72405
72407
72413
72426
72427
72431
72436
72439
72444
72450
72474
72477
72479
72496
72500
72509
72530
72533
72545
72549
72565
72578
72591
72606
72607
72607
72611
72633
72635
72645
72654
72658
72673
72680
72681
72690
72693
72707
72716
72720
72725
72733
72738
72747
72754
72759
72760
72763
72775
72778
72795
72797
72805
72844
72859
72871
72872
72874
72879
72889
72897
72902
72906
72907
72908
72947
72950
72960
72986
72988
72989
73000
73024
73025
73043
73048
73072
73080
73092
73096
73099
73106
73112
73113
73116
73116
73124
73140
73145
73148
73159
73171
73173
73182
73186
73190
73196
73203
73208
73209
73216
73219
73219
73227
73246
73253
73256
73262
73268
73272
73280
73295
73307
73312
73314
73320
73322
73323
73324
73325
73345
73349
73370
73394
73416
73430
73441
73443
73446
73450
73459
73460
73463
73475
73495
73510
73522
73529
73537
73573
73591
73614
73630
73631
73631
73633
73637
73639
73667
73673
73678
73679
73694
73696
73698
73713
73715
73719
73723
73724
73725
73728
73762
73763
73792
73793
73793
73799
73810
73835
73841
73843
73847
73859
73864
73868
73873
73876
73890
73893
73894
73895
73901
73914
73915
73915
73932
73959
73966
73978
73981
73982
73985
73987
73992
73995
74002
74010
74016
74017
74018
74023
74027
74040
74044
74049
74059
74062
74075
74076
74079
74082
74103
74110
74119
74121
74122
74127
74137
74140
74141
74158
74161
74161
74175
74178
74193
74199
74199
74204
74209
74221
74222
74232
74235
74237
74238
74238
74278
74292
74292
74296
74303
74304
74314
74315
74337
74356
74379
74382
74389
74398
74398
74410
74417
74423
74423
74425
74435
74435
74453
74455
74460
74461
74470
74472
74491
74495
74506
74521
74549
74550
74564
74579
74586
74601
74608
74618
74623
74626
74627
74631
74643
74647
74656
74660
74668
74675
74676
74690
74698
74701
74714
74716
74741
74794
74810
74821
74828
74834
74837
74843
74852
74859
74864
74873
74877
74878
74881
74892
74895
74898
74900
74904
74904
74905
74906
74907
74928
74939
74983
74988
74999
75005
75007
75026
75035
75041
75041
75056
75060
75066
75069
75081
75089
75091
75106
75117
75140
75147
75170
75181
75200
75207
75211
75216
75218
75221
75243
75254
75271
75273
75275
75280
75285
75289
75293
75293
75300
75304
75309
75318
75326
75326
75354
75357
75361
75365
75372
75374
75377
75394
75404
75432
75432
75500
75504
75507
75526
75531
75534
75548
75566
75603
75605
75620
75625
75656
75660
75666
75667
75672
75680
75697
75708
75721
75728
75743
75745
75754
75759
75772
75777
75779
75797
75802
75806
75810
75811
75816
75823
75826
75828
75832
75840
75863
75880
75886
75898
75899
75904
75912
75916
75921
75923
75947
75952
75955
75960
75964
75964
75977
75979
75979
75980
75982
75984
75997
76002
76009
76014
76037
76038
76038
76047
76047
76065
76067
76068
76075
76075
76075
76079
76083
76085
76101
76101
76104
76130
76141
76152
76152
76155
76156
76157
76165
76167
76173
76184
76197
76213
76218
76228
76233
76234
76235
76247
76257
76264
76267
76271
76271
76282
76289
76289
76320
76321
76325
76349
76349
76357
76363
76385
76397
76418
76422
76431
76436
76437
76438
76468
76477
76488
76523
76531
76542
76550
76565
76592
76602
76607
76639
76645
76649
76657
76665
76666
76695
76700
76722
76752
76782
76798
76812
76814
76820
76829
76854
76855
76859
76866
76869
76875
76880
76895
76895
76897
76906
76914
76960
76968
76977
76984
76993
76998
77001
77023
77025
77030
77034
77037
77072
77089
77095
77097
77101
77121
77126
77130
77149
77150
77152
77162
77174
77180
77185
77191
77216
77216
77232
77236
77252
77257
77262
77264
77267
77272
77287
77288
77296
77304
77327
77328
77332
77341
77348
77368
77371
77372
77375
77388
77393
77402
77406
77440
77461
77472
77491
77508
77516
77523
77537
77547
77548
77564
77578
77582
77593
77598
77630
77647
77698
77699
77721
77728
77736
77737
77787
77797
77831
77836
77864
77930
77976
78001
78035
78052
78068
78070
78185
78222
78257
78297
78355
78381
78393
78404
78412
78413
78418
78424
78424
78428
78435
78441
78448
78451
78470
78477
78480
78481
78481
78487
78494
78518
78519
78520
78522
78525
78536
78542
78545
78551
78554
78560
78561
78564
78570
78575
78576
78584
78586
78595
78604
78606
78614
78629
78641
78644
78646
78647
78648
78656
78657
78661
78673
78678
78696
78701
78710
78712
78732
78757
78760
78761
78770
78773
78777
78780
78789
78791
78791
78792
78797
78808
78823
78824
78830
78844
78844
78850
78862
78864
78869
78870
78870
78877
78885
78908
78912
78914
78916
78920
78927
78942
78946
78946
78951
78959
78971
78977
78989
78998
78998
79009
79015
79031
79037
79041
79041
79049
79071
79076
79088
79105
79111
79112
79132
79134
79139
79144
79154
79156
79164
79166
79168
79171
79174
79178
79186
79188
79193
79196
79197
79202
79207
79207
79214
79216
79218
79229
79230
79234
79235
79262
79265
79271
79302
79305
79305
79309
79311
79311
79320
79326
79341
79350
79353
79355
79357
79362
79373
79375
79381
79390
79394
79394
79397
79398
79399
79406
79410
79417
79455
79463
79471
79477
79488
79489
79495
79498
79500
79519
79544
79548
79551
79552
79571
79579
79586
79590
79591
79592
79595
79608
79612
79618
79624
79625
79632
79634
79641
79650
79654
79656
79656
79663
79665
79676
79684
79684
79693
79703
79703
79707
79709
79714
79715
79718
79727
79738
79752
79753
79759
79763
79763
79767
79790
79816
79819
79822
79829
79830
79836
79848
79852
79872
79877
79877
79880
79887
79894
79898
79900
79921
79924
79928
79944
79953
79957
79967
79967
79971
79976
79980
79993
80011
80013
80015
80016
80025
80040
80041
80057
80061
80070
80087
80087
80088
80091
80099
80099
80103
80112
80113
80130
80142
80152
80174
80175
80189
80191
80193
80194
80204
80213
80225
80234
80256
80262
80290
80295
80302
80315
80315
80318
80327
80329
80349
80350
80360
80371
80372
80375
80377
80390
80391
80398
80408
80419
80419
80445
80446
80456
80458
80464
80474
80519
80549
80563
80564
80577
80580
80583
80587
80588
80613
80639
80677
80688
80692
80698
80705
80716
80721
80757
80779
80781
80806
80841
80869
80871
80898
80903
80965
80967
81033
81038
81080
81119
81131
81199
81214
81228
81249
81268
81283
81285
81316
81349
81355
81358
81359
81368
81371
81391
81392
81393
81397
81401
81412
81424
81425
81437
81447
81462
81463
81484
81486
81506
81514
81520
81526
81538
81541
81543
81549
81551
81559
81566
81571
81581
81591
81599
81622
81623
81625
81628
81628
81636
81644
81653
81656
81665
81669
81673
81678
81688
81693
81715
81715
81721
81733
81734
81735
81748
81757
81764
81765
81769
81775
81779
81782
81790
81796
81797
81800
81809
81816
81821
81821
81825
81827
81837
81842
81844
81847
81849
81852
81856
81862
81865
81871
81881
81890
81899
81901
81911
81913
81920
81925
81931
81936
81947
81954
81954
81956
81974
81979
81981
81983
81985
81995
81997
82019
82030
82035
82043
82053
82056
82059
82060
82069
82075
82085
82090
82095
82107
82115
82124
82125
82130
82130
82159
82160
82174
82198
82213
82236
82251
82264
82268
82293
82304
82308
82321
82329
82331
82422
82459
82494
82496
82498
82547
82570
82577
82610
82610
82634
82656
82661
82708
82735
82737
82757
82813
82825
82881
82941
82971
82977
83008
83014
83022
83023
83063
83102
83164
83172
83217
83217
83227
83265
83273
83301
83303
83305
83305
83321
83324
83340
83344
83346
83350
83352
83358
83365
83378
83381
83384
83386
83391
83395
83409
83421
83425
83426
83436
83440
83451
83453
83464
83487
83500
83501
83503
83505
83509
83513
83514
83520
83520
83524
83525
83542
83548
83551
83552
83570
83572
83573
83585
83590
83600
83608
83617
83632
83657
83664
83676
83678
83680
83683
83683
83692
83697
83727
83728
83745
83749
83757
83758
83760
83777
83784
83792
83802
83807
83815
83817
83819
83821
83824
83833
83845
83859
83879
83884
83885
83886
83887
83894
83894
83895
83898
83918
83921
83929
83937
83943
83951
83958
83959
83989
84013
84016
84037
84041
84046
84054
84068
84089
84091
84098
84128
84139
84159
84203
84244
84246
84264
84277
84277
84293
84295
84309
84314
84527
84563
84583
84686
84701
84848
84909
84935
85008
85183
85191
85251
85270
85391
85533
85883
85918
85933
85938
85940
85952
85952
85959
85961
85967
85969
85971
85974
85981
85986
85989
86002
86010
86034
86038
86041
86046
86057
86064
86092
86095
86095
86100
86106
86107
86114
86122
86123
86125
86126
86148
86148
86171
86176
86180
86189
86199
86226
86233
86234
86243
86256
86259
86266
86305
86305
86306
86311
86314
86321
86333
86333
86339
86353
86357
86358
86370
86372
86389
86391
86401
86405
86412
86412
86417
86418
86419
86422
86429
86433
86439
86441
86456
86457
86459
86468
86473
86477
86481
86483
86489
86491
86503
86508
86509
86512
86512
86515
86522
86523
86524
86531
86536
86540
86548
86550
86556
86568
86574
86587
86595
86612
86613
86616
86622
86623
86629
86630
86630
86633
86637
86641
86641
86648
86657
86669
86692
86702
86702
86728
86733
86735
86753
86758
86759
86775
86779
86782
86787
86788
86792
86796
86805
86806
86816
86821
86843
86845
86850
86850
86858
86873
86878
86881
86897
86903
86908
86909
86911
86912
86936
86950
86968
87002
87007
87011
87015
87017
87023
87031
87053
87098
87180
87183
87201
87209
87229
87248
87256
87260
87288
87303
87305
87332
87373
87395
87404
87444
87469
87482
87497
87498
87560
87568
87583
87585
87610
87612
87618
87641
87654
87658
87677
87686
87727
87733
87810
87812
87844
87869
87886
87890
87903
87908
87915
87921
87930
87940
87943
87952
87957
87979
88015
88017
88019
88022
88025
88027
88076
88085
88090
88111
88117
88123
88131
88132
88148
88152
88153
88160
88168
88174
88188
88189
88193
88227
88241
88241
88246
88262
88276
88281
88284
88288
88289
88292
88298
88305
88323
88333
88336
88346
88348
88348
88351
88360
88367
88374
88375
88379
88383
88384
88388
88396
88437
88441
88454
88456
88460
88465
88472
88482
88504
88506
88506
88513
88514
88515
88516
88519
88529
88531
88555
88560
88562
88567
88568
88570
88588
88597
88604
88607
88622
88632
88633
88639
88645
88653
88655
88661
88668
88669
88673
88688
88692
88716
88718
88719
88742
88743
88756
88758
88767
88767
88770
88774
88776
88782
88803
88809
88813
88821
88836
88843
88844
88852
88861
88861
88869
88869
88871
88872
88899
88902
88912
88921
88923
88937
88938
88952
88955
88955
88973
88976
88977
88999
89000
89004
89005
89008
89014
89032
89032
89050
89053
89064
89069
89090
89093
89094
89099
89100
89102
89111
89113
89115
89124
89127
89129
89131
89147
89154
89162
89163
89197
89204
89207
89219
89228
89233
89234
89262
89266
89267
89271
89280
89283
89290
89295
89306
89306
89322
89351
89357
89357
89368
89371
89374
89385
89385
89391
89397
89398
89409
89420
89430
89436
89470
89471
89485
89490
89527
89539
89552
89560
89565
89567
89569
89570
89571
89575
89581
89583
89589
89608
89608
89619
89621
89625
89628
89632
89638
89646
89656
89662
89671
89675
89675
89691
89696
89711
89727
89735
89744
89756
89759
89760
89764
89766
89772
89787
89792
89793
89796
89796
89831
89843
89850
89850
89851
89852
89872
89875
89894
89897
89911
89919
89925
89926
89929
89930
89935
89939
89942
89955
89956
89959
89960
89973
89977
89982
89987
90000
90004
90007
90009
90022
90033
90064
90065
90070
90077
90103
90105
90108
90109
90126
90126
90130
90137
90149
90149
90150
90153
90154
90173
90177
90195
90195
90204
90212
90213
90228
90235
90236
90241
90243
90261
90266
90268
90270
90272
90274
90275
90278
90293
90294
90299
90300
90302
90306
90308
90310
90326
90331
90337
90341
90347
90349
90349
90366
90370
90372
90374
90389
90413
90418
90425
90436
90439
90443
90449
90452
90459
90468
90471
90473
90484
90487
90516
90520
90525
90526
90532
90533
90544
90554
90571
90574
90578
90600
90603
90603
90604
90606
90623
90624
90626
90626
90648
90650
90682
90682
90691
90692
90695
90699
90701
90701
90726
90732
90732
90737
90740
90742
90762
90775
90783
90796
90800
90803
90812
90814
90821
90824
90826
90828
90833
90849
90862
90863
90869
90878
90915
90918
90926
90934
90962
90964
90966
90972
90977
91015
91022
91033
91034
91045
91048
91049
91060
91065
91089
91096
91126
91137
91154
91166
91196
91196
91200
91204
91206
91215
91221
91235
91235
91236
91244
91260
91268
91271
91271
91294
91312
91313
91314
91321
91323
91329
91332
91334
91336
91336
91342
91351
91379
91392
91406
91415
91421
91433
91443
91457
91467
91474
91479
91486
91493
91499
91500
91506
91515
91524
91532
91550
91563
91564
91569
91581
91590
91600
91611
91621
91621
91631
91644
91646
91649
91651
91683
91693
91693
91710
91711
91717
91719
91720
91722
91724
91726
91734
91735
91748
91754
91759
91777
91788
91789
91824
91832
91838
91847
91847
91850
91853
91887
91907
91922
91927
91927
91933
91934
91939
91949
91953
91967
91969
91972
91983
92003
92014
92021
92026
92043
92067
92075
92077
92080
92087
92095
92096
92096
92096
92127
92127
92146
92146
92164
92173
92182
92184
92197
92206
92212
92219
92221
92235
92243
92247
92258
92260
92265
92266
92266
92275
92289
92310
92317
92321
92323
92358
92366
92367
92370
92400
92412
92445
92449
92452
92458
92460
92464
92483
92484
92485
92489
92518
92531
92555
92557
92558
92569
92570
92579
92592
92594
92595
92596
92601
92605
92606
92606
92612
92615
92623
92625
92638
92638
92652
92654
92656
92656
92657
92668
92675
92689
92690
92692
92695
92706
92733
92745
92746
92763
92765
92775
92788
92790
92795
92810
92814
92824
92824
92827
92832
92838
92841
92843
92852
92858
92867
92872
92879
92882
92887
92898
92904
92908
92913
92919
92920
92924
92943
92964
92969
92977
92984
92994
93001
93002
93005
93040
93040
93070
93072
93073
93076
93082
93085
93088
93089
93091
93096
93104
93110
93115
93130
93134
93139
93173
93178
93188
93196
93200
93201
93218
93222
93230
93241
93245
93247
93294
93308
93312
93316
93323
93329
93339
93370
93376
93376
93382
93391
93399
93401
93407
93409
93413
93418
93419
93434
93441
93442
93487
93488
93494
93497
93505
93508
93527
93533
93538
93539
93541
93572
93584
93586
93607
93608
93614
93622
93639
93643
93652
93653
93659
93674
93677
93682
93697
93698
93703
93703
93721
93726
93731
93735
93736
93739
93757
93759
93761
93765
93787
93792
93793
93797
93830
93833
93844
93846
93856
93861
93877
93890
93891
93894
93896
93897
93907
93923
93924
93931
93931
93935
93975
93984
93995
93996
94014
94037
94040
94047
94047
94050
94051
94057
94095
94099
94101
94105
94117
94118
94121
94125
94127
94147
94152
94154
94157
94160
94160
94164
94165
94167
94176
94182
94195
94195
94204
94204
94215
94217
94225
94227
94236
94250
94254
94271
94276
94281
94282
94302
94306
94306
94308
94309
94316
94323
94343
94346
94353
94355
94363
94369
94371
94382
94385
94386
94430
94434
94463
94474
94478
94481
94511
94515
94526
94534
94546
94560
94568
94571
94588
94591
94597
94600
94612
94612
94649
94653
94675
94675
94684
94685
94700
94702
94706
94714
94717
94723
94734
94735
94741
94744
94754
94756
94759
94769
94771
94772
94790
94799
94802
94827
94832
94838
94847
94850
94851
94853
94858
94860
94872
94895
94898
94899
94904
94922
94929
94931
94932
94940
94959
94961
94966
94978
95004
95009
95014
95014
95015
95023
95033
95043
95044
95044
95046
95046
95056
95074
95077
95082
95083
95103
95108
95117
95119
95158
95166
95175
95178
95184
95190
95198
95212
95222
95230
95230
95234
95235
95241
95245
95260
95279
95311
95317
95318
95319
95323
95332
95334
95342
95361
95391
95393
95395
95398
95406
95414
95424
95426
95439
95442
95445
95456
95461
95468
95474
95483
95486
95489
95503
95515
95518
95522
95527
95531
95539
95546
95548
95560
95585
95586
95590
95597
95607
95623
95625
95625
95635
95651
95655
95679
95681
95689
95691
95718
95726
95740
95746
95754
95755
95776
95780
95780
95784
95786
95791
95827
95827
95829
95843
95859
95863
95864
95888
95899
95922
95937
95937
95940
95947
95948
95964
95965
95970
95978
95981
95992
95995
95995
96003
96004
96025
96037
96039
96039
96051
96052
96053
96071
96072
96083
96088
96093
96093
96106
96108
96119
96122
96122
96129
96142
96142
96147
96148
96155
96155
96159
96164
96170
96183
96188
96206
96223
96224
96234
96235
96242
96248
96256
96264
96285
96288
96308
96319
96319
96332
96332
96337
96354
96360
96364
96376
96378
96381
96388
96398
96399
96406
96412
96425
96431
96485
96489
96489
96490
96496
96497
96510
96514
96530
96531
96546
96553
96554
96557
96565
96566
96568
96580
96581
96586
96595
96596
96597
96601
96611
96612
96613
96615
96616
96618
96621
96623
96636
96637
96650
96662
96685
96689
96694
96697
96700
96723
96730
96742
96745
96753
96756
96772
96783
96785
96796
96799
96800
96801
96810
96818
96826
96836
96843
96854
96864
96870
96875
96878
96880
96890
96905
96908
96909
96924
96959
96981
96982
96988
96991
96999
97001
97022
97031
97048
97049
97061
97090
97091
97092
97104
97125
97134
97167
97174
97206
97214
97223
97228
97232
97236
97237
97237
97239
97243
97246
97250
97251
97251
97255
97264
97266
97267
97269
97269
97275
97281
97283
97287
97289
97290
97313
97317
97346
97356
97363
97376
97384
97397
97402
97413
97432
97443
97445
97450
97454
97454
97459
97466
97478
97479
97482
97486
97488
97504
97520
97528
97532
97533
97542
97545
97552
97553
97561
97564
97585
97586
97590
97595
97604
97608
97611
97636
97639
97654
97656
97684
97708
97708
97710
97724
97736
97757
97761
97783
97803
97820
97823
97825
97836
97840
97841
97864
97894
97897
97897
97899
97908
97919
97933
97934
97940
97944
97964
97997
98016
98024
98026
98031
98032
98036
98080
98087
98090
98141
98145
98146
98152
98161
98178
98183
98211
98235
98236
98246
98248
98254
98262
98266
98269
98271
98273
98274
98281
98287
98298
98304
98311
98318
98321
98329
98332
98333
98341
98355
98356
98356
98359
98365
98396
98409
98413
98421
98445
98452
98455
98466
98478
98480
98485
98486
98496
98526
98535
98539
98553
98556
98560
98562
98563
98578
98586
98586
98596
98601
98610
98612
98615
98619
98654
98657
98659
98678
98693
98697
98700
98712
98720
98729
98729
98731
98740
98749
98760
98760
98761
98770
98806
98815
98817
