156
323
572
920
946
1073
1268
1317
1447
1451
1769
1856
1885
1909
1978
2041
2226
2237
2257
2264
2303
2405
2518
2654
2669
2757
2784
2820
2850
2962
3108
3292
3294
3604
3858
4054
4218
4273
4277
4372
4445
4485
4563
4581
4610
4755
4868
4923
5151
5350
5405
5438
5479
5507
5541
5747
5822
5931
5937
6092
6165
6458
6486
6489
6520
6673
6807
7190
7191
7383
7597
7779
7995
8000
8030
8086
8182
8580
8595
8607
8626
8701
8803
8815
8826
9062
9174
9245
9385
9500
9638
9763
9963
10137
10184
10201
10268
10355
10376
10398
10507
10602
10624
10669
10682
10729
10812
10913
11053
11090
11162
11195
11211
11219
11302
11350
11365
11384
11480
11491
11500
11512
11524
11541
11595
11745
11772
11814
11865
11875
11887
12034
12079
12104
12122
12125
12169
12174
12186
12227
12352
12376
12384
12394
12423
12441
12452
12457
12457
12514
12525
12560
12574
12590
12598
12602
12646
12646
12660
12665
12685
12701
12708
12754
12784
12790
12861
12865
12947
12954
12972
12991
13001
13019
13024
13025
13042
13067
13104
13111
13115
13190
13195
13218
13222
13237
13324
13327
13331
13356
13357
13363
13386
13422
13476
13503
13507
13579
13600
13605
13657
13683
13685
13705
13711
13732
13738
13761
13793
13805
13807
13825
13842
13880
13925
13931
13945
13955
13964
13971
13978
14001
14006
14038
14052
14077
14080
14084
14132
14143
14150
14157
14181
14189
14208
14229
14294
14309
14311
14317
14320
14322
14360
14360
14377
14384
14414
14417
14435
14440
14446
14446
14454
14473
14498
14515
14520
14526
14535
14566
14582
14583
14604
14644
14646
14661
14674
14707
14711
14729
14729
14774
14776
14787
14803
14813
14831
14896
14896
14903
14918
14953
15026
15058
15082
15099
15100
15110
15111
15115
15115
15116
15129
15149
15151
15181
15182
15192
15211
15231
15251
15252
15298
15302
15307
15321
15336
15354
15370
15376
15389
15394
15394
15441
15476
15490
15533
15560
15577
15604
15605
15619
15633
15651
15654
15660
15663
15665
15730
15734
15787
15798
15804
15821
15839
15887
15905
15938
15941
15983
15986
15989
16005
16030
16037
16037
16050
16053
16054
16081
16093
16108
16142
16155
16166
16172
16183
16186
16197
16223
16238
16242
16249
16251
16302
16314
16319
16326
16334
16338
16375
16388
16394
16396
16435
16459
16465
16471
16476
16486
16490
16495
16501
16510
16519
16542
16580
16584
16593
16604
16607
16622
16623
16653
16654
16656
16662
16663
16664
16694
16701
16715
16744
16753
16756
16760
16764
16807
16819
16848
16872
16890
16892
16901
16917
16925
16938
16970
16971
16975
16978
16985
16993
17020
17046
17062
17069
17074
17080
17087
17168
17178
17196
17211
17220
17229
17231
17263
17277
17280
17296
17319
17320
17346
17365
17380
17381
17381
17396
17421
17453
17455
17456
17470
17475
17488
17512
17522
17524
17537
17557
17572
17584
17590
17613
17618
17621
17652
17679
17691
17694
17731
17743
17750
17751
17752
17769
17816
17817
17826
17829
17831
17842
17845
17856
17866
17882
17887
17893
17901
17903
17907
17925
17938
17940
17951
17954
18019
18042
18068
18084
18105
18108
18136
18137
18149
18163
18171
18178
18178
18213
18264
18266
18302
18306
18321
18335
18359
18365
18375
18380
18382
18393
18408
18417
18423
18442
18442
18471
18512
18524
18583
18618
18627
18723
18754
18754
18760
18766
18786
18790
18816
18817
18822
18827
18835
18842
18865
18883
18893
18902
18933
18936
18944
18945
18949
18953
18954
18973
19041
19060
19065
19074
19077
19085
19086
19115
19139
19142
19145
19181
19197
19198
19210
19214
19228
19246
19267
19294
19308
19309
19320
19321
19331
19343
19349
19418
19429
19434
19439
19440
19468
19482
19501
19515
19516
19541
19545
19558
19568
19583
19584
19600
19605
19657
19694
19697
19700
19714
19721
19741
19787
19788
19789
19816
19822
19824
19833
19841
19858
19862
19874
19874
19880
19894
19895
19964
19978
19980
19984
19996
20017
20027
20039
20041
20050
20078
20080
20081
20085
20085
20092
20093
20116
20122
20132
20155
20165
20165
20177
20188
20198
20200
20204
20212
20219
20222
20225
20244
20246
20316
20329
20333
20336
20336
20351
20379
20394
20404
20406
20413
20421
20422
20442
20443
20467
20479
20488
20545
20569
20570
20576
20605
20606
20619
20626
20627
20643
20664
20674
20675
20720
20726
20747
20750
20761
20774
20782
20797
20805
20821
20822
20842
20857
20862
20873
20876
20887
20895
20897
20900
20937
20954
20962
20969
21013
21021
21050
21057
21059
21083
21096
21100
21105
21122
21144
21147
21197
21202
21207
21225
21265
21294
21314
21320
21326
21329
21332
21334
21362
21367
21377
21379
21396
21400
21439
21451
21454
21470
21489
21499
21511
21537
21545
21546
21582
21587
21603
21615
21629
21629
21634
21641
21655
21665
21684
21685
21689
21700
21741
21742
21746
21748
21762
21769
21788
21790
21798
21809
21825
21838
21849
21853
21855
21860
21865
21895
21896
21913
21928
21944
21944
21945
21948
21949
21960
21968
21977
21980
21981
21983
21986
21992
22009
22015
22022
22034
22037
22051
22056
22060
22069
22090
22102
22102
22116
22144
22149
22172
22176
22178
22204
22206
22215
22241
22245
22246
22270
22282
22286
22293
22324
22336
22349
22381
22415
22463
22467
22483
22494
22499
22549
22558
22559
22564
22584
22584
22592
22592
22602
22604
22609
22618
22628
22633
22646
22675
22704
22711
22726
22750
22756
22759
22759
22759
22759
22780
22793
22799
22812
22830
22836
22847
22856
22892
22907
22909
22913
22916
22937
22942
22952
22955
22957
22975
23001
23023
23053
23056
23116
23142
23145
23149
23153
23155
23171
23175
23201
23203
23222
23227
23245
23255
23259
23263
23281
23282
23289
23290
23301
23336
23339
23346
23347
23350
23357
23391
23396
23418
23422
23433
23445
23454
23480
23486
23501
23513
23545
23556
23558
23582
23618
23627
23642
23652
23656
23657
23660
23669
23685
23692
23705
23712
23713
23722
23724
23725
23760
23784
23790
23799
23808
23825
23835
23849
23857
23859
23864
23878
23885
23902
23907
23911
23945
23949
23953
23954
23991
24004
24006
24009
24022
24050
24051
24056
24059
24067
24068
24101
24105
24114
24125
24126
24127
24131
24171
24174
24176
24179
24182
24230
24250
24253
24256
24259
24266
24268
24272
24289
24319
24326
24336
24342
24342
24381
24385
24386
24393
24414
24442
24467
24471
24497
24525
24530
24562
24598
24602
24603
24636
24637
24659
24669
24691
24699
24735
24738
24738
24738
24745
24747
24754
24760
24791
24793
24798
24804
24812
24821
24833
24838
24848
24863
24880
24901
24910
24913
24931
24944
24952
24959
24965
24973
24973
24983
24995
25009
25009
25026
25027
25029
25029
25039
25039
25045
25049
25053
25059
25059
25066
25116
25126
25128
25137
25138
25153
25185
25215
25236
25264
25273
25293
25329
25337
25337
25338
25371
25383
25389
25389
25397
25414
25424
25425
25432
25435
25438
25446
25447
25448
25474
25479
25498
25500
25531
25546
25547
25553
25565
25566
25574
25580
25582
25602
25624
25627
25628
25650
25657
25685
25687
25694
25721
25727
25727
25733
25760
25767
25792
25805
25806
25819
25826
25842
25852
25874
25884
25887
25896
25912
25913
25913
25915
25916
25916
25930
25945
25946
25963
25975
25988
25988
26007
26018
26019
26028
26035
26047
26053
26085
26104
26105
26121
26124
26144
26153
26155
26199
26203
26206
26237
26253
26280
26312
26314
26328
26331
26332
26332
26350
26364
26365
26383
26383
26413
26443
26470
26489
26510
26522
26528
26536
26538
26539
26551
26552
26578
26583
26585
26594
26594
26598
26613
26630
26645
26648
26653
26658
26662
26686
26706
26708
26718
26729
26737
26761
26761
26769
26771
26787
26803
26804
26814
26819
26819
26821
26823
26843
26855
26866
26872
26877
26887
26898
26900
26931
26934
26939
26953
26960
26992
27019
27039
27042
27042
27061
27070
27073
27075
27081
27085
27087
27090
27095
27097
27105
27136
27146
27163
27167
27181
27186
27197
27198
27200
27203
27204
27241
27258
27260
27281
27283
27326
27330
27341
27375
27387
27409
27419
27420
27425
27440
27450
27462
27462
27464
27471
27481
27490
27494
27539
27555
27565
27570
27577
27587
27633
27644
27653
27661
27684
27685
27695
27702
27706
27708
27710
27721
27725
27730
27743
27748
27765
27769
27780
27795
27795
27802
27810
27815
27824
27826
27826
27859
27862
27865
27897
27912
27928
27949
27992
27996
27998
27999
28004
28055
28074
28087
28089
28092
28111
28159
28164
28172
28175
28176
28187
28211
28218
28259
28270
28290
28302
28306
28310
28311
28312
28312
28326
28332
28333
28377
28381
28385
28396
28397
28401
28427
28430
28447
28473
28489
28493
28524
28534
28537
28543
28547
28548
28551
28588
28590
28593
28602
28628
28644
28646
28649
28663
28664
28666
28680
28698
28702
28714
28763
28764
28785
28802
28803
28811
28814
28818
28820
28828
28838
28848
28858
28870
28895
28901
28905
28911
28916
28919
28934
28939
28953
28980
29010
29018
29021
29025
29031
29053
29063
29068
29078
29141
29145
29146
29149
29161
29175
29195
29199
29233
29244
29279
29294
29303
29328
29344
29365
29390
29403
29416
29428
29446
29446
29461
29463
29484
29487
29489
29496
29499
29507
29525
29550
29576
29615
29644
29666
29677
29680
29681
29684
29702
29718
29724
29724
29724
29727
29760
29763
29770
29800
29802
29817
29822
29825
29828
29833
29857
29867
29872
29885
29888
29888
29929
29950
29952
29969
29988
29988
29990
30018
30035
30044
30057
30058
30066
30072
30082
30084
30087
30090
30103
30143
30165
30173
30178
30180
30224
30254
30259
30315
30321
30343
30348
30348
30371
30371
30373
30374
30401
30407
30410
30425
30431
30450
30474
30495
30510
30555
30576
30613
30617
30625
30650
30663
30672
30730
30749
30797
30798
30846
30872
30881
30884
30926
30961
30962
30972
30976
30989
30996
31004
31011
31030
31043
31044
31058
31060
31065
31076
31080
31082
31083
31083
31092
31109
31125
31126
31146
31162
31173
31178
31190
31198
31231
31238
31238
31240
31323
31328
31330
31333
31334
31351
31361
31366
31377
31378
31379
31382
31386
31390
31405
31407
31414
31429
31433
31455
31460
31506
31516
31517
31528
31530
31545
31553
31593
31598
31598
31612
31616
31623
31624
31626
31627
31630
31633
31659
31675
31681
31686
31688
31714
31728
31742
31748
31751
31778
31791
31796
31828
31832
31837
31844
31903
31913
31932
31950
31962
31969
31976
31979
31983
32018
32041
32047
32049
32050
32063
32066
32073
32100
32104
32113
32150
32178
32208
32213
32235
32243
32256
32289
32294
32322
32333
32334
32370
32374
32386
32421
32431
32461
32472
32475
32488
32513
32514
32518
32520
32523
32533
32541
32549
32562
32569
32595
32613
32635
32637
32651
32656
32659
32663
32678
32685
32692
32694
32702
32706
32715
32731
32734
32763
32775
32776
32783
32800
32812
32817
32828
32835
32838
32840
32840
32842
32857
32869
32869
32873
32917
32949
32951
32982
32986
33006
33010
33023
33026
33031
33032
33045
33048
33071
33114
33119
33132
33134
33143
33155
33165
33184
33197
33208
33214
33223
33225
33236
33241
33243
33253
33268
33278
33284
33302
33341
33343
33389
33390
33394
33415
33420
33429
33435
33455
33471
33476
33504
33517
33531
33532
33540
33548
33573
33574
33585
33607
33611
33613
33616
33622
33629
33631
33631
33636
33646
33653
33702
33711
33723
33730
33740
33758
33764
33767
33776
33780
33781
33781
33787
33792
33793
33809
33818
33827
33830
33835
33848
33851
33864
33877
33891
33899
33902
33903
33911
33928
33937
33953
33965
33975
34039
34046
34048
34061
34070
34072
34085
34103
34132
34135
34140
34147
34152
34156
34178
34183
34205
34213
34224
34235
34250
34254
34257
34270
34272
34285
34286
34327
34333
34343
34351
34365
34377
34379
34388
34394
34400
34429
34441
34455
34462
34475
34486
34522
34528
34542
34545
34589
34590
34594
34602
34629
34632
34633
34641
34654
34670
34674
34698
34703
34738
34750
34759
34773
34775
34783
34793
34794
34798
34800
34802
34803
34815
34834
34836
34861
34873
34874
34886
34898
34903
34904
34920
34937
34982
35020
35040
35045
35046
35085
35091
35093
35095
35102
35116
35129
35137
35142
35148
35157
35186
35192
35201
35228
35241
35269
35273
35291
35296
35308
35314
35315
35338
35348
35349
35357
35377
35387
35398
35401
35417
35417
35436
35436
35443
35475
35475
35519
35562
35565
35579
35591
35593
35596
35621
35629
35649
35662
35692
35696
35700
35706
35715
35721
35751
35764
35770
35779
35780
35781
35784
35799
35802
35812
35814
35816
35820
35824
35840
35862
35882
35884
35920
35922
35931
35935
35936
35951
35954
35969
35982
35988
35989
36010
36038
36046
36087
36088
36110
36119
36120
36153
36165
36177
36186
36225
36231
36250
36255
36262
36282
36285
36288
36288
36297
36331
36348
36348
36356
36356
36365
36366
36403
36428
36434
36435
36443
36443
36450
36476
36481
36486
36494
36497
36503
36546
36567
36605
36607
36638
36663
36669
36673
36694
36707
36710
36716
36743
36757
36863
36905
36912
36935
36952
36957
36966
36982
36995
37055
37059
37071
37073
37092
37097
37112
37146
37146
37147
37159
37178
37221
37223
37225
37228
37281
37308
37315
37318
37320
37330
37345
37354
37362
37371
37388
37389
37399
37437
37457
37479
37482
37489
37489
37492
37512
37513
37568
37652
37662
37678
37680
37692
37711
37716
37752
37759
37769
37783
37822
37835
37851
37851
37855
37857
37862
37868
37869
37869
37879
37882
37907
37908
37918
37942
37943
37951
37964
37964
37966
37984
37989
37994
38031
38046
38055
38118
38126
38142
38149
38151
38159
38177
38237
38262
38268
38278
38339
38357
38358
38361
38363
38377
38377
38383
38397
38449
38459
38467
38468
38472
38503
38505
38521
38532
38541
38563
38570
38580
38581
38606
38610
38628
38633
38637
38644
38650
38656
38663
38679
38690
38693
38720
38728
38732
38752
38752
38789
38789
38808
38808
38813
38813
38835
38849
38854
38864
38872
38904
38914
38928
38958
38964
38965
38966
38976
38981
38992
39036
39053
39056
39056
39077
39084
39095
39105
39117
39118
39125
39133
39156
39182
39190
39241
39278
39283
39352
39374
39380
39401
39406
39408
39458
39485
39493
39495
39500
39518
39573
39581
39587
39611
39629
39678
39682
39690
39695
39708
39725
39738
39744
39763
39792
39840
39877
39894
39938
39953
39970
40032
40053
40087
40089
40102
40114
40123
40127
40150
40180
40201
40240
40244
40274
40276
40278
40297
40334
40337
40400
40406
40413
40425
40448
40462
40488
40510
40540
40552
40556
40610
40618
40618
40630
40630
40635
40648
40651
40654
40683
40708
40712
40724
40767
40770
40790
40797
40805
40852
40884
40887
40922
40942
40963
40964
40965
40978
40998
40999
41010
41040
41045
41060
41109
41121
41134
41165
41188
41219
41277
41295
41297
41297
41309
41345
41357
41358
41416
41432
41433
41447
41451
41453
41454
41505
41510
41534
41536
41553
41558
41571
41579
41585
41597
41625
41654
41669
41689
41694
41717
41721
41724
41733
41738
41769
41774
41787
41791
41852
41858
41863
41869
41884
41887
41890
41906
41925
41929
41955
41962
41979
41995
42050
42060
42064
42065
42074
42084
42116
42124
42136
42151
42169
42192
42211
42223
42227
42231
42254
42254
42266
42273
42294
42307
42318
42342
42347
42353
42367
42367
42370
42372
42392
42392
42407
42413
42418
42422
42427
42442
42452
42460
42463
42474
42475
42478
42499
42510
42512
42525
42551
42558
42622
42635
42652
42653
42679
42716
42774
42775
42835
42863
42864
42880
42897
42898
42926
42927
42940
42956
42991
43014
43019
43031
43058
43067
43069
43118
43123
43123
43125
43137
43156
43185
43187
43204
43222
43240
43242
43260
43261
43266
43348
43350
43351
43357
43362
43391
43420
43436
43451
43471
43475
43503
43536
43578
43603
43615
43630
43648
43648
43665
43676
43682
43694
43697
43713
43724
43739
43770
43798
43823
43823
43922
43938
43961
43992
44011
44022
44027
44036
44037
44104
44104
44122
44124
44148
44181
44208
44219
44224
44229
44235
44242
44324
44348
44371
44373
44383
44396
44401
44488
44490
44499
44505
44526
44568
44588
44602
44602
44603
44613
44621
44629
44672
44679
44690
44698
44709
44711
44736
44743
44755
44771
44798
44809
44882
44886
44887
44912
44927
44933
44944
44988
45003
45008
45018
45108
45110
45111
45142
45221
45235
45277
45312
45314
45353
45398
45461
45485
45486
45493
45497
45499
45516
45531
45542
45543
45546
45547
45576
45581
45593
45603
45619
45629
45664
45667
45715
45795
45797
45804
45809
45832
45863
45869
45878
45936
45961
45969
46030
46061
46071
46097
46142
46153
46168
46189
46196
46205
46206
46250
46280
46280
46291
46347
46354
46363
46372
46373
46374
46397
46398
46452
46468
46482
46490
46540
46544
46557
46567
46572
46578
46603
46616
46621
46630
46641
46683
46684
46715
46743
46796
46818
46826
46871
46876
46908
46912
46927
46946
46956
46972
46993
47002
47015
47022
47053
47058
47065
47107
47112
47120
47120
47123
47125
47131
47137
47195
47201
47214
47216
47224
47225
47242
47278
47293
47298
47298
47323
47325
47337
47338
47364
47367
47368
47376
47380
47397
47401
47415
47415
47441
47483
47510
47538
47581
47613
47625
47644
47653
47707
47742
47763
47764
47793
47794
47817
47818
47837
47871
47915
47933
47933
47935
47948
47955
47961
47974
47991
48061
48065
48079
48083
48113
48167
48176
48177
48189
48200
48225
48230
48265
48268
48275
48285
48295
48299
48304
48323
48323
48344
48346
48361
48365
48367
48376
48379
48407
48452
48486
48504
48515
48538
48548
48561
48565
48566
48586
48596
48596
48638
48649
48655
48659
48661
48684
48691
48712
48716
48744
48749
48768
48773
48790
48794
48804
48810
48810
48835
48846
48865
48878
48886
48902
48932
48938
48947
48976
49002
49034
49036
49042
49049
49052
49067
49092
49098
49109
49116
49131
49140
49152
49188
49214
49247
49265
49324
49326
49339
49355
49372
49380
49405
49446
49457
49462
49468
49472
49482
49487
49497
49497
49505
49510
49516
49519
49532
49546
49551
49553
49574
49575
49585
49604
49609
49628
49648
49653
49659
49663
49704
49706
49717
49724
49730
49737
49752
49760
49810
49822
49828
49842
49845
49851
49869
49869
49877
49913
49932
49943
49946
49947
49948
49981
49991
50015
50026
50026
50039
50048
50055
50067
50074
50074
50110
50115
50136
50149
50157
50165
50188
50194
50202
50224
50279
50294
50298
50339
50368
50416
50419
50449
50454
50466
50478
50492
50506
50535
50540
50582
50590
50595
50602
50618
50626
50653
50658
50663
50679
50679
50684
50701
50752
50771
50787
50791
50793
50803
50861
50879
50894
50897
50903
50914
50934
50953
50970
50972
51001
51004
51041
51043
51099
51157
51161
51185
51187
51190
51205
51221
51226
51253
51261
51272
51274
51281
51282
51291
51293
51318
51331
51333
51363
51385
51385
51397
51402
51402
51419
51425
51437
51466
51475
51504
51511
51517
51539
51541
51558
51560
51565
51574
51586
51595
51604
51605
51609
51635
51656
51659
51683
51774
51778
51791
51792
51821
51825
51830
51836
51841
51848
51877
51909
51929
51931
51954
51963
51989
51995
52004
52007
52014
52020
52075
52105
52107
52156
52170
52180
52204
52297
52298
52306
52312
52322
52324
52336
52338
52339
52340
52354
52366
52384
52401
52404
52428
52432
52432
52436
52464
52468
52471
52472
52476
52486
52507
52508
52516
52519
52562
52568
52579
52586
52600
52605
52613
52613
52626
52632
52644
52651
52661
52667
52688
52702
52714
52727
52736
52739
52742
52767
52774
52789
52802
52817
52845
52846
52855
52863
52873
52876
52879
52883
52885
52896
52907
52932
52934
52935
52962
52963
52975
53001
53002
53008
53011
53030
53033
53039
53040
53045
53059
53085
53093
53115
53116
53116
53122
53127
53132
53142
53148
53160
53162
53171
53180
53182
53207
53210
53211
53232
53239
53240
53243
53258
53264
53271
53275
53280
53293
53305
53315
53333
53349
53359
53383
53385
53387
53411
53418
53425
53444
53465
53468
53468
53481
53490
53492
53499
53502
53512
53514
53519
53523
53527
53540
53545
53559
53564
53575
53579
53582
53608
53609
53616
53629
53642
53658
53680
53683
53689
53707
53731
53736
53749
53751
53757
53764
53768
53796
53813
53816
53820
53821
53835
53840
53871
53876
53886
53895
53930
53951
53962
53975
53981
54018
54021
54027
54076
54079
54097
54108
54156
54156
54177
54182
54195
54199
54201
54248
54251
54254
54277
54278
54291
54299
54305
54336
54337
54337
54343
54343
54343
54344
54360
54360
54371
54381
54406
54406
54462
54474
54499
54513
54521
54533
54544
54549
54558
54559
54563
54565
54609
54618
54649
54666
54672
54685
54687
54703
54711
54720
54780
54785
54808
54810
54819
54824
54852
54860
54872
54872
54890
54899
54906
54909
54913
54929
54933
54946
54969
54971
55020
55021
55028
55063
55075
55081
55093
55100
55119
55123
55129
55132
55172
55173
55212
55223
55225
55256
55258
55267
55267
55273
55274
55276
55285
55328
55330
55333
55354
55373
55384
55384
55385
55400
55403
55415
55420
55440
55441
55462
55508
55510
55519
55544
55549
55589
55611
55615
55636
55639
55640
55647
55650
55651
55668
55690
55721
55726
55726
55737
55740
55743
55747
55780
55800
55805
55812
55829
55831
55839
55852
55865
55875
55879
55917
55920
55929
55938
55941
55957
55968
55974
55981
55994
55999
56008
56033
56035
56039
56040
56054
56055
56075
56081
56111
56124
56153
56164
56183
56249
56254
56285
56293
56298
56325
56329
56330
56335
56341
56343
56358
56397
56441
56455
56463
56465
56467
56474
56499
56511
56518
56519
56522
56526
56537
56542
56547
56554
56573
56577
56580
56584
56596
56619
56634
56643
56660
56662
56670
56673
56676
56686
56687
56706
56723
56773
56783
56783
56805
56813
56816
56842
56846
56848
56884
56885
56887
56909
56915
56939
56940
56951
56975
56982
56984
57002
57012
57035
57040
57047
57047
57053
57056
57064
57072
57074
57078
57086
57125
57128
57135
57139
57155
57155
57162
57167
57197
57215
57265
57269
57273
57282
57291
57320
57323
57324
57339
57352
57371
57371
57374
57385
57413
57415
57426
57429
57429
57430
57459
57464
57471
57474
57490
57554
57559
57559
57576
57624
57625
57637
57656
57664
57667
57674
57681
57690
57706
57711
57733
57755
57777
57781
57797
57808
57816
57836
57842
57850
57866
57867
57906
57919
57931
57932
57934
57944
57960
57962
57977
57982
57985
57993
57995
57998
58011
58066
58073
58081
58091
58116
58117
58118
58123
58131
58135
58158
58158
58162
58187
58205
58225
58243
58254
58270
58276
58280
58290
58300
58306
58308
58343
58349
58351
58352
58392
58402
58445
58447
58456
58465
58470
58471
58492
58510
58531
58547
58565
58576
58579
58594
58604
58628
58636
58655
58667
58678
58680
58688
58701
58704
58706
58715
58727
58728
58729
58730
58755
58757
58759
58786
58789
58792
58848
58864
58869
58876
58889
58891
58896
58914
58921
58946
58973
59022
59024
59029
59030
59045
59061
59074
59083
59135
59141
59142
59143
59148
59150
59174
59180
59180
59182
59243
59332
59336
59349
59371
59393
59418
59433
59450
59462
59466
59488
59491
59499
59517
59525
59541
59558
59558
59558
59569
59613
59628
59633
59638
59642
59653
59660
59664
59668
59670
59685
59686
59700
59705
59721
59728
59729
59744
59769
59773
59774
59775
59791
59792
59800
59811
59822
59823
59838
59840
59847
59849
59878
59886
59901
59914
59944
59944
59954
59979
59981
59983
59991
59992
59994
60026
60048
60050
60072
60075
60089
60104
60116
60116
60181
60226
60243
60257
60267
60289
60304
60308
60313
60319
60319
60326
60331
60361
60383
60394
60407
60415
60458
60508
60517
60517
60529
60531
60539
60549
60564
60571
60591
60639
60658
60663
60685
60697
60703
60722
60738
60744
60784
60788
60790
60794
60843
60850
60879
60885
60886
60887
60892
60921
61027
61038
61044
61047
61050
61076
61082
61092
61100
61113
61117
61129
61146
61177
61182
61224
61242
61253
61287
61306
61308
61311
61318
61325
61330
61338
61352
61357
61373
61386
61406
61419
61430
61482
61502
61503
61544
61556
61571
61587
61611
61665
61699
61710
61721
61755
61771
61785
61796
61796
61813
61822
61830
61844
61848
61854
61865
61869
61879
61906
61909
61940
61955
61989
62005
62045
62053
62076
62090
62122
62140
62165
62215
62256
62272
62282
62288
62295
62296
62316
62322
62331
62338
62349
62364
62367
62368
62374
62390
62409
62413
62434
62452
62453
62478
62484
62489
62496
62497
62507
62510
62536
62558
62580
62583
62584
62613
62615
62635
62639
62640
62640
62642
62650
62650
62655
62665
62674
62699
62709
62719
62724
62733
62746
62750
62752
62761
62775
62803
62839
62846
62874
62880
62895
62911
62921
62927
62948
62962
62983
63005
63006
63009
63047
63051
63052
63061
63066
63073
63073
63123
63140
63150
63157
63174
63200
63209
63210
63214
63218
63227
63232
63242
63242
63243
63248
63266
63275
63278
63285
63297
63298
63328
63345
63352
63356
63365
63365
63373
63391
63434
63483
63538
63538
63546
63555
63569
63574
63579
63609
63610
63611
63626
63632
63640
63670
63675
63703
63726
63734
63758
63794
63800
63801
63827
63852
63865
63913
63941
63949
63961
63969
63973
63973
63996
64001
64031
64047
64114
64124
64146
64148
64150
64162
64181
64184
64201
64208
64215
64249
64269
64282
64321
64346
64406
64408
64431
64433
64441
64456
64473
64521
64530
64538
64547
64557
64561
64568
64570
64584
64607
64612
64634
64642
64670
64670
64713
64729
64751
64758
64779
64809
64817
64846
64849
64890
64895
64951
64956
64971
64980
64985
65006
65013
65016
65030
65053
65066
65068
65071
65073
65077
65105
65136
65164
65178
65189
65197
65213
65216
65225
65252
65263
65269
65282
65291
65305
65307
65334
65349
65350
65368
65378
65386
65390
65392
65396
65399
65409
65427
65429
65436
65442
65453
65477
65507
65522
65528
65528
65540
65569
65569
65588
65589
65598
65616
65625
65630
65633
65654
65672
65682
65684
65695
65710
65713
65745
65784
65803
65804
65804
65810
65822
65829
65871
65896
65903
65912
65924
65936
65949
65951
65969
65975
66007
66030
66050
66055
66081
66084
66094
66112
66127
66145
66146
66150
66165
66170
66174
66213
66216
66218
66225
66226
66226
66254
66257
66275
66284
66285
66288
66307
66328
66352
66357
66372
66377
66396
66428
66438
66459
66467
66481
66495
66523
66527
66528
66535
66538
66581
66603
66608
66685
66695
66698
66707
66710
66764
66773
66775
66791
66797
66800
66808
66828
66834
66870
66871
66879
66898
66917
66926
66942
66955
66969
66978
66984
67002
67014
67024
67025
67031
67052
67082
67092
67115
67118
67141
67148
67176
67208
67220
67233
67239
67261
67270
67300
67320
67327
67329
67329
67334
67348
67358
67382
67391
67398
67404
67405
67411
67426
67432
67438
67456
67461
67476
67486
67499
67500
67513
67522
67554
67557
67572
67575
67581
67586
67596
67600
67601
67607
67614
67622
67623
67643
67646
67650
67650
67654
67668
67673
67675
67687
67694
67733
67744
67744
67775
67782
67782
67790
67797
67812
67819
67820
67820
67837
67842
67842
67846
67861
67872
67878
67879
67908
67920
67921
67926
67935
67937
67940
67949
67963
67974
67974
67975
67988
67999
68011
68013
68024
68029
68032
68063
68066
68075
68088
68092
68100
68117
68122
68133
68135
68146
68162
68163
68171
68172
68174
68185
68193
68201
68205
68233
68248
68255
68258
68278
68278
68279
68301
68313
68336
68346
68352
68355
68359
68362
68364
68384
68393
68414
68418
68431
68431
68433
68440
68440
68447
68456
68460
68493
68497
68511
68520
68528
68531
68546
68562
68579
68581
68597
68601
68630
68640
68649
68650
68660
68674
68692
68703
68712
68731
68731
68734
68744
68745
68748
68748
68756
68775
68784
68813
68825
68829
68864
68870
68874
68877
68878
68896
68901
68906
68911
68919
68929
68940
68994
69041
69043
69060
69120
69125
69130
69137
69161
69163
69172
69175
69185
69196
69213
69221
69228
69247
69257
69265
69280
69287
69318
69318
69318
69325
69326
69352
69360
69362
69395
69417
69435
69439
69460
69461
69463
69469
69471
69482
69491
69493
69510
69521
69528
69578
69583
69588
69594
69608
69615
69618
69621
69641
69645
69650
69655
69661
69685
69691
69697
69710
69715
69744
69760
69767
69782
69785
69796
69808
69808
69818
69820
69821
69854
69874
69888
69891
69906
69914
69916
69926
69932
69935
69939
69962
69975
70001
70007
70021
70026
70046
70073
70080
70085
70092
70093
70094
70104
70118
70120
70134
70156
70159
70169
70171
70174
70186
70189
70203
70212
70234
70244
70258
70298
70301
70314
70315
70320
70337
70353
70358
70375
70379
70382
70425
70428
70441
70445
70461
70485
70496
70505
70542
70545
70551
70555
70573
70583
70586
70587
70595
70613
70666
70669
70671
70709
70711
70711
70722
70726
70768
70778
70790
70792
70795
70796
70818
70819
70826
70843
70897
70899
70912
70921
70924
70930
70934
70971
70985
70993
70996
70999
71008
71015
71035
71051
71056
71058
71118
71125
71127
71146
71188
71194
71201
71217
71222
71228
71238
71238
71243
71268
71281
71287
71289
71299
71320
71327
71332
71335
71344
71348
71370
71372
71380
71382
71392
71394
71404
71408
71438
71445
71460
71464
71470
71476
71482
71488
71514
71536
71543
71568
71571
71616
71621
71629
71644
71704
71705
71708
71711
71714
71716
71733
71735
71749
71761
71761
71801
71804
71844
71846
71847
71856
71887
71891
71925
71931
71945
71945
71948
71969
72005
72006
72039
72044
72072
72087
72096
72096
72098
72104
72115
72126
72127
72134
72135
72150
72151
72196
72202
72205
72230
72242
72250
72257
72268
72273
72274
72299
72315
72321
72328
72334
72366
72374
72382
72391
72398
72428
72433
72439
72442
72479
72496
72514
72515
72533
72551
72555
72557
72567
72573
72586
72592
72594
72599
72601
72603
72613
72619
72620
72630
72644
72674
72675
72681
72692
72702
72705
72708
72727
72731
72741
72747
72763
72767
72767
72771
72787
72789
72790
72794
72810
72841
72859
72862
72862
72864
72872
72878
72893
72908
72910
72915
72920
72923
72941
72945
72955
72961
72971
72978
72990
73021
73025
73028
73051
73083
73106
73121
73126
73146
73177
73180
73200
73203
73219
73220
73223
73232
73257
73258
73262
73277
73287
73296
73299
73317
73346
73356
73374
73414
73415
73416
73430
73438
73444
73510
73539
73554
73583
73585
73600
73605
73605
73625
73680
73694
73721
73725
73739
73761
73777
73787
73791
73795
73824
73828
73846
73851
73863
73882
73883
73885
73913
73924
73951
73957
74040
74054
74054
74059
74060
74078
74090
74095
74099
74102
74103
74117
74118
74136
74143
74144
74149
74162
74173
74179
74191
74194
74195
74196
74200
74200
74215
74230
74239
74243
74260
74272
74319
74327
74331
74332
74340
74342
74345
74369
74385
74388
74393
74394
74396
74420
74433
74447
74448
74462
74463
74469
74485
74517
74527
74545
74586
74600
74602
74631
74637
74668
74668
74699
74702
74711
74714
74733
74742
74768
74776
74781
74782
74783
74809
74820
74831
74844
74848
74857
74870
74876
74896
74900
74902
74945
74946
74991
74997
75016
75019
75021
75027
75035
75042
75042
75045
75047
75055
75073
75107
75113
75113
75135
75138
75143
75178
75186
75218
75222
75237
75241
75262
75268
75270
75294
75295
75313
75330
75339
75355
75403
75423
75439
75441
75468
75469
75478
75487
75500
75505
75512
75512
75515
75521
75529
75539
75544
75550
75576
75592
75594
75622
75644
75645
75652
75665
75666
75678
75683
75709
75729
75743
75745
75747
75750
75774
75779
75786
75796
75803
75807
75816
75822
75842
75857
75865
75880
75881
75931
75933
75943
75953
75956
75963
75987
75989
75994
76019
76019
76024
76029
76033
76050
76066
76075
76090
76094
76098
76111
76124
76136
76145
76154
76205
76206
76218
76221
76229
76234
76235
76246
76263
76273
76289
76290
76311
76311
76340
76353
76359
76364
76367
76373
76379
76394
76399
76411
76420
76436
76437
76446
76474
76477
76478
76491
76493
76498
76500
76529
76533
76559
76559
76591
76601
76613
76615
76619
76625
76630
76634
76652
76652
76656
76666
76675
76690
76696
76716
76726
76729
76741
76741
76747
76749
76753
76754
76760
76777
76778
76780
76795
76804
76806
76810
76814
76815
76836
76839
76842
76843
76845
76847
76852
76857
76894
76899
76916
76921
76924
76925
76929
76945
76947
76957
76968
76970
76983
76995
77006
77015
77026
77029
77049
77105
77120
77123
77136
77149
77172
77198
77201
77210
77272
77283
77338
77339
77343
77352
77376
77376
77392
77395
77404
77415
77469
77494
77509
77541
77542
77555
77576
77581
77581
77605
77643
77645
77653
77677
77687
77688
77694
77701
77734
77748
77768
77830
77836
77837
77856
77857
77890
77909
77912
77937
77966
77966
77988
78009
78050
78060
78065
78070
78088
78104
78120
78126
78137
78143
78149
78169
78170
78181
78209
78222
78231
78236
78254
78258
78261
78293
78299
78303
78332
78348
78365
78370
78386
78422
78426
78451
78459
78462
78469
78470
78488
78491
78504
78528
78567
78578
78626
78690
78707
78746
78760
78770
78774
78779
78786
78806
78816
78818
78831
78837
78844
78853
78869
78900
78928
78942
78973
78984
79012
79027
79046
79049
79059
79064
79070
79071
79088
79115
79116
79122
79153
79157
79163
79183
79207
79235
79240
79243
79262
79279
79284
79296
79313
79359
79367
79371
79407
79416
79438
79450
79457
79458
79463
79477
79490
79497
79505
79514
79518
79519
79522
79538
79538
79579
79590
79606
79611
79634
79645
79648
79675
79688
79706
79713
79728
79743
79755
79760
79775
79794
79799
79805
79807
79810
79875
79894
79897
79901
79904
79913
79915
79920
79939
79940
79945
79945
79947
79956
79959
79973
79975
80009
80011
80024
80031
80042
80043
80067
80074
80083
80105
80120
80142
80145
80157
80169
80182
80182
80185
80210
80211
80223
80232
80236
80241
80281
80284
80285
80298
80308
80319
80324
80342
80394
80402
80410
80412
80425
80430
80430
80448
80453
80491
80508
80511
80523
80541
80547
80565
80567
80572
80586
80589
80590
80591
80601
80614
80643
80685
80696
80709
80710
80719
80724
80735
80744
80745
80747
80754
80765
80780
80785
80791
80805
80810
80827
80833
80839
80867
80882
80892
80905
80915
80916
80920
80939
80952
80972
80980
80990
80998
81011
81026
81047
81050
81066
81085
81098
81131
81174
81177
81202
81227
81240
81241
81261
81288
81324
81334
81341
81355
81361
81369
81380
81395
81404
81406
81439
81470
81495
81498
81514
81540
81575
81600
81606
81607
81631
81637
81639
81649
81652
81661
81665
81668
81673
81724
81765
81812
81842
81884
81908
81954
81962
81987
81988
82029
82068
82138
82145
82170
82171
82187
82192
82207
82210
82214
82217
82240
82252
82265
82282
82301
82348
82354
82357
82386
82408
82411
82418
82432
82476
82487
82528
82557
82602
82633
82659
82671
82678
82685
82709
82719
82786
82809
82845
82849
82858
82860
82862
82904
82905
82912
82919
82919
82948
82951
82955
82969
82991
83019
83048
83049
83062
83062
83072
83079
83096
83116
83123
83151
83159
83185
83202
83202
83209
83213
83236
83251
83309
83312
83323
83351
83363
83378
83405
83409
83411
83439
83447
83487
83494
83499
83506
83518
83520
83562
83580
83582
83604
83608
83609
83610
83635
83650
83663
83670
83672
83686
83691
83708
83719
83751
83768
83775
83827
83830
83830
83836
83859
83862
83867
83868
83876
83892
83897
83897
83921
83922
83931
83931
83940
84016
84039
84056
84059
84073
84115
84138
84140
84168
84169
84174
84179
84181
84229
84242
84259
84269
84289
84323
84327
84337
84340
84357
84373
84405
84407
84450
84488
84506
84545
84548
84551
84551
84564
84597
84617
84617
84635
84639
84642
84658
84677
84679
84682
84704
84721
84773
84793
84798
84798
84841
84843
84875
84876
84906
84946
84947
84953
84963
84966
84971
84998
85029
85033
85041
85069
85079
85089
85103
85105
85150
85174
85185
85241
85245
85270
85282
85285
85286
85295
85306
85308
85313
85326
85362
85448
85455
85491
85502
85514
85535
85567
85602
85604
85640
85651
85688
85692
85702
85705
85712
85744
85778
85782
85811
85826
85831
85835
85879
85899
85917
85926
85926
85932
85937
85946
85955
85956
85978
85990
86036
86049
86056
86064
86069
86089
86096
86100
86100
86106
86122
86146
86164
86211
86229
86286
86302
86328
86332
86335
86344
86346
86349
86370
86387
86395
86454
86455
86475
86506
86513
86563
86587
86594
86603
86616
86640
86714
86739
86773
86786
86795
86796
86813
86826
86828
86831
86846
86848
86863
86865
86885
86899
86970
86980
86990
87010
87029
87032
87038
87045
87047
87054
87061
87071
87082
87107
87160
87164
87195
87208
87213
87221
87224
87232
87242
87244
87250
87263
87272
87284
87287
87310
87314
87329
87336
87346
87354
87399
87401
87412
87418
87428
87436
87441
87457
87483
87485
87517
87571
87576
87577
87581
87604
87604
87616
87635
87656
87660
87759
87762
87779
87783
87789
87815
87820
87835
87853
87863
87868
87899
87914
87941
87970
87973
87981
87982
87987
88012
88030
88030
88036
88042
88046
88048
88060
88067
88077
88094
88111
88133
88143
88165
88168
88189
88207
88227
88258
88260
88284
88290
88356
88381
88386
88395
88403
88431
88432
88434
88443
88450
88462
88478
88484
88499
88499
88504
88505
88518
88566
88574
88581
88586
88599
88602
88606
88618
88644
88645
88646
88655
88674
88676
88679
88679
88687
88728
88778
88784
88797
88800
88817
88819
88826
88847
88867
88876
88888
88909
88913
88933
88942
88964
88965
88967
88970
88973
88974
88986
88987
88997
89019
89042
89067
89093
89105
89125
89130
89135
89185
89189
89233
89241
89241
89248
89248
89258
89267
89287
89310
89326
89332
89336
89346
89355
89356
89356
89369
89377
89378
89379
89391
89396
89412
89423
89430
89430
89440
89451
89460
89470
89476
89489
89495
89499
89544
89546
89553
89556
89578
89582
89607
89626
89629
89641
89664
89683
89716
89739
89743
89747
89758
89776
89827
89830
89841
89888
89898
89902
89904
89916
89924
89983
89991
90001
90003
90026
90031
90043
90048
90048
90055
90064
90085
90099
90139
90158
90168
90193
90198
90204
90219
90237
90247
90257
90265
90287
90289
90291
90298
90327
90330
90342
90350
90362
90375
90394
90410
90421
90443
90452
90461
90485
90489
90490
90496
90507
90514
90514
90530
90531
90534
90553
90575
90578
90604
90635
90654
90695
90713
90714
90717
90727
90752
90753
90784
90785
90797
90813
90817
90818
90818
90837
90843
90846
90847
90850
90872
90876
90881
90920
90934
90959
90969
90974
90988
91017
91018
91026
91043
91045
91053
91055
91076
91084
91093
91100
91123
91125
91147
91166
91181
91204
91219
91227
91245
91279
91283
91306
91318
91355
91363
91391
91394
91428
91441
91443
91444
91460
91472
91484
91488
91494
91501
91505
91526
91557
91575
91615
91639
91642
91680
91700
91708
91724
91730
91737
91744
91761
91784
91784
91796
91806
91806
91819
91823
91832
91833
91837
91838
91864
91869
91879
91883
91903
91936
91953
91979
92019
92050
92063
92102
92102
92114
92127
92130
92132
92139
92144
92164
92177
92247
92290
92310
92315
92343
92350
92364
92370
92383
92399
92419
92426
92434
92435
92436
92439
92441
92444
92448
92449
92469
92471
92485
92511
92541
92545
92547
92553
92595
92600
92603
92606
92626
92630
92631
92639
92650
92653
92654
92660
92680
92684
92689
92702
92715
92758
92761
92767
92781
92823
92839
92851
92869
92896
92911
92919
92923
92955
92968
92969
92989
92993
93010
93014
93046
93054
93064
93093
93102
93113
93137
93140
93142
93159
93176
93178
93186
93192
93197
93207
93212
93230
93234
93266
93280
93291
93300
93326
93384
93399
93404
93409
93414
93419
93430
93472
93486
93496
93497
93503
93506
93511
93512
93519
93526
93557
93584
93602
93613
93676
93677
93721
93725
93804
93810
93813
93820
93836
93848
93855
93856
93864
93912
93919
93922
93944
93947
94052
94054
94058
94061
94086
94088
94100
94106
94114
94200
94250
94283
94316
94377
94380
94388
94390
94414
94417
94423
94423
94428
94447
94450
94453
94459
94466
94473
94478
94520
94528
94531
94545
94558
94559
94566
94578
94618
94646
94659
94673
94677
94708
94736
94741
94761
94767
94784
94802
94805
94811
94833
94837
94840
94849
94857
94872
94885
94905
94915
94916
94932
94955
94985
94987
94988
95008
95008
95012
95013
95089
95101
95115
95119
95127
95127
95130
95141
95150
95173
95179
95181
95186
95206
95240
95241
95244
95259
95262
95276
95283
95297
95301
95319
95339
95396
95410
95415
95417
95422
95423
95423
95435
95441
95482
95488
95525
95528
95543
95559
95560
95561
95567
95581
95598
95599
95600
95643
95646
95654
95666
95672
95719
95722
95728
95736
95738
95757
95789
95789
95791
95794
95806
95845
95852
95857
95889
95890
95912
95937
95945
95947
95951
95957
95958
95975
95978
95979
95979
95984
95986
95994
95995
96018
96023
96035
96046
96078
96080
96093
96095
96128
96140
96150
96169
96191
96244
96266
96267
96276
96276
96286
96306
96315
96338
96341
96355
96362
96368
96368
96398
96435
96439
96444
96445
96488
96502
96516
96520
96520
96529
96549
96558
96561
96561
96580
96580
96582
96596
96602
96606
96623
96626
96637
96653
96657
