0
4
15
31
75
115
127
173
176
228
241
264
293
298
306
307
316
324
334
373
374
397
442
466
482
510
518
561
595
598
647
684
749
754
763
810
927
949
955
985
1034
1041
1041
1048
1081
1095
1304
1418
1420
1465
1507
1531
1580
1600
1603
1603
1636
1669
1678
1775
1795
1804
1823
1848
1910
1930
1951
2093
2185
2228
2288
2296
2370
2380
2391
2419
2455
2473
2476
2573
2618
2698
2754
2796
2843
2857
2894
2931
2960
2976
2976
2988
2992
3065
3078
3082
3097
3191
3206
3224
3230
3245
3309
3313
3328
3345
3347
3379
3432
3435
3480
3529
3615
3648
3655
3669
3685
3764
3824
3841
3844
3849
3852
3872
3888
3945
3974
3982
3997
4009
4035
4048
4088
4101
4115
4132
4176
4191
4196
4216
4275
4277
4295
4409
4424
4498
4499
4499
4515
4540
4591
4599
4603
4651
4667
4686
4710
4730
4744
4752
4779
4819
4835
4845
4874
4882
4883
4886
4900
4944
4966
5044
5050
5071
5098
5124
5207
5209
5246
5327
5423
5444
5445
5474
5550
5564
5583
5636
5739
5759
5836
5843
5847
5868
5871
5906
5916
5921
5964
5975
5996
6003
6020
6025
6048
6077
6083
6110
6168
6170
6175
6190
6228
6259
6349
6353
6368
6418
6435
6579
6589
6606
6614
6628
6695
6696
6709
6741
6761
6815
6836
6839
6847
6868
6871
6882
6896
6915
6915
6941
6962
6973
7041
7056
7124
7163
7226
7245
7264
7314
7317
7366
7372
7372
7379
7381
7405
7409
7410
7418
7423
7443
7444
7447
7455
7619
7631
7665
7728
7781
7815
7823
7836
7847
7854
7879
7941
7953
7965
7977
8021
8034
8110
8112
8145
8190
8193
8209
8214
8235
8239
8275
8282
8357
8362
8383
8435
8475
8503
8505
8519
8541
8542
8550
8561
8640
8645
8667
8688
8693
8758
8779
8779
8800
8807
8815
8830
8835
8846
8848
8872
8873
8876
8879
8899
8923
8939
8948
8951
8962
9045
9050
9070
9106
9106
9108
9178
9223
9236
9256
9262
9279
9280
9294
9329
9336
9351
9418
9453
9473
9482
9525
9533
9541
9644
9665
9709
9713
9715
9716
9732
9738
9795
9797
9827
9832
9854
9938
9942
9960
10006
10027
10052
10067
10079
10114
10118
10180
10195
10233
10234
10240
10244
10307
10308
10321
10333
10360
10430
10471
10506
10544
10584
10618
10636
10640
10657
10672
10676
10700
10704
10729
10743
10776
10781
10781
10795
10838
10842
10848
10852
10907
10921
10944
10970
11009
11014
11064
11080
11092
11098
11132
11155
11167
11167
11174
11188
11197
11210
11215
11232
11234
11260
11261
11286
11298
11307
11330
11342
11490
11516
11521
11529
11538
11540
11546
11553
11579
11588
11606
11609
11650
11650
11697
11712
11715
11803
11810
11841
11906
11908
11941
11964
12013
12021
12083
12091
12111
12119
12175
12204
12215
12232
12283
12292
12318
12337
12361
12428
12433
12438
12447
12459
12475
12495
12505
12538
12539
12551
12560
12561
12584
12597
12602
12625
12643
12659
12666
12683
12690
12691
12693
12756
12769
12779
12794
12815
12840
12842
12867
12913
12937
13074
13137
13157
13211
13230
13240
13264
13266
13271
13316
13408
13409
13454
13457
13485
13550
13551
13557
13560
13564
13585
13595
13671
13686
13692
13736
13748
13770
13807
13819
13880
13891
13895
13944
13986
14009
14014
14015
14040
14044
14045
14072
14078
14092
14109
14139
14151
14156
14164
14178
14194
14213
14245
14252
14268
14272
14294
14314
14316
14319
14331
14345
14365
14375
14413
14428
14457
14460
14467
14540
14548
14572
14583
14628
14631
14651
14661
14681
14690
14692
14719
14741
14759
14788
14806
14818
14822
14827
14845
14850
14861
14865
14898
14944
14945
14964
15009
15020
15026
15051
15078
15086
15140
15143
15172
15174
15211
15235
15240
15247
15289
15310
15312
15312
15314
15316
15320
15345
15368
15391
15405
15407
15432
15441
15446
15447
15466
15503
15531
15541
15584
15637
15655
15659
15686
15738
15765
15787
15797
15810
15814
15822
15839
15912
15913
15918
15932
16012
16050
16105
16107
16110
16133
16138
16186
16199
16218
16221
16227
16236
16239
16278
16278
16301
16304
16306
16306
16332
16343
16405
16453
16466
16481
16513
16551
16619
16641
16656
16720
16740
16756
16776
16781
16801
16811
16823
16843
16904
16923
16930
16946
16953
16958
16968
16990
17006
17030
17040
17061
17099
17151
17189
17200
17206
17289
17318
17324
17360
17400
17449
17457
17512
17520
17522
17550
17573
17579
17594
17628
17677
17680
17729
17740
17742
17767
17809
17845
17910
17920
17962
17979
18047
18061
18136
18140
18146
18163
18169
18173
18173
18188
18226
18271
18306
18327
18328
18400
18402
18418
18442
18471
18476
18498
18507
18519
18528
18531
18547
18567
18588
18611
18640
18673
18677
18689
18729
18732
18765
18771
18781
18807
18823
18829
18833
18836
18865
18890
18924
18935
18947
18954
18970
18995
18995
19002
19050
19096
19122
19136
19147
19176
19179
19201
19208
19217
19261
19276
19278
19335
19343
19361
19376
19424
19439
19451
19544
19545
19599
19600
19608
19622
19687
19739
19774
19792
19802
19807
19906
19907
19914
19917
19917
19922
19952
19963
20000
20018
20040
20061
20061
20089
20135
20138
20145
20146
20167
20208
20217
20221
20222
20263
20277
20298
20338
20351
20399
20416
20428
20445
20450
20466
20487
20560
20601
20603
20607
20645
20651
20681
20688
20708
20710
20712
20739
20747
20778
20803
20830
20857
20869
20870
20875
20914
20928
20934
20947
20947
20956
20970
21008
21018
21019
21023
21060
21060
21084
21121
21137
21138
21145
21152
21169
21224
21238
21243
21251
21258
21289
21294
21306
21336
21346
21367
21382
21391
21397
21477
21520
21581
21752
21785
21791
21816
21824
21840
21841
21917
21923
21936
21943
21991
22080
22125
22130
22206
22207
22216
22225
22247
22248
22272
22299
22318
22334
22343
22385
22444
22452
22480
22485
22524
22530
22542
22576
22585
22594
22599
22619
22626
22636
22639
22640
22644
22656
22665
22695
22700
22742
22750
22796
22809
22813
22832
22858
22871
22880
22880
22931
22974
22994
22997
23006
23011
23013
23014
23025
23025
23031
23038
23048
23065
23087
23092
23131
23135
23136
23152
23164
23172
23179
23179
23184
23196
23216
23236
23238
23252
23263
23275
23314
23316
23326
23369
23390
23391
23415
23433
23435
23443
23444
23445
23451
23482
23506
23510
23524
23531
23545
23559
23619
23636
23725
23817
23830
23867
23917
23940
23966
24014
24111
24140
24142
24168
24176
24214
24332
24387
24455
24458
24466
24483
24497
24502
24515
24519
24556
24585
24622
24626
24642
24651
24699
24710
24710
24732
24796
24813
24822
24829
24837
24875
24898
24931
24951
24959
24972
24972
24990
24998
25017
25059
25067
25095
25106
25114
25122
25150
25158
25182
25269
25305
25315
25323
25335
25377
25417
25438
25447
25452
25473
25606
25607
25608
25631
25654
25665
25690
25696
25704
25905
25981
26004
26034
26074
26075
26147
26157
26184
26247
26364
26394
26405
26415
26427
26445
26534
26550
26563
26579
26579
26587
26643
26717
26720
26752
26779
26814
26878
26878
26911
26952
26983
26997
27021
27034
27080
27080
27082
27102
27129
27141
27179
27182
27202
27222
27226
27229
27229
27236
27290
27292
27348
27370
27411
27426
27504
27511
27545
27573
27587
27589
27604
27622
27626
27629
27643
27648
27671
27677
27685
27735
27776
27780
27794
27796
27829
27918
27923
27931
27957
27989
28010
28054
28058
28063
28087
28089
28110
28148
28223
28289
28295
28329
28339
28340
28355
28400
28401
28401
28425
28428
28430
28438
28464
28483
28492
28495
28522
28535
28538
28551
28573
28589
28593
28650
28667
28682
28690
28703
28716
28721
28734
28736
28760
28814
28843
28861
28862
28876
28876
28878
28880
28913
28942
28946
28972
28972
28984
28994
28994
29071
29103
29111
29111
29149
29176
29187
29200
29221
29245
29285
29319
29331
29361
29363
29363
29369
29374
29377
29384
29389
29410
29427
29464
29471
29472
29496
29549
29558
29664
29682
29721
29743
29775
29780
29821
29944
29956
29974
30019
30123
30141
30141
30144
30147
30165
30179
30196
30203
30258
30274
30278
30318
30325
30337
30339
30343
30359
30373
30391
30397
30398
30449
30478
30479
30497
30508
30509
30535
30539
30542
30543
30554
30570
30573
30614
30621
30621
30626
30628
30639
30674
30691
30695
30729
30742
30773
30796
30841
30845
30847
30848
30848
30857
30859
30871
30874
30876
30878
30913
30930
30935
30942
30946
30987
31004
31011
31012
31038
31047
31063
31074
31078
31090
31093
31095
31096
31108
31162
31230
31250
31264
31304
31316
31323
31357
31368
31386
31507
31521
31543
31559
31584
31598
31599
31634
31635
31656
31666
31716
31736
31755
31765
31788
31802
31808
31810
31833
31842
31860
31876
31942
31952
31963
31969
31992
32029
32067
32080
32101
32120
32129
32148
32160
32160
32180
32192
32200
32216
32286
32289
32289
32299
32300
32323
32377
32394
32398
32401
32402
32416
32486
32514
32519
32550
32557
32575
32645
32673
32690
32706
32714
32717
32755
32770
32791
32827
32840
32861
32935
32941
32957
33025
33026
33060
33066
33091
33092
33165
33167
33169
33177
33190
33211
33219
33226
33240
33258
33280
33289
33310
33336
33379
33379
33422
33432
33434
33456
33490
33503
33512
33530
33536
33595
33620
33662
33669
33687
33691
33728
33769
33779
33814
33815
33816
33832
33842
33887
33903
33937
33956
33985
34037
34114
34117
34140
34160
34209
34235
34235
34242
34243
34250
34264
34278
34279
34352
34455
34481
34491
34507
34526
34564
34581
34613
34657
34663
34715
34758
34768
34847
34860
34900
34937
34950
34996
35072
35076
35080
35096
35167
35179
35192
35254
35274
35372
35392
35427
35533
35586
35606
35633
35698
35733
35783
35838
35885
35891
36014
36109
36184
36209
36240
36242
36285
36319
36332
36353
36374
36411
36466
36483
36540
36545
36555
36584
36593
36650
36654
36684
36686
36730
36742
36760
36767
36841
36871
36917
36918
36926
36940
36949
36949
36987
36989
37048
37052
37076
37139
37159
37166
37168
37185
37194
37265
37273
37288
37323
37323
37324
37353
37378
37399
37405
37409
37447
37448
37459
37465
37478
37486
37496
37500
37503
37506
37519
37561
37607
37627
37635
37637
37647
37672
37695
37703
37710
37738
37743
37778
37840
37860
37934
37968
37981
37983
38007
38019
38030
38046
38085
38159
38161
38191
38211
38212
38220
38240
38247
38259
38338
38369
38400
38417
38450
38459
38477
38492
38500
38510
38531
38571
38594
38599
38602
38631
38632
38673
38705
38742
38776
38794
38820
38822
38826
38847
38851
38869
38922
38931
38934
38943
38962
38971
38999
39026
39062
39095
39121
39124
39129
39153
39164
39167
39184
39220
39246
39263
39269
39273
39279
39293
39316
39329
39353
39373
39386
39387
39407
39413
39413
39427
39462
39519
39532
39544
39545
39548
39562
39563
39575
39601
39619
39624
39630
39648
39655
39674
39678
39704
39704
39711
39714
39720
39738
39788
39790
39840
39916
39920
39937
39938
39970
39991
40017
40020
40041
40067
40087
40104
40119
40124
40131
40135
40138
40138
40146
40193
40237
40245
40250
40255
40271
40320
40333
40335
40416
40425
40444
40500
40523
40530
40536
40537
40546
40581
40600
40644
40648
40677
40700
40707
40797
40826
40853
40854
40865
40871
40913
40924
40938
40989
40991
41010
41022
41044
41046
41046
41068
41096
41122
41131
41149
41178
41203
41208
41213
41299
41309
41325
41390
41438
41528
41544
41559
41565
41567
41582
41661
41674
41723
41749
41769
41790
41794
41814
41841
41863
42042
42049
42072
42081
42113
42142
42161
42224
42230
42234
42257
42263
42266
42275
42288
42303
42307
42314
42323
42324
42334
42350
42362
42364
42367
42375
42387
42439
42455
42458
42498
42500
42517
42543
42566
42567
42573
42599
42614
42625
42642
42654
42667
42684
42692
42699
42701
42709
42725
42777
42794
42796
42797
42813
42820
42839
42858
42879
42880
42893
42896
42909
42916
42933
42942
42945
42960
42990
42992
43003
43030
43057
43066
43086
43097
43128
43172
43179
43204
43244
43263
43275
43277
43294
43297
43310
43329
43354
43365
43370
43378
43421
43469
43486
43487
43532
43540
43543
43582
43600
43613
43629
43643
43644
43660
43693
43755
43787
43791
43803
43807
43840
43852
43875
43899
43910
43918
43929
43939
43958
43962
43963
43999
44027
44031
44042
44056
44064
44066
44119
44123
44133
44162
44184
44208
44224
44238
44242
44253
44254
44350
44383
44383
44417
44446
44489
44523
44541
44551
44580
44595
44624
44629
44662
44679
44705
44715
44743
44787
44818
44827
44870
44876
44890
44906
44933
44934
44937
44946
44952
44968
44998
45019
45025
45027
45031
45034
45056
45079
45129
45146
45147
45150
45185
45197
45215
45216
45233
45239
45241
45243
45251
45253
45265
45272
45296
45339
45339
45345
45367
45385
45397
45419
45424
45427
45500
45533
45554
45576
45577
45579
45581
45584
45602
45630
45641
45653
45667
45680
45683
45731
45732
45732
45735
45736
45745
45751
45771
45771
45782
45802
45834
45838
45838
45852
45870
45889
45903
45931
45950
45954
45971
45974
45977
46017
46018
46071
46087
46149
46173
46181
46218
46237
46242
46271
46276
46285
46344
46352
46365
46421
46451
46468
46482
46517
46559
46577
46589
46600
46602
46619
46624
46637
46657
46663
46672
46677
46682
46708
46711
46733
46799
46875
46900
46938
46942
46950
46962
47013
47029
47035
47069
47077
47081
47101
47112
47138
47241
47288
47290
47296
47298
47321
47334
47406
47438
47444
47446
47497
47500
47525
47527
47547
47553
47554
47562
47564
47567
47573
47603
47613
47620
47675
47688
47701
47703
47734
47741
47770
47776
47781
47815
47834
47843
47882
47903
47953
47954
47957
47966
47980
47982
47988
48016
48018
48047
48057
48086
48097
48180
48186
48190
48192
48195
48217
48263
48295
48371
48388
48389
48401
48406
48459
48495
48498
48500
48522
48534
48554
48568
48580
48583
48589
48627
48634
48658
48706
48736
48742
48742
48771
48773
48782
48782
48796
48811
48819
48900
48925
48926
48928
48930
48941
48941
48953
48977
48995
49014
49017
49019
49024
49027
49074
49081
49084
49104
49134
49134
49147
49172
49175
49189
49191
49205
49205
49210
49233
49257
49269
49272
49293
49293
49302
49307
49330
49331
49336
49385
49403
49417
49417
49425
49429
49485
49499
49518
49523
49558
49568
49580
49599
49612
49635
49647
49665
49670
49673
49690
49697
49700
49707
49744
49765
49814
49819
49821
49825
49842
49860
49889
49890
49896
49928
49932
49934
49934
49937
49948
49956
49957
49976
50018
50035
50054
50079
50121
50135
50140
50156
50159
50173
50176
50185
50185
50217
50231
50232
50250
50268
50348
50355
50362
50381
50405
50407
50496
50496
50504
50523
50525
50525
50530
50534
50559
50591
50602
50617
50622
50643
50657
50675
50685
50693
50734
50742
50787
50805
50855
50859
50904
50911
50913
50921
50924
50929
50935
50975
50995
50995
51022
51031
51050
51082
51109
51115
51139
51178
51188
51201
51281
51325
51351
51365
51389
51420
51436
51437
51438
51441
51444
51451
51460
51473
51535
51556
51566
51566
51567
51588
51599
51605
51623
51649
51649
51667
51684
51728
51732
51749
51755
51756
51780
51833
51833
51833
51835
51836
51851
51858
51869
51869
51873
51897
51903
51932
51936
52008
52046
52203
52244
52253
52265
52286
52297
52354
52358
52358
52362
52364
52411
52467
52471
52476
52499
52523
52570
52585
52608
52621
52626
52636
52679
52719
52722
52736
52747
52748
52748
52774
52819
52820
52833
52836
52873
52877
52889
52896
52898
52908
52925
52976
52981
53007
53057
53061
53093
53126
53134
53176
53222
53242
53256
53280
53286
53299
53305
53356
53370
53421
53428
53507
53514
53514
53521
53548
53565
53565
53567
53609
53612
53626
53657
53694
53715
53732
53749
53756
53773
53775
53786
53823
53829
53832
53841
53855
53857
53858
53869
53871
53889
53914
53925
53932
53945
53947
53949
53951
53989
54006
54063
54084
54109
54140
54141
54148
54196
54217
54217
54221
54228
54234
54238
54244
54249
54251
54273
54286
54288
54294
54328
54337
54338
54347
54376
54383
54383
54388
54394
54419
54460
54465
54469
54505
54522
54525
54531
54532
54558
54594
54594
54611
54619
54628
54629
54634
54635
54637
54659
54667
54682
54705
54727
54744
54760
54760
54773
54776
54787
54799
54805
54818
54844
54862
54877
54892
54963
54983
54999
55027
55035
55039
55059
55118
55133
55153
55267
55280
55282
55293
55299
55303
55304
55334
55403
55406
55408
55418
55425
55430
55452
55482
55494
55497
55512
55512
55529
55531
55564
55595
55601
55611
55622
55663
55742
55765
55767
55781
55806
55828
55833
55841
55871
55884
55922
55979
56042
56070
56081
56082
56102
56116
56125
56134
56151
56163
56196
56229
56237
56244
56258
56268
56284
56291
56300
56308
56308
56315
56327
56348
56351
56366
56371
56388
56410
56410
56428
56444
56456
56460
56492
56536
56542
56542
56547
56552
56553
56581
56595
56626
56631
56635
56667
56667
56675
56678
56679
56715
56716
56725
56734
56748
56777
56782
56783
56879
56880
56921
56982
57009
57035
57060
57089
57133
57155
57210
57248
57262
57264
57309
57314
57403
57511
57540
57553
57561
57598
57644
57672
57719
57736
57770
57821
57828
57850
57888
57899
57922
57922
57924
57938
57943
57944
57962
57967
57972
57976
58017
58030
58037
58049
58059
58069
58085
58115
58133
58134
58135
58137
58150
58160
58204
58225
58245
58262
58288
58307
58308
58315
58316
58393
58401
58403
58428
58434
58447
58470
58479
58490
58496
58525
58541
58548
58565
58577
58584
58585
58595
58626
58627
58641
58647
58665
58666
58675
58677
58718
58742
58758
58767
58796
58831
58879
58931
58940
58960
58967
58972
58972
59003
59028
59081
59089
59092
59105
59141
59179
59227
59246
59256
59262
59278
59364
59389
59403
59408
59413
59457
59463
59468
59477
59563
59567
59584
59585
59592
59592
59595
59599
59599
59629
59642
59661
59694
59733
59749
59750
59758
59766
59769
59776
59780
59803
59872
59884
59895
59908
59932
59942
59953
59992
60046
60120
60146
60206
60213
60238
60251
60300
60352
60357
60363
60374
60387
60395
60433
60454
60485
60498
60507
60525
60558
60626
60653
60666
60675
60705
60707
60739
60746
60780
60784
60787
60809
60819
60820
60826
60839
60849
60908
60923
60938
60943
60974
60978
60992
61011
61014
61026
61050
61060
61071
61075
61098
61105
61120
61139
61148
61164
61199
61214
61224
61240
61262
61284
61298
61301
61328
61339
61352
61366
61378
61405
61406
61458
61473
61495
61531
61552
61597
61616
61622
61646
61659
61660
61668
61720
61744
61751
61763
61767
61779
61791
61793
61812
61841
61856
61863
61868
61887
61918
62001
62023
62055
62074
62083
62086
62091
62107
62111
62121
62144
62153
62182
62199
62202
62221
62224
62264
62266
62270
62277
62288
62288
62324
62325
62348
62359
62376
62383
62400
62421
62447
62493
62500
62517
62532
62541
62598
62603
62621
62632
62659
62685
62745
62749
62781
62793
62813
62826
62831
62834
62883
62887
62929
62941
62942
62951
62954
62957
62957
62987
62998
62998
63036
63038
63058
63083
63182
63183
63191
63199
63201
63204
63206
63208
63216
63242
63248
63295
63332
63339
63357
63365
63380
63386
63393
63403
63416
63421
63426
63434
63489
63504
63536
63543
63558
63562
63606
63620
63633
63638
63669
63674
63683
63722
63731
63734
63778
63866
63871
63920
63924
63943
63958
63959
63963
63990
63994
63997
64025
64026
64041
64069
64098
64102
64108
64113
64137
64140
64143
64155
64156
64181
64220
64228
64273
64288
64292
64293
64298
64302
64306
64340
64353
64395
64400
64417
64433
64470
64490
64506
64518
64522
64560
64568
64600
64631
64633
64673
64697
64702
64730
64748
64762
64769
64810
64869
64892
64921
64928
64951
64962
64985
65006
65031
65047
65054
65107
65111
65130
65148
65151
65177
65188
65190
65225
65236
65250
65252
65267
65267
65290
65390
65394
65413
65426
65427
65484
65485
65495
65502
65512
65541
65579
65585
65625
65641
65667
65668
65697
65706
65735
65748
65762
65809
65850
65856
65935
65954
66013
66020
66098
66101
66111
66166
66188
66199
66224
66230
66240
66259
66296
66304
66305
66344
66424
66440
66512
66545
66556
66620
66649
66705
66761
66782
66839
66906
66939
66941
66951
66951
66962
66990
66994
67025
67042
67067
67079
67109
67114
67130
67142
67196
67215
67230
67267
67267
67317
67317
67336
67434
67447
67468
67519
67545
67562
67570
67577
67616
67684
67694
67708
67733
67743
67745
67759
67773
67839
67918
67940
67941
67953
68005
68041
68064
68069
68070
68071
68091
68094
68095
68139
68151
68152
68153
68155
68159
68172
68176
68199
68220
68247
68249
68305
68319
68326
68349
68367
68368
68372
68423
68434
68465
68466
68467
68488
68524
68540
68553
68562
68570
68578
68579
68598
68600
68613
68625
68633
68661
68702
68707
68711
68718
68729
68735
68736
68753
68755
68767
68768
68773
68777
68789
68814
68818
68845
68872
68892
68930
68969
68978
68988
68999
69017
69019
69038
69050
69075
69075
69098
69101
69111
69113
69123
69124
69164
69174
69178
69188
69195
69203
69210
69241
69264
69268
69271
69279
69297
69311
69328
69348
69364
69370
69378
69395
69405
69406
69409
69414
69437
69446
69450
69465
69485
69498
69529
69603
69608
69644
69647
69659
69709
69711
69726
69753
69758
69778
69796
69797
69827
69897
70006
70034
70094
70108
70115
70176
70187
70209
70230
70233
70233
70246
70262
70272
70322
70363
70367
70464
70486
70497
70498
70499
70527
70552
70590
70655
70657
70704
70726
70732
70757
70778
70830
70861
70884
70914
70918
70934
70958
70959
70976
70976
71010
71047
71070
71096
71126
71134
71156
71161
71173
71193
71229
71240
71249
71271
71279
71325
71353
71402
71434
71436
71462
71463
71491
71519
71542
71560
71562
71581
71593
71628
71667
71696
71736
71741
71765
71767
71769
71875
71900
71919
71928
72011
72024
72067
72093
72113
72122
72163
72188
72205
72232
72234
72234
72259
72299
72353
72360
72377
72429
72443
72457
72485
72491
72531
72545
72606
72646
72653
72664
72681
72715
72717
72719
72759
72760
72773
72789
72792
72797
72828
72836
72854
72858
72865
72875
72929
72943
72968
72979
73008
73053
73111
73156
73221
73275
73296
73325
73331
73363
73411
73415
73419
73426
73432
73479
73500
73502
73507
73513
73514
73558
73569
73601
73603
73604
73622
73632
73667
73675
73765
73778
73818
73834
73847
73912
73915
73940
73956
73980
73986
74018
74048
74087
74110
74119
74119
74173
74191
74204
74215
74234
74307
74310
74342
74347
74352
74364
74391
74391
74411
74425
74442
74455
74510
74543
74544
74555
74557
74583
74595
74633
74634
74640
74678
74678
74699
74706
74767
74770
74771
74784
74797
74883
74919
74944
74995
74999
75064
75074
75074
75085
75097
75130
75141
75142
75160
75171
75187
75187
75212
75248
75298
75319
75323
75361
75362
75367
75379
75384
75385
75417
75483
75502
75515
75524
75649
75669
75709
75723
75727
75729
75772
75782
75815
75830
75862
75895
75896
75925
75928
75943
75962
75988
76019
76072
76150
76179
76206
76290
76293
76295
76297
76306
76359
76399
76455
76472
76475
76509
76530
76541
76568
76576
76585
76604
76611
76616
76639
76649
76664
76671
76675
76686
76698
76742
76744
76780
76780
76789
76794
76805
76816
76873
76892
76898
76905
76931
76974
77029
77061
77066
77074
77085
77098
77120
77132
77151
77156
77183
77191
77216
77228
77233
77235
77237
77248
77259
77279
77286
77318
77326
77352
77354
77394
77401
77419
77422
77424
77438
77443
77461
77479
77489
77507
77522
77530
77578
77584
77590
77592
77595
77601
77619
77622
77622
77652
77670
77678
77696
77739
77746
77772
77783
77783
77789
77790
77820
77832
77837
77837
77867
77902
77917
77935
77950
77989
78020
78038
78086
78089
78116
78119
78123
78131
78136
78147
78178
78211
78214
78228
78249
78264
78302
78325
78365
78367
78389
78391
78421
78431
78435
78455
78469
78474
78474
78479
78483
78483
78553
78573
78600
78615
78629
78643
78671
78700
78713
78719
78813
78823
78843
78858
78874
78879
78881
78918
78950
78970
78972
78980
78989
79005
79044
79056
79081
79087
79091
79111
79138
79192
79195
79206
79208
79211
79232
79235
79248
79290
79321
79380
79389
79451
79479
79507
79530
79565
79569
79585
79603
79733
79744
79810
79818
79887
79936
79978
79986
79987
80007
80021
80030
80043
80060
80070
80093
80118
80125
80141
80174
80189
80245
80267
80268
80333
80361
80366
80368
80377
80379
80381
80387
80411
80428
80428
80458
80504
80528
80534
80544
80545
80576
80587
80593
80601
80611
80640
80642
80663
80687
80691
80713
80732
80752
80766
80772
80778
80779
80792
80803
80818
80852
80852
80900
80907
80911
80938
80951
80958
80964
80998
81030
81035
81046
81056
81080
81083
81096
81097
81106
81130
81144
81144
81160
81162
81167
81176
81176
81216
81223
81230
81282
81285
81311
81328
81334
81338
81342
81344
81346
81386
81428
81438
81445
81446
81456
81502
81564
81582
81587
81605
81642
81653
81655
81665
81676
81695
81735
81758
81764
81773
81815
81842
81855
81864
81870
81875
81898
81904
81920
81928
81938
81949
82003
82023
82030
82039
82076
82081
82083
82105
82125
82165
82175
82189
82190
82254
82265
82312
82316
82335
82354
82362
82368
82377
82402
82403
82434
82448
82491
82495
82544
82565
82595
82645
82661
82664
82718
82718
82763
82768
82776
82786
82801
82807
82813
82826
82831
82855
82872
82881
82886
82887
82895
82902
82939
82950
82952
82965
82971
82993
83005
83005
83011
83041
83044
83049
83059
83062
83071
83096
83102
83116
83128
83135
83163
83166
83173
83206
83234
83297
83327
83339
83417
83455
83502
83595
83602
83691
83699
83721
83754
83761
83767
83867
83964
83985
84076
84118
84121
84162
84172
84216
84223
84264
84288
84295
84310
84317
84331
84373
84400
84592
84597
84620
84687
84688
84705
84725
84730
84737
84744
84773
84809
84844
84856
84888
84934
84958
84960
84986
85004
85088
85118
85160
85168
85191
85248
85275
85282
85299
85332
85338
85387
85389
85425
85431
85449
85462
85476
85494
85495
85511
85525
85584
85629
85678
85680
85688
85693
85699
85707
85729
85744
85749
85755
85805
85818
85838
85844
85892
85893
85901
85907
85910
85918
85933
85974
85985
85989
86007
86009
86069
86078
86093
86117
86119
86136
86156
86158
86162
86200
86203
86205
86266
86274
86330
86343
86351
86367
86424
86434
86438
86440
86465
86473
86488
86586
86643
86646
86647
86668
86694
86706
86708
86710
86724
86753
86802
86877
86908
86938
87013
87017
87038
87074
87091
87123
87134
87164
87164
87182
87212
87219
87238
87241
87246
87260
87289
87293
87296
87321
87333
87337
87377
87382
87390
87417
87436
87476
87491
87492
87512
87521
87523
87558
87587
87612
87651
87689
87700
87767
87787
87820
87844
87853
87895
87945
87947
87992
88055
88078
88163
88201
88230
88252
88340
88341
88342
88391
88402
88488
88502
88531
88546
88564
88607
88621
88631
88641
88643
88700
88700
88714
88753
88819
88836
88847
88891
88892
88910
88915
88937
88945
88961
88961
88986
89000
89027
89029
89077
89079
89087
89116
89147
89188
89247
89261
89270
89291
89302
89315
89378
89391
89403
89417
89439
89447
89521
89551
89576
89603
89627
89674
89721
89721
89740
89779
89785
89794
89817
89825
89854
89948
89977
89997
90022
90041
90070
90092
90096
90102
90118
90119
90132
90133
90144
90192
90220
90243
90244
90266
90281
90308
90321
90336
90344
90349
90357
90378
90382
90386
90393
90406
90407
90443
90480
90510
90586
90592
90669
90696
90702
90716
90737
90761
90782
90802
90814
90827
90835
90846
90849
90869
90878
90923
90928
90947
90971
90989
91020
91033
91057
91063
91067
91123
91139
91158
91164
91194
91216
91218
91239
91239
91297
91359
91395
91403
91406
91413
91440
91513
91522
91524
91532
91555
91609
91636
91647
91665
91670
91684
91701
91742
91799
91843
91852
91906
91909
91939
91967
91972
92025
92050
92063
92194
92205
92272
92274
92307
92315
92318
92326
92330
92350
92362
92363
92431
92443
92519
92598
92607
92610
92624
92635
92654
92659
92677
92683
92718
92752
92791
92795
92815
92827
92837
92859
92879
92900
92900
92901
92902
92908
92940
92955
92965
92997
93017
93029
93029
93041
93091
93154
93161
93163
93178
93255
93256
93284
93292
93334
93338
93359
93377
93421
93422
93428
93443
93445
93465
93471
93498
93514
93559
93567
93567
93568
93570
93619
93627
93640
93676
93741
93766
93786
93788
93790
93821
93825
93829
93830
93851
93865
93892
93915
93955
93955
93971
93974
94039
94048
94056
94076
94135
94139
94144
94145
94165
94172
94194
94197
94206
94214
94258
94262
94266
94272
94297
94362
94390
94396
94399
94412
94419
94441
94474
94494
94494
94522
94539
94540
94545
94563
94595
94607
94612
94614
94627
94654
94655
94658
94690
94703
94709
94724
94751
94755
94770
94772
94787
94797
94798
94799
94817
94824
94827
94877
94879
94885
94896
94904
94921
94936
94942
94953
94953
94959
94973
94978
94993
95013
95016
95023
95029
95062
95086
95095
95098
95107
95113
95207
95260
95267
95282
95282
95283
95301
95308
95309
95336
95355
95410
95426
95478
95491
95496
95507
95570
95633
95638
95662
95674
95684
95713
95748
95788
95809
95825
95868
95896
95927
95935
95982
95986
95997
96006
96025
96051
96062
96079
96110
96123
96170
96239
96247
96291
96319
96360
96406
96411
96425
96454
96455
96464
96513
96525
96543
96555
96574
96594
96618
96652
96676
96691
96698
96726
96754
96769
96772
96788
96788
96827
96829
96830
96835
96841
96889
96904
96940
96964
96971
96982
97014
97037
97048
97075
97088
97098
97109
97137
97153
97158
97163
97169
97178
97191
97223
97228
97239
97254
97256
97302
97327
97334
97370
97389
97457
97458
97461
97507
97518
97585
97627
97628
97645
97650
97667
97704
97724
97737
97748
97755
97767
97790
97799
97805
97866
97890
97945
97953
97988
98021
98026
98031
98037
98038
98042
98050
98054
98069
98081
