33
37
40
42
53
57
71
74
89
127
128
138
152
162
166
169
174
186
189
201
202
221
231
251
258
266
273
288
308
318
359
382
385
390
402
404
429
446
453
464
466
496
510
510
524
527
534
545
552
573
582
590
593
594
602
605
619
628
629
655
702
711
717
747
752
790
790
792
802
808
832
832
845
857
864
885
889
900
904
912
939
942
943
976
977
978
978
990
993
1007
1010
1013
1030
1033
1058
1070
1093
1100
1145
1145
1147
1153
1159
1160
1162
1175
1196
1200
1203
1207
1211
1212
1224
1227
1258
1274
1290
1292
1316
1328
1330
1334
1335
1336
1344
1349
1373
1375
1380
1382
1388
1390
1391
1397
1397
1407
1410
1412
1444
1460
1460
1464
1476
1477
1478
1508
1509
1511
1520
1521
1523
1544
1587
1595
1599
1618
1637
1638
1642
1643
1654
1670
1687
1708
1723
1727
1737
1750
1759
1759
1776
1781
1796
1802
1810
1811
1812
1817
1825
1890
1902
1902
1904
1913
1926
1935
1938
1948
1966
1970
1972
1980
1981
1981
2002
2032
2036
2064
2068
2083
2111
2126
2148
2156
2193
2197
2197
2220
2223
2223
2231
2257
2260
2264
2313
2314
2317
2327
2339
2341
2346
2378
2394
2410
2426
2452
2461
2463
2475
2476
2478
2483
2488
2495
2500
2500
2501
2504
2517
2537
2556
2570
2574
2587
2622
2625
2664
2668
2681
2684
2699
2717
2722
2737
2751
2762
2773
2775
2804
2809
2828
2846
2854
2872
2880
2883
2884
2891
2895
2908
2929
2934
2938
2949
2968
2979
3004
3011
3020
3023
3034
3035
3042
3051
3085
3116
3119
3119
3119
3123
3139
3143
3150
3150
3151
3161
3164
3167
3173
3182
3184
3188
3207
3216
3234
3245
3248
3274
3287
3294
3322
3325
3334
3343
3353
3358
3366
3373
3384
3385
3408
3422
3444
3452
3452
3465
3466
3493
3495
3502
3511
3514
3515
3538
3546
3547
3548
3553
3562
3564
3583
3588
3591
3597
3598
3604
3645
3648
3655
3664
3669
3676
3677
3678
3686
3688
3713
3738
3744
3746
3763
3768
3776
3811
3812
3820
3823
3830
3847
3854
3857
3859
3870
3876
3882
3883
3894
3907
3910
3944
3946
3954
3956
3964
3968
3970
3972
3979
3982
3986
3990
3996
4000
4011
4017
4048
4049
4051
4076
4096
4101
4106
4120
4130
4142
4154
4160
4167
4168
4177
4177
4184
4187
4191
4194
4198
4200
4200
4202
4203
4206
4216
4230
4239
4244
4253
4257
4263
4274
4276
4285
4286
4287
4307
4325
4330
4344
4359
4369
4393
4422
4427
4436
4445
4469
4472
4479
4482
4505
4513
4514
4521
4523
4530
4530
4548
4550
4550
4562
4574
4579
4587
4590
4591
4599
4620
4623
4624
4637
4643
4656
4661
4667
4675
4686
4689
4695
4708
4713
4738
4739
4740
4752
4777
4809
4816
4820
4820
4826
4826
4835
4842
4844
4850
4861
4864
4892
4898
4903
4910
4917
4925
4927
4948
4952
4953
4957
4980
4985
4995
5000
5022
5025
5058
5065
5072
5087
5103
5119
5152
5168
5199
5241
5257
5276
5283
5322
5328
5372
5375
5383
5396
5399
5406
5459
5477
5494
5513
5517
5533
5533
5544
5588
5621
5685
5693
5703
5720
5727
5749
5762
5784
5788
5794
5855
5857
5885
5896
5900
5914
5926
5937
5950
5958
5963
5968
5970
5978
5983
5998
6032
6050
6055
6061
6066
6076
6109
6119
6130
6138
6144
6146
6155
6172
6174
6188
6194
6200
6217
6228
6242
6263
6264
6278
6280
6285
6289
6302
6329
6332
6360
6364
6411
6416
6425
6441
6461
6462
6472
6518
6532
6533
6552
6573
6593
6617
6618
6625
6627
6645
6671
6681
6684
6691
6696
6739
6745
6745
6748
6761
6765
6777
6787
6800
6813
6823
6835
6835
6844
6886
6893
6910
6925
6934
6970
6972
6981
6984
6991
6993
7002
7008
7009
7011
7018
7022
7040
7043
7047
7058
7061
7070
7070
7083
7089
7090
7091
7097
7103
7143
7151
7157
7163
7167
7168
7178
7184
7201
7222
7223
7230
7244
7248
7249
7251
7254
7259
7259
7274
7279
7281
7283
7283
7304
7321
7325
7336
7350
7350
7360
7366
7396
7404
7428
7435
7445
7453
7461
7461
7462
7473
7485
7525
7531
7542
7543
7553
7580
7582
7588
7596
7598
7600
7601
7603
7606
7609
7610
7622
7631
7632
7634
7645
7661
7667
7675
7694
7701
7730
7734
7742
7744
7754
7764
7792
7792
7808
7808
7809
7819
7827
7843
7844
7867
7871
7889
7895
7925
7925
7956
7957
7970
7981
8001
8002
8003
8005
8017
8018
8045
8048
8063
8138
8149
8157
8157
8170
8192
8193
8196
8198
8203
8218
8222
8226
8243
8248
8261
8266
8270
8285
8328
8341
8373
8390
8392
8435
8452
8467
8484
8488
8494
8527
8527
8550
8568
8571
8574
8594
8603
8634
8635
8656
8671
8713
8715
8719
8743
8749
8753
8766
8769
8773
8775
8777
8781
8791
8794
8805
8828
8830
8835
8839
8842
8843
8848
8849
8854
8878
8889
8893
8907
8914
8919
8922
9000
9014
9025
9097
9127
9154
9174
9238
9253
9259
9260
9297
9315
9366
9366
9458
9516
9533
9557
9570
9586
9610
9670
9683
9687
9698
9700
9720
9723
9733
9813
9824
9857
9859
9888
9913
9932
9933
9934
9955
9955
9976
10038
10047
10056
10063
10070
10088
10096
10105
10125
10144
10146
10149
10151
10168
10222
10238
10243
10280
10284
10295
10303
10314
10320
10339
10346
10350
10363
10365
10374
10383
10400
10427
10438
10441
10452
10468
10480
10482
10485
10508
10522
10531
10544
10549
10579
10644
10649
10655
10660
10663
10671
10708
10760
10768
10771
10781
10864
10875
10875
10893
10937
10949
10954
10965
10979
10979
10993
10995
11002
11051
11056
11062
11073
11078
11080
11087
11092
11103
11116
11131
11145
11162
11166
11174
11204
11211
11215
11220
11247
11260
11263
11268
11272
11276
11276
11281
11306
11314
11320
11335
11337
11338
11343
11354
11369
11399
11407
11409
11414
11428
11459
11467
11472
11502
11507
11508
11530
11548
11552
11561
11571
11576
11579
11592
11593
11599
11611
11629
11657
11663
11676
11691
11694
11712
11712
11740
11749
11750
11776
11792
11796
11824
11847
11858
11898
11958
11973
11979
11983
11992
12008
12070
12144
12146
12147
12167
12191
12202
12203
12237
12250
12253
12267
12274
12315
12357
12362
12368
12379
12438
12458
12591
12595
12630
12636
12646
12661
12661
12857
12880
12890
12904
12935
12954
13000
13043
13072
13089
13114
13126
13136
13139
13162
13167
13191
13213
13216
13218
13224
13256
13258
13266
13280
13310
13316
13387
13387
13392
13394
13404
13417
13426
13433
13441
13502
13570
13639
13660
13665
13666
13695
13712
13719
13730
13787
13816
13839
13854
13876
13877
13904
13907
13912
13924
13941
13961
13984
13990
13995
14011
14013
14013
14019
14021
14030
14038
14041
14055
14064
14082
14120
14136
14143
14145
14168
14168
14196
14199
14212
14213
14227
14230
14236
14245
14251
14277
14292
14311
14313
14336
14348
14360
14363
14390
14392
14408
14416
14439
14448
14464
14486
14489
14503
14511
14514
14521
14538
14544
14548
14553
14562
14563
14586
14596
14606
14610
14611
14623
14628
14635
14639
14649
14668
14683
14691
14710
14732
14735
14742
14764
14774
14793
14793
14793
14799
14800
14820
14822
14830
14868
14890
14908
14910
14957
14978
15004
15009
15011
15012
15013
15013
15023
15049
15076
15076
15091
15100
15122
15142
15165
15183
15184
15193
15194
15199
15212
15224
15261
15320
15349
15368
15390
15408
15414
15417
15427
15428
15458
15459
15466
15467
15478
15488
15494
15510
15534
15537
15548
15575
15584
15642
15686
15704
15739
15745
15745
15750
15767
15778
15779
15790
15800
15812
15818
15822
15853
15864
15868
15900
15922
15927
15928
15941
15946
15962
15970
15987
16012
16024
16052
16100
16103
16182
16214
16223
16250
16251
16257
16299
16302
16320
16364
16377
16380
16405
16423
16454
16462
16482
16626
16628
16703
16725
16769
16771
16775
16784
16784
16784
16796
16809
16841
16871
16935
16937
16967
17024
17026
17028
17040
17040
17046
17079
17086
17103
17116
17141
17153
17156
17157
17199
17202
17207
17215
17225
17235
17238
17250
17252
17264
17271
17275
17299
17310
17321
17350
17406
17438
17482
17489
17506
17518
17565
17592
17600
17600
17610
17638
17690
17690
17696
17706
17720
17721
17728
17752
17756
17779
17782
17870
17902
17947
17966
18010
18047
18135
18186
18210
18245
18296
18312
18355
18392
18563
18625
18734
18782
18784
18795
18807
18830
18838
18841
18848
18863
18876
18892
18894
18906
18908
18921
18959
18964
18987
18995
19004
19021
19038
19047
19065
19066
19069
19089
19107
19120
19134
19138
19141
19176
19179
19190
19197
19228
19231
19232
19255
19256
19275
19293
19298
19311
19331
19332
19351
19370
19379
19389
19394
19430
19438
19440
19471
19506
19513
19538
19572
19602
19605
19611
19613
19614
19614
19644
19647
19651
19667
19694
19696
19705
19716
19730
19735
19756
19790
19793
19813
19846
19855
19867
19875
19898
19899
19913
19913
19925
19927
19943
19949
19988
20020
20042
20069
20073
20086
20114
20116
20117
20126
20139
20143
20146
20156
20162
20226
20240
20240
20243
20245
20247
20254
20255
20263
20290
20291
20306
20311
20324
20347
20347
20377
20410
20413
20413
20421
20430
20430
20434
20465
20473
20482
20486
20499
20527
20543
20550
20558
20560
20583
20583
20610
20651
20657
20659
20668
20679
20701
20708
20716
20723
20741
20757
20816
20859
20880
20887
20907
20955
20965
20968
21019
21022
21082
21083
21139
21145
21159
21227
21245
21362
21440
21477
21517
21524
21536
21553
21554
21598
21613
21627
21667
21718
21762
21766
21766
21777
21794
21795
21885
21888
21889
21924
21927
21983
21992
22000
22012
22027
22032
22054
22055
22059
22065
22066
22074
22109
22118
22125
22160
22184
22217
22235
22267
22298
22332
22354
22371
22373
22379
22383
22386
22403
22431
22445
22479
22499
22499
22502
22510
22517
22556
22563
22570
22571
22584
22594
22625
22651
22682
22707
22715
22716
22718
22737
22744
22746
22747
22749
22755
22758
22759
22761
22772
22774
22789
22791
22793
22800
22811
22820
22834
22853
22858
22859
22867
22868
22873
22878
22912
22914
22919
22922
22929
22929
22939
22941
22944
22961
22993
23008
23013
23016
23026
23026
23031
23032
23036
23043
23056
23068
23083
23084
23098
23099
23111
23113
23116
23124
23127
23146
23160
23162
23167
23175
23178
23180
23181
23188
23204
23229
23230
23253
23258
23269
23275
23282
23296
23297
23302
23306
23313
23340
23341
23343
23344
23392
23403
23405
23412
23414
23451
23451
23456
23462
23463
23469
23481
23487
23491
23496
23508
23523
23534
23536
23542
23543
23553
23556
23557
23559
23562
23562
23578
23611
23621
23628
23632
23633
23643
23649
23650
23651
23651
23653
23657
23657
23663
23681
23683
23690
23693
23696
23696
23706
23723
23726
23734
23758
23789
23797
23803
23820
23834
23839
23848
23870
23877
23912
23915
23930
23958
23963
23964
24001
24004
24023
24047
24059
24063
24132
24138
24138
24163
24199
24206
24209
24230
24246
24294
24325
24360
24388
24405
24406
24429
24442
24452
24486
24541
24553
24569
24580
24614
24691
24694
24703
24706
24707
24707
24774
24782
24823
24850
24864
24873
24886
24903
24915
24921
24922
24925
24927
24941
24947
24995
25009
25012
25030
25035
25072
25086
25104
25120
25126
25133
25139
25143
25149
25152
25153
25154
25182
25215
25227
25243
25246
25256
25266
25275
25294
25304
25351
25368
25383
25385
25390
25395
25401
25419
25439
25470
25514
25549
25563
25566
25571
25575
25597
25628
25634
25637
25640
25641
25661
25662
25683
25686
25692
25693
25702
25731
25731
25799
25804
25814
25820
25827
25830
25835
25856
25889
25891
25916
25917
25919
25923
25950
25961
25962
25970
25992
25994
26002
26014
26029
26032
26033
26040
26041
26042
26061
26102
26105
26111
26112
26125
26132
26154
26183
26191
26192
26196
26203
26205
26210
26223
26228
26229
26238
26238
26249
26252
26254
26271
26284
26295
26309
26313
26324
26329
26346
26372
26380
26391
26393
26415
26424
26431
26433
26435
26446
26453
26464
26483
26492
26494
26506
26519
26525
26525
26534
26567
26569
26579
26581
26597
26597
26604
26606
26608
26612
26614
26626
26632
26671
26672
26681
26689
26700
26705
26719
26732
26745
26754
26754
26757
26759
26761
26762
26765
26767
26769
26771
26777
26778
26790
26801
26803
26812
26815
26824
26824
26827
26831
26843
26848
26866
26873
26879
26889
26899
26922
26932
26937
26940
26945
26949
26950
26972
26974
26980
26985
26989
26997
27007
27011
27019
27025
27028
27029
27029
27038
27044
27052
27057
27067
27072
27078
27087
27089
27091
27104
27111
27113
27115
27118
27122
27126
27143
27144
27148
27169
27181
27193
27195
27203
27205
27208
27220
27223
27232
27239
27246
27250
27251
27251
27256
27270
27293
27311
27313
27318
27328
27340
27361
27363
27364
27368
27368
27374
27380
27384
27407
27419
27427
27429
27433
27439
27448
27454
27454
27469
27474
27498
27503
27508
27508
27514
27523
27525
27526
27541
27542
27547
27549
27551
27571
27577
27578
27579
27584
27589
27593
27618
27648
27651
27659
27660
27660
27665
27666
27672
27684
27721
27738
27752
27768
27770
27798
27816
27846
27847
27915
27947
27963
27964
27970
27970
27978
27978
28021
28027
28027
28037
28051
28062
28064
28086
28114
28118
28125
28133
28135
28140
28203
28245
28247
28275
28283
28295
28303
28322
28348
28353
28369
28421
28437
28442
28453
28490
28499
28527
28546
28622
28626
28631
28649
28664
28671
28684
28696
28719
28741
28753
28753
28777
28843
28879
28890
28902
28932
28971
29017
29019
29021
29046
29070
29098
29139
29147
29159
29171
29192
29216
29232
29257
29294
29316
29342
29380
29395
29431
29493
29525
29526
29532
29547
29589
29597
29616
29637
29639
29648
29686
29687
29696
29707
29714
29717
29721
29722
29747
29779
29782
29786
29787
29809
29814
29818
29826
29856
29857
29873
29889
29898
29899
29922
29924
29961
29963
29970
29990
29991
29995
30002
30007
30020
30027
30033
30038
30038
30060
30060
30074
30081
30089
30098
30114
30118
30125
30136
30166
30184
30211
30217
30221
30228
30247
30258
30297
30297
30299
30335
30343
30353
30360
30365
30368
30411
30426
30428
30428
30429
30430
30463
30465
30468
30471
30481
30488
30497
30500
30532
30540
30557
30583
30591
30608
30632
30632
30635
30637
30646
30648
30649
30661
30684
30688
30697
30698
30699
30705
30717
30734
30745
30758
30759
30785
30786
30795
30803
30809
30819
30824
30838
30862
30862
30868
30889
30890
30894
30899
30902
30907
30911
30918
30925
30934
30940
30946
30946
30948
30951
31003
31017
31019
31028
31052
31057
31064
31074
31088
31108
31113
31117
31120
31132
31132
31142
31145
31148
31174
31196
31199
31235
31253
31256
31262
31266
31277
31310
31318
31319
31321
31326
31338
31344
31346
31352
31370
31373
31380
31391
31398
31417
31425
31457
31457
31470
31476
31486
31487
31540
31542
31544
31544
31544
31549
31553
31554
31557
31558
31568
31570
31575
31576
31585
31600
31636
31648
31672
31683
31713
31717
31740
31749
31756
31764
31793
31805
31811
31850
31863
31884
31924
31968
31979
31981
31988
31994
32004
32007
32018
32058
32121
32206
32220
32229
32245
32266
32280
32281
32282
32319
32330
32343
32377
32414
32417
32479
32519
32544
32546
32549
32572
32578
32585
32606
32635
32637
32659
32666
32674
32713
32720
32720
32744
32750
32751
32786
32790
32800
32806
32819
32824
32826
32833
32849
32861
32861
32866
32873
32881
32907
32921
32937
32953
32964
32979
33019
33034
33035
33045
33054
33054
33058
33061
33070
33083
33086
33113
33124
33136
33146
33146
33157
33157
33176
33185
33197
33200
33206
33224
33238
33243
33261
33262
33267
33268
33271
33280
33302
33317
33322
33322
33342
33343
33345
33370
33382
33386
33387
33405
33406
33407
33408
33417
33418
33418
33426
33435
33453
33458
33472
33480
33498
33521
33542
33543
33548
33558
33567
33575
33578
33584
33598
33600
33600
33605
33606
33613
33614
33620
33625
33625
33627
33634
33635
33656
33665
33684
33685
33686
33692
33694
33699
33707
33709
33712
33712
33716
33726
33737
33745
33746
33760
33761
33766
33767
33779
33779
33780
33783
33806
33841
33848
33854
33859
33872
33873
33876
33886
33886
33887
33888
33892
33893
33901
33911
33926
33947
33953
33955
33956
33975
33978
33983
33983
33998
34007
34016
34044
34045
34066
34073
34075
34080
34086
34090
34102
34115
34119
34119
34124
34125
34151
34163
34189
34198
34200
34202
34203
34205
34205
34207
34219
34229
34229
34242
34254
34260
34265
34282
34309
34316
34329
34332
34333
34338
34339
34350
34350
34355
34363
34363
34365
34372
34381
34404
34408
34409
34410
34412
34424
34430
34432
34432
34433
34434
34450
34452
34455
34473
34498
34509
34527
34529
34534
34536
34540
34542
34553
34557
34565
34565
34571
34592
34610
34668
34711
34722
34726
34750
34764
34769
34822
34840
34923
34956
34994
35063
35154
35184
35189
35243
35271
35273
35311
35326
35347
35355
35400
35414
35461
35483
35484
35523
35531
35588
35591
35628
35635
35654
35655
35666
35692
35695
35699
35703
35710
35714
35745
35764
35782
35786
35787
35788
35793
35815
35857
35860
35886
35903
35926
35961
35985
35986
35990
36010
36016
36034
36055
36055
36056
36069
36070
36071
36085
36095
36100
36129
36148
36157
36157
36170
36172
36174
36198
36211
36227
36247
36258
36265
36267
36285
36286
36315
36339
36343
36345
36346
36363
36373
36389
36474
36484
36491
36492
36496
36501
36504
36507
36529
36532
36533
36533
36534
36545
36560
36562
36564
36575
36583
36585
36587
36589
36612
36631
36644
36650
36652
36689
36691
36692
36694
36705
36714
36718
36721
36721
36722
36736
36737
36742
36743
36757
36762
36768
36770
36783
36792
36797
36798
36802
36811
36813
36817
36821
36824
36830
36841
36843
36861
36861
36867
36883
36889
36892
36895
36897
36908
36921
36941
36957
36970
36989
36993
36997
37003
37003
37007
37011
37015
37017
37020
37030
37034
37045
37050
37053
37057
37059
37065
37067
37075
37081
37087
37098
37105
37110
37116
37140
37142
37147
37154
37154
37156
37162
37162
37172
37173
37182
37184
37185
37186
37193
37202
37228
37232
37250
37266
37285
37290
37295
37295
37304
37308
37314
37314
37332
37335
37335
37335
37342
37344
37364
37371
37374
37387
37392
37433
37438
37440
37446
37447
37451
37460
37462
37464
37472
37474
37490
37496
37507
37550
37550
37563
37572
37594
37596
37598
37610
37631
37637
37646
37651
37667
37669
37672
37681
37690
37696
37700
37725
37737
37750
37758
37779
37794
37795
37803
37862
37874
37879
37880
37900
37903
37915
37922
37924
37933
37945
37953
37953
37971
37977
37985
38031
38052
38053
38083
38083
38085
38086
38100
38101
38125
38151
38162
38193
38199
38217
38218
38222
38224
38226
38227
38266
38269
38270
38292
38298
38299
38304
38327
38334
38335
38340
38359
38364
38375
38384
38388
38396
38422
38444
38451
38467
38493
38508
38512
38516
38519
38521
38540
38574
38597
38608
38612
38623
38632
38663
38664
38669
38750
38764
38780
38800
38836
38840
38865
38875
38905
38941
38950
38957
38962
38978
38979
39016
39061
39095
39101
39180
39208
39209
39228
39237
39246
39256
39258
39266
39312
39315
39351
39423
39430
39444
39464
39476
39497
39499
39515
39518
39537
39594
39595
39608
39608
39631
39631
39631
39662
39668
39673
39678
39679
39695
39714
39716
39716
39718
39723
39729
39747
39789
39799
39800
39806
39829
39833
39835
39841
39863
39868
39889
39893
39900
39928
39929
39943
39945
39946
39948
39952
39963
39964
39980
39985
39989
39996
40017
40018
40024
40027
40028
40032
40034
40034
40035
40073
40104
40110
40122
40137
40167
40171
40174
40175
40176
40181
40193
40199
40199
40220
40248
40250
40252
40256
40275
40280
40283
40288
40291
40307
40313
40328
40329
40356
40356
40366
40366
40373
40374
40375
40379
40381
40387
40390
40394
40402
40419
40420
40461
40463
40463
40481
40486
40488
40492
40564
40576
40615
40624
40632
40640
40644
40658
40707
40769
40842
40854
40868
40908
40910
40973
41005
41021
41050
41054
41070
41088
41101
41126
41188
41200
41308
41349
41404
41416
41420
41425
41426
41450
41490
41528
41530
41532
41548
41581
41582
41620
41622
41624
41646
41661
41719
41728
41729
41735
41739
41761
41762
41791
41796
41799
41813
41820
41833
41854
41870
41876
41880
41899
41905
41907
41911
41928
41945
41982
42036
42074
42122
42129
42132
42134
42134
42166
42211
42214
42265
42329
42335
42343
42353
42355
42372
42376
42413
42414
42420
42420
42425
42425
42425
42429
42429
42430
42447
42448
42448
42451
42453
42476
42476
42477
42478
42482
42493
42497
42508
42508
42524
42528
42535
42564
42566
42566
42573
42574
42577
42597
42602
42631
42639
42651
42653
42664
42685
42689
42698
42706
42715
42715
42726
42739
42739
42741
42743
42751
42767
42777
42797
42821
42824
42840
42857
42866
42875
42876
42882
42883
42883
42883
42886
42887
42897
42898
42900
42921
42921
42923
42924
42936
42942
42965
42975
42983
42986
42998
43011
43029
43033
43033
43040
43053
43054
43066
43075
43078
43081
43089
43098
43101
43104
43111
43120
43124
43125
43137
43147
43170
43177
43181
43185
43213
43223
43244
43261
43266
43278
43287
43289
43302
43321
43328
43335
43382
43401
43407
43418
43420
43443
43447
43462
43467
43471
43512
43536
43540
43542
43575
43587
43607
43616
43622
43634
43643
43661
43670
43678
43695
43699
43745
43777
43790
43803
43838
43842
43855
43872
43936
43955
43956
43964
44024
44054
44054
44076
44080
44095
44095
44121
44143
44224
44232
44254
44267
44268
44293
44295
44320
44342
44346
44361
44381
44385
44402
44406
44408
44415
44423
44429
44429
44440
44442
44451
44466
44470
44487
44488
44513
44516
44550
44571
44573
44607
44631
44638
44640
44645
44667
44677
44681
44696
44727
44731
44734
44735
44736
44745
44747
44783
44783
44797
44805
44823
44832
44845
44856
44866
44889
44895
44901
44916
44924
44943
44959
44978
44996
44997
45003
45004
45009
45022
45033
45061
45089
45096
45113
45148
45150
45160
45162
45166
45180
45181
45188
45194
45200
45228
45228
45235
45252
45258
45314
45323
45335
45342
45350
45356
45361
45373
45376
45379
45391
45393
45397
45408
45418
45434
45439
45454
45462
45480
45484
45495
45514
45515
45516
45517
45525
45530
45546
45552
45573
45574
45574
45575
45576
45584
45586
45594
45594
45600
45600
45610
45656
45675
45703
45705
45716
45720
45721
45741
45744
45750
45752
45761
45769
45779
45794
45837
45839
45848
45866
45879
45896
45896
45898
45899
45907
45938
45938
45953
45954
45958
45962
45963
45966
45971
45974
45978
45978
45981
45991
45993
45997
46005
46015
46034
46036
46043
46044
46048
46066
46066
46069
46072
46074
46075
46096
46097
46101
46108
46125
46128
46138
46140
46144
46152
46155
46155
46157
46168
46191
46191
46198
46204
46205
46208
46210
46213
46232
46235
46236
46236
46242
46250
46252
46258
46262
46274
46281
46291
46299
46317
46319
46329
46333
46334
46334
46338
46353
46365
46371
46391
46393
46426
46444
46446
46449
46472
46473
46476
46483
46493
46506
46536
46544
46548
46555
46563
46583
46604
46632
46651
46728
46734
46748
46752
46754
46766
46769
46785
46787
46799
46812
46820
46829
46830
46848
46853
46883
46886
46896
46899
46913
46915
46919
46931
46949
46961
46979
47001
47002
47039
47044
47072
47072
47089
47107
47139
47227
47227
47236
47252
47270
47285
47301
47349
47362
47373
47378
47408
47441
47506
47510
47528
47547
47592
47603
47708
47741
47762
47764
47776
47862
47898
47933
47944
47965
47968
48035
48048
48062
48078
48081
48153
48154
48169
48180
48205
48245
48260
48271
48277
48299
48338
48353
48354
48354
48357
48360
48363
48371
48373
48380
48406
48415
48427
48431
48476
48478
48495
48498
48591
48607
48664
48670
48675
48676
48731
48745
48754
48787
48819
48828
48844
48855
48874
48899
48913
48949
48955
48969
48975
48981
49026
49033
49038
49056
49063
49069
49105
49116
49194
49280
49287
49317
49336
49346
49349
49356
49376
49387
49397
49403
49419
49436
49437
49461
49464
49475
49485
49511
49525
49525
49534
49538
49554
49557
49566
49576
49587
49589
49600
49658
49660
49681
49707
49715
49720
49724
49740
49744
49762
49766
49778
49787
49801
49803
49811
49813
49824
49830
49855
49905
49928
49935
49958
49968
49969
49971
49986
49988
49997
50005
50029
50033
50038
50068
50084
50091
50093
50103
50120
50125
50135
50139
50150
50154
50157
50174
50187
50187
50194
50217
50220
50236
50241
50250
50271
50281
50291
50297
50302
50302
50306
50307
50308
50313
50313
50316
50316
50317
50332
50334
50343
50346
50346
50351
50361
50362
50363
50371
50378
50382
50420
50427
50429
50435
50439
50446
50464
50471
50476
50495
50515
50516
50528
50546
50548
50553
50560
50564
50574
50579
50605
50613
50613
50617
50637
50640
50648
50649
50651
50663
50664
50668
50672
50683
50700
50700
50704
50709
50725
50728
50731
50760
50764
50779
50785
50794
50796
50800
50811
50818
50819
50824
50845
50855
50856
50856
50862
50882
50887
50890
50901
50907
50917
50931
50932
50935
50936
50953
50957
50959
50965
50967
50985
50996
51003
51018
51018
51027
51041
51046
51046
51048
51056
51060
51074
51075
51077
51081
51085
51091
51094
51098
51109
51135
51135
51140
51145
51166
51168
51182
51193
51204
51213
51221
51222
51226
51226
51228
51247
51248
51250
51258
51262
51263
51264
51272
51277
51281
51285
51295
51295
51302
51304
51312
51319
51321
51327
51332
51345
51347
51376
51380
51394
51412
51415
51417
51423
51458
51462
51476
51532
51560
51586
51591
51596
51601
51660
51675
51692
51699
51700
51723
51738
51747
51764
51767
51768
51790
51829
51835
51873
51932
51946
51967
52020
52039
52045
52069
52092
52145
52149
52157
52167
52169
52175
52186
52198
52208
52250
52253
52304
52327
52328
52338
52385
52401
52405
52408
52423
52442
52458
52460
52492
52500
52503
52508
52516
52518
52536
52550
52568
52574
52576
52579
52598
52601
52604
52612
52625
52630
52634
52649
52653
52669
52671
52677
52678
52680
52686
52688
52729
52734
52742
52757
52765
52784
52790
52809
52820
52829
52837
52844
52855
52869
52873
52877
52880
52880
52906
52913
52915
52920
52955
52974
52987
53012
53027
53043
53045
53050
53051
53052
53053
53055
53057
53076
53078
53084
53084
53104
53113
53122
53123
53137
53173
53173
53178
53179
53180
53184
53188
53191
53205
53211
53218
53222
53222
53225
53234
53252
53254
53264
53270
53299
53303
53306
53312
53316
53326
53328
53336
53360
53371
53373
53385
53393
53406
53407
53415
53421
53431
53442
53457
53459
53470
53481
53483
53486
53503
53511
53519
53531
53531
53537
53545
53548
53553
53586
53595
53596
53598
53608
53623
53638
53643
53646
53646
53662
53676
53679
53691
53699
53729
53732
53747
53750
53759
53784
53793
53797
53819
53842
53851
53855
53869
53870
53881
53883
53889
53899
53912
53914
53915
53936
53937
53939
53950
53952
53965
53969
53972
53973
53977
53980
54002
54016
54025
54026
54035
54057
54058
54061
54062
54069
54077
54095
54096
54096
54098
54114
54137
54146
54158
54162
54207
54212
54226
54227
54230
54253
54260
54265
54272
54291
54293
54295
54302
54308
54319
54320
54329
54350
54358
54361
54365
54384
54395
54405
54425
54426
54433
54469
54475
54522
54549
54553
54588
54599
54600
54603
54608
54621
54669
54713
54717
54732
54741
54803
54804
54807
54824
54842
54853
54867
54905
54949
54971
55046
55096
55102
55104
55162
55176
55214
55229
55232
55232
55308
55331
55334
55343
55346
55405
55437
55447
55450
55463
55477
55480
55504
55517
55533
55543
55546
55562
55589
55616
55617
55636
55662
55663
55676
55684
55686
55710
55712
55733
55739
55740
55754
55768
55780
55781
55789
55793
55802
55809
55820
55826
55841
55907
55911
55924
55966
55999
56027
56053
56079
56084
56098
56151
56166
56184
56188
56191
56193
56202
56204
56211
56248
56253
56289
56297
56321
56327
56337
56348
56355
56362
56364
56366
56378
56391
56416
56423
56441
56446
56455
56457
56498
56509
56520
56530
56534
56535
56546
56553
56560
56565
56598
56611
56614
56631
56633
56645
56660
56672
56674
56686
56690
56691
56693
56698
56732
56733
56734
56767
56787
56801
56801
56801
56816
56833
56835
56841
56849
56856
56858
56886
56889
56893
56895
56895
56897
56909
56914
56918
56930
56932
56959
56972
56976
56982
56988
56997
57050
57068
57071
57073
57080
57081
57085
57131
57138
57139
57140
57147
57150
57156
57157
57176
57186
57187
57197
57199
57202
57204
57208
57230
57254
57258
57267
57270
57275
57282
57284
57285
57290
57303
57317
57348
57364
57381
57461
57488
57526
57627
57691
57692
57705
57718
57774
57801
57818
57872
57876
57880
57894
57907
57910
57913
57921
57952
57999
58005
58022
58088
58135
58154
58178
58182
58195
58206
58213
58284
58291
58295
58299
58303
58305
58331
58338
58348
58364
58383
58409
58424
58427
58436
58448
58455
58457
58457
58473
58478
58509
58515
58534
58545
58554
58569
58569
58570
58576
58583
58588
58596
58603
58611
58618
58640
58675
58697
58703
58711
58720
58735
58742
58753
58754
58765
58793
58797
58797
58800
58821
58848
58866
58875
58899
58902
58907
58908
58918
58929
58946
58951
58958
58970
58973
58973
58977
58992
58994
59003
59011
59014
59034
59062
59075
59081
59087
59091
59093
59114
59120
59126
59139
59147
59157
59160
59202
59204
59205
59210
59210
59211
59227
59241
59253
59264
59272
59273
59278
59281
59283
59290
59301
59308
59308
59313
59330
59344
59346
59361
59364
59377
59387
59399
59400
59406
59411
59412
59423
59424
59425
59428
59430
59433
59433
59439
59461
59464
59469
59470
59476
59476
59495
59507
59513
59519
59522
59525
59529
59530
59547
59560
59563
59567
59567
59576
59599
59616
59629
59632
59641
59642
59644
59645
59662
59664
59665
59704
59707
59707
59709
59737
59750
59753
59769
59779
59790
59798
59822
59827
59833
59844
59852
59863
59885
59906
59908
59919
59923
59942
59964
59991
59993
60005
60017
60042
60043
60058
60063
60076
60080
60095
60097
60101
60127
60128
60144
60153
60158
60175
60177
60186
60237
60247
60249
60251
60253
60255
60272
60276
60282
60283
60297
60326
60418
60508
60542
60557
60593
60601
60627
60661
60673
60675
60734
60743
60755
60768
60769
60784
60817
60835
60929
60949
60956
60959
60970
60980
60980
60987
61001
61017
61050
61092
61137
61150
61179
61198
61203
61225
61234
61238
61276
61277
61291
61297
61323
61393
61424
61460
61475
61486
61532
61554
61563
61588
61608
61730
61775
61851
61852
61859
61884
61917
61963
61982
62021
62084
62094
62110
62180
62203
62232
62243
62246
62260
62260
62282
62285
62300
62301
62302
62303
62303
62313
62339
62343
62344
62385
62414
62443
62443
62460
62464
62468
62468
62504
62509
62536
62553
62580
62581
62602
62602
62627
62642
62672
62677
62699
62704
62721
62764
62765
62767
62780
62786
62790
62792
62813
62819
62821
62828
62831
62836
62847
62850
62850
62859
62868
62882
62911
62911
62925
62925
62927
62937
62937
62942
62955
62959
62969
62977
62992
63026
63033
63047
63054
63069
63071
63076
63079
63098
63104
63105
63137
63140
63142
63156
63172
63176
63183
63210
63223
63225
63244
63245
63258
63286
63301
63323
63327
63332
63333
63340
63353
63356
63385
63387
63402
63416
63431
63440
63455
63461
63466
63475
63488
63493
63495
63496
63505
63505
63512
63540
63559
63562
63565
63570
63589
63610
63633
63640
63646
63667
63677
63679
63723
63738
63748
63748
63793
63836
63854
63854
63867
63872
63875
63887
63927
63929
63930
63938
63946
63953
63970
63972
63988
63996
63996
64003
64004
64008
64009
64010
64047
64115
64136
64147
64162
64175
64193
64203
64215
64220
64246
64309
64318
64319
64428
64435
64446
64454
64456
64514
64537
64577
64611
64623
64671
64678
64692
64738
64759
64768
64796
64875
64902
64938
64940
64942
64959
64960
65029
65032
65069
65074
65115
65180
65203
65214
65221
65225
65271
65327
65336
65340
65350
65362
65367
65389
65414
65468
65469
65500
65512
65613
65614
65659
65687
65692
65700
65705
65707
65714
65729
65748
65813
65857
65884
65900
65910
65937
65945
65970
65978
66002
66012
66052
66087
66117
66125
66131
66132
66162
66176
66205
66209
66227
66233
66234
66249
66255
66256
66265
66276
66283
66288
66290
66294
66328
66338
66350
66350
66355
66365
66376
66387
66392
66394
66397
66401
66404
66409
66419
66419
66450
66467
66469
66504
66523
66547
66564
66573
66580
66582
66594
66612
66640
66642
66663
66668
66678
66679
66685
66685
66695
66704
66720
66737
66761
66777
66789
66794
66795
66801
66805
66829
66850
66867
66873
66879
66909
66932
66943
66948
66956
66957
66963
66978
66988
66991
66999
67039
67066
67067
67081
67089
67105
67112
67115
67117
67123
67160
67161
67185
67196
67206
67218
67229
67234
67273
67282
67289
67289
67341
67341
67358
67363
67398
67430
67454
67458
67466
67476
67492
67511
67518
67547
67554
67560
67562
67571
67579
67581
67605
67606
67609
67639
67662
67680
67682
67698
67700
67721
67742
67754
67762
67765
67766
67788
67851
67855
67883
67916
67925
67926
67931
67947
67959
67971
67976
67976
67978
67983
68000
68012
68024
68034
68082
68086
68087
68096
68111
68126
68133
68136
68141
68173
68175
68193
68206
68216
68223
68224
68226
68246
68248
68251
68275
68279
68282
68284
68287
68288
68300
68312
68326
68327
68330
68332
68335
68338
68368
68371
68380
68388
68439
68454
68468
68468
68473
68476
68482
68496
68503
68534
68544
68546
68556
68559
68563
68567
68604
68618
68625
68638
68671
68701
68703
68722
68737
68746
68753
68768
68769
68771
68780
68785
68796
68796
68810
68811
68864
68864
68893
68902
68909
68917
68942
68949
68968
68978
68991
69003
69008
69019
69027
69029
69042
69053
69067
69068
69078
69088
69107
69116
69128
69137
69137
69146
69174
69174
69178
69180
69183
69193
69212
69236
69236
69242
69252
69258
69276
69282
69282
69298
69300
69302
69330
69331
69333
69334
69337
69337
69357
69358
69365
69373
69388
69388
69390
69392
69396
69396
69401
69406
69414
69423
69430
69436
69436
69445
69447
69448
69511
69524
69546
69560
69562
69570
69573
69573
69575
69577
69590
69591
69598
69618
69628
69651
69655
69678
69679
69696
69697
69701
69714
69715
69732
69733
69791
69800
69805
69815
69823
69827
69856
69858
69862
69875
69879
69894
69901
69913
69919
69926
69928
69937
69942
69943
69948
69949
69973
69975
69979
69985
70018
70044
70058
70065
70074
70074
70087
70092
70100
70105
70119
70126
70143
70151
70166
70172
70177
70180
70189
70206
70229
70238
70263
70268
70276
70276
70286
70286
70287
70312
70317
70366
70373
70376
70410
70458
70464
70470
70497
70514
70528
70531
70542
70547
70548
70551
70563
70578
70579
70616
70621
70670
70671
70672
70684
70687
70694
70697
70702
70704
70744
70745
70750
70787
70809
70812
70833
70843
70846
70847
70850
70879
70898
70925
70931
70955
70963
70976
70985
71001
71003
71026
71027
71041
71059
71061
71083
71087
71091
71108
71117
71124
71146
71161
71176
71177
71181
71206
71206
71248
71253
71270
71271
71282
71289
71292
71292
71301
71303
71309
71309
71312
71343
71344
71359
71365
71366
71370
71381
71382
71393
71398
71409
71414
71419
71422
71428
71433
71433
71454
71466
71466
71479
71480
71483
71488
71491
71493
71499
71505
71510
71516
71529
71529
71532
71543
71555
71559
71567
71581
71585
71590
71602
71615
71618
71622
71641
71652
71675
71689
71704
71712
71713
71714
71741
71743
71746
71749
71751
71751
71757
71762
71764
71771
71772
71784
71787
71791
71807
71808
71829
71832
71844
71855
71862
71871
71886
71913
71914
71933
71934
71940
71946
71946
71948
71954
71961
71986
72005
72005
72009
72009
72016
72017
72017
72022
72031
72031
72044
72053
72053
72065
72078
72091
72095
72097
72099
72100
72110
72115
72115
72131
72141
72148
72169
72178
72202
72221
72228
72261
72298
72315
72330
72344
72344
72352
72397
72428
72441
72453
72470
72490
72492
72503
72514
72527
72539
72547
72561
72564
72578
72581
72593
72610
72614
72616
72625
72628
72638
72639
72653
72670
72670
72677
72689
72692
72700
72713
72767
72782
72818
72821
72870
72874
72879
72894
72913
72937
72949
72988
73007
73008
73019
73030
73037
73043
73049
73076
73119
73121
73124
73125
73135
73157
73168
73212
73228
73264
73293
73302
73391
73450
73459
73511
73597
73622
73638
73640
73764
73787
73802
73823
73914
73944
73977
74008
74010
74043
74086
74087
74172
74196
74369
74417
74441
74460
74471
74472
74482
74511
74575
74612
74625
74629
74797
74855
74921
74964
74968
74972
74974
74990
75022
75026
75092
75094
75095
75096
75096
75107
75110
75114
75117
75133
75159
75171
75215
75227
75268
75271
75282
75290
75297
75299
75305
75325
75338
75344
75347
75373
75383
75421
75436
75446
75510
75561
75567
75568
75582
75602
75607
75608
75609
75633
75635
75696
75715
75722
75727
75748
75749
75760
75803
75841
75849
75859
75875
75880
75885
75920
75932
75935
75940
75944
75948
75956
75969
75974
75981
75982
75984
75988
75992
75996
76000
76005
76016
76048
76062
76069
76081
76089
76091
76091
76094
76101
76106
76114
76115
76120
76125
76131
76183
76187
76189
76198
76215
76239
76242
76262
76273
76310
76311
76317
76324
76327
76327
76342
76344
76348
76392
76403
76408
76438
76438
76455
76460
76464
76470
76495
76506
76519
76521
76532
76537
76539
76545
76551
76555
76607
76612
76626
76627
76641
76668
76672
76676
76676
76680
76713
76746
76747
76752
76754
76784
76793
76801
76829
76849
76853
76861
76868
76903
76904
76906
76924
76928
76932
76947
76958
76961
76966
76969
76976
76986
76986
77006
77027
77033
77034
77037
77038
77058
77064
77070
77076
77078
77081
77083
77088
77090
77092
77093
77100
77102
77106
77110
77117
77124
77135
77136
77152
77174
77198
77202
77203
77205
77210
77211
77213
77215
77216
77222
77228
77231
77234
77240
77241
77252
77257
77261
77264
77270
77275
77280
77291
77300
77319
77321
77327
77331
77332
77347
77351
77354
77371
77384
77405
77419
77419
77424
77427
77434
77465
77468
77472
77473
77483
77489
77498
77505
77505
77525
77526
77543
77546
77548
77569
77577
77580
77583
77592
77609
77610
77613
77636
77639
77651
77652
77686
77707
77712
77713
77722
77722
77723
77725
77727
77732
77735
77742
77743
77744
77745
77752
77766
77775
77791
77795
77796
77808
77821
77836
77836
77843
77843
77850
77850
77851
77859
77877
77889
77892
77904
77905
77909
77913
77915
77917
77918
77918
77918
77921
77921
77935
77947
77959
77968
77977
77994
78015
78043
78045
78049
78075
78082
78104
78112
78113
78141
78143
78156
78175
78187
78217
78220
78223
78223
78226
78243
78250
78250
78294
78344
78345
78346
78373
78385
78388
78391
78394
78395
78408
78408
78414
78415
78437
78445
78455
78464
78470
78482
78496
78519
78546
78548
78575
78575
78586
78600
78607
78608
78608
78611
78613
78663
78665
78672
78673
78699
78712
78717
78738
78744
78762
78824
78902
78907
78908
78910
78911
78912
78916
78918
78921
78923
78941
78942
78949
78949
78956
78958
78970
78988
78993
78996
79006
79017
79040
79042
79047
79056
79078
79096
79113
79118
79119
79125
79132
79140
79142
79148
79153
79155
79159
79160
79187
79197
79223
79231
79240
79245
79278
79306
79327
79351
79360
79376
79396
79398
79409
79420
79429
79431
79436
79436
79441
79445
79459
79474
79501
79510
79512
79519
79520
79536
79547
79549
79560
79567
79579
79602
79617
79627
79633
79642
79642
79647
79656
79657
79658
79659
79663
79664
79674
79680
79680
79684
79687
79689
79703
79705
79705
79710
79711
79712
79729
79729
79731
79734
79748
79751
79753
79779
79784
79789
79797
79800
79826
79833
79845
79850
79852
79857
79889
79889
79904
79904
79928
79941
79942
79948
79953
79956
79960
79969
79972
79973
79986
80006
80009
80015
80016
80021
80023
80033
80035
80040
80046
80053
80074
80075
80090
80090
80093
80106
80126
80126
80128
80147
80148
80148
80150
80151
80152
80157
80163
80178
80183
80187
80199
80200
80203
80212
80231
80232
80234
80245
80245
80265
80267
80270
80286
80286
80296
80304
80309
80329
80340
80344
80345
80346
80354
80357
80362
80370
80377
80383
80389
80401
80417
80420
80443
80447
80448
80452
80455
80461
80464
80478
80508
80518
80523
80525
80525
80555
80557
80561
80565
80582
80588
80590
80596
80600
80600
80601
80605
80623
80628
80636
80646
80657
80657
80677
80725
80737
80754
80767
80767
80776
80777
80784
80786
80789
80795
80797
80798
80807
80809
80826
80836
80848
80852
80855
80867
80879
80889
80912
80972
80992
81007
81008
81046
81056
81065
81091
81127
81134
81174
81186
81193
81195
81204
81224
81236
81238
81360
81433
81575
81671
81771
81771
81781
81814
81877
81877
81879
81883
81886
81893
81893
81895
81903
81920
81923
81938
81949
81963
81969
81982
81996
81999
82006
82016
82022
82027
82037
82048
82065
82067
82077
82084
82097
82106
82118
82128
82129
82133
82178
82180
82203
82213
82249
82251
82258
82269
82275
82277
82280
82298
82314
82316
82316
82341
82397
82402
82434
82454
82458
82464
82473
82478
82478
82489
82505
82520
82524
82527
82548
82558
82564
82573
82576
82587
82589
82603
82611
82613
82615
82621
82628
82629
82635
82640
82640
82643
82656
82668
82676
82677
82678
82682
82683
82691
82696
82699
82703
82709
82715
82737
82740
82752
82775
82794
82814
82816
82820
82826
82837
82841
82866
82869
82876
82883
82889
82908
82909
82925
82944
82959
82987
82988
82992
82992
83023
83082
83097
83118
83144
83148
83153
83164
83177
83190
83216
83247
83250
83258
83273
83286
83293
83307
83331
83349
83355
83359
83388
83390
83524
83532
83548
83551
83552
83559
83573
83581
83584
83595
83596
83597
83611
83627
83629
83675
83680
83687
83709
83732
83736
83760
83760
83766
83778
83781
83796
83797
83807
83817
83835
83839
83841
83858
83863
83864
83878
83894
83897
83900
83914
83916
83979
83983
83984
84007
84021
84031
84032
84050
84066
84101
84144
84153
84161
84171
84190
84206
84227
84232
84256
84262
84287
84292
84311
84315
84316
84330
84344
84356
84371
84397
84420
84437
84458
84484
84487
84528
84531
84533
84552
84557
84557
84580
84585
84598
84638
84642
84643
84647
84674
84678
84681
84684
84685
84692
84695
84697
84698
84716
84778
84788
84808
84824
84824
84835
84841
84841
84843
84851
84855
84895
84912
84921
84935
84941
84966
84974
84976
84983
84986
84986
84987
85006
85021
85024
85029
85051
85103
85130
85149
85151
85179
85200
85207
85233
85247
85253
85254
85276
85290
85326
85336
85339
85384
85409
85422
85426
85431
85449
85495
85525
85548
85558
85560
85573
85587
85604
85631
85632
85644
85647
85652
85656
85662
85666
85670
85679
85696
85725
85726
85731
85745
85818
85835
85842
85843
85861
85875
85916
85922
85937
85940
85941
85949
85949
85955
85956
85961
85963
85967
85969
85970
85982
85990
85996
85997
86015
86032
86037
86041
86043
86053
86056
86062
86072
86091
86097
86132
86145
86153
86159
86164
86177
86178
86189
86205
86211
86220
86223
86241
86241
86242
86247
86249
86251
86253
86254
86258
86266
86270
86271
86276
86280
86281
86299
86307
86310
86317
86324
86331
86339
86368
86372
86375
86401
86406
86410
86411
86433
86443
86457
86459
86493
86506
86511
86513
86513
86515
86525
86525
86537
86546
86550
86556
86568
86585
86586
86586
86614
86624
86626
86628
86634
86638
86641
86646
86658
86658
86663
86666
86682
86684
86684
86686
86702
86702
86706
86718
86734
86754
86770
86771
86777
86777
86783
86783
86800
86806
86816
86828
86842
86864
86871
86889
86896
86904
86913
86919
86924
86926
86929
86942
86969
86990
87014
87078
87096
87131
87142
87148
87157
87168
87185
87187
87195
87204
87205
87211
87217
87246
87258
87260
87283
87284
87310
87414
87421
87433
87451
87455
87472
87496
87517
87521
87521
87527
87536
87618
87629
87657
87720
87743
87792
87793
87810
87820
87837
87840
87847
87847
87850
87862
87868
87872
87899
87900
87900
87914
87925
87938
87945
87952
87957
87959
87968
87972
87981
87995
88009
88050
88051
88051
88064
88071
88081
88087
88096
88097
88126
88129
88140
88154
88169
88175
88178
88184
88208
88217
88229
88237
88259
88263
88278
88285
88311
88322
88334
88359
88360
88361
88371
88377
88383
88401
88427
88441
88442
88461
88461
88464
88465
88472
88486
88490
88494
88520
88526
88558
88582
88629
88667
88669
88675
88687
88693
88695
88697
88712
88729
88732
88742
88755
88777
88779
88787
88792
88805
88823
88825
88832
88850
88851
88857
88867
88870
88878
88878
88879
88898
88900
88906
88917
88919
88921
88921
88924
88933
88943
88965
88968
88982
89003
89019
89023
89042
89043
89044
89067
89070
89078
89085
89089
89090
89110
89120
89120
89138
89138
89154
89164
89165
89166
89177
89181
89185
89186
89190
89199
89211
89213
89249
89254
89257
89269
89273
89285
89291
89295
89296
89305
89309
89315
89338
89353
89354
89362
89395
89399
89411
89414
89415
89423
89428
89464
89497
89507
89512
89514
89520
89529
89532
89532
89546
89566
89574
89583
89588
89595
89608
89631
89658
89665
89681
89704
89718
89736
89745
89752
89753
89757
89772
89773
89774
89780
89783
89786
89800
89818
89842
89846
89908
89913
89914
89929
89943
89956
90008
90045
90070
90075
90075
90081
90084
90095
90115
90125
90140
90161
90167
90167
90172
90180
90187
90188
90202
90233
90251
90256
90259
90264
90265
90274
90297
90304
90319
90351
90355
90363
90368
90389
90403
90410
90435
90435
90438
90442
90444
90450
90463
90465
90466
90491
90499
90521
90526
90542
90549
90560
90600
90601
90602
90620
90630
90655
90663
90692
90695
90697
90707
90708
90719
90737
90740
90747
90776
90780
90787
90817
90817
90833
90839
90872
90879
90884
90886
90907
90914
90922
90922
90935
90936
90941
90949
90958
90964
90966
91028
91031
91040
91044
91054
91054
91066
91079
91087
91090
91092
91101
91103
91110
91111
91144
91147
91161
91182
91183
91187
91197
91206
91217
91219
91222
91230
91233
91238
91262
91278
91303
91304
91305
91321
91324
91329
91346
91346
91348
91364
91368
91372
91378
91394
91399
91400
91403
91407
91418
91424
91429
91436
91441
91453
91459
91500
91522
91536
91568
91569
91570
91581
91582
91586
91598
91605
91611
91611
91627
91636
91664
91666
91691
91730
91745
91755
91757
91759
91762
91764
91779
91785
91801
91806
91822
91829
91833
91836
91839
91843
91856
91865
91868
91871
91876
91880
91900
91901
91910
91915
91920
91928
91940
91947
91953
91957
91965
91986
91994
91996
91998
92006
92006
92018
92018
92024
92025
92029
92036
92042
92047
92047
92048
92053
92058
92064
92070
92074
92085
92087
92090
92106
92111
92111
92118
92121
92123
92129
92146
92147
92175
92179
92179
92195
92262
92267
92269
92276
92289
92292
92297
92298
92311
92316
92316
92340
92342
92352
92372
92392
92394
92405
92407
92416
92419
92423
92427
92432
92439
92449
92457
92470
92486
92490
92493
92511
92515
92516
92539
92541
92543
92551
92552
92552
92566
92589
92601
92604
92617
92619
92641
92643
92645
92648
92650
92659
92666
92668
92673
92674
92678
92688
92694
92702
92707
92711
92715
92717
92731
92735
92739
92747
92751
92751
92771
92800
92834
92848
92851
92862
92886
92911
92930
92938
92953
92960
92962
92977
92991
92996
93045
93056
93080
93110
93135
93143
93147
93156
93164
93196
93211
93234
93247
93278
93293
93300
93302
93309
93353
93359
93370
93396
93399
93441
93456
93456
93457
93459
93461
93488
93492
93502
93506
93507
93531
93536
93540
93556
93557
93560
93581
93588
93591
93592
93602
93604
93616
93627
93649
93655
93663
93668
93672
93694
93716
93736
93756
93773
93784
93828
93852
93894
93899
93916
93977
94002
94031
94058
94091
94092
94102
94105
94108
94123
94142
94152
94152
94175
94210
94253
94257
94270
94272
94278
94283
94290
94302
94317
94320
94331
94337
94339
94345
94365
94385
94386
94391
94401
94407
94468
94468
94471
94477
94485
94486
94517
94525
94537
94539
94579
94582
94600
94610
94622
94672
94724
94728
94731
94776
94784
94786
94794
94820
94831
94853
94862
94896
94946
94949
94956
94970
95019
95029
95041
95051
95052
95061
95099
95112
95126
95129
95130
95133
95180
95210
95241
95250
95265
95279
95301
95307
95355
95357
95372
95384
95385
95385
95386
95404
95429
95456
95457
95469
95488
95499
95512
95519
95559
95566
95570
95581
95645
95649
95650
95657
95665
95668
95671
95674
95691
95707
95708
95711
95717
95717
95735
95738
95739
95745
95745
95763
95768
95779
95781
95781
95801
95803
95818
95824
95829
95835
95848
95854
95866
95872
95873
95874
95877
95885
95913
95927
95942
95945
95958
95969
95990
95997
95998
95999
96000
96002
96007
96033
96044
96067
96068
96084
96108
96116
96119
96122
96152
96167
96171
96191
96197
96202
96203
96205
96209
96209
96211
96223
96226
96231
96241
96257
96264
96294
96298
96304
96306
96320
96332
96341
96342
96367
96379
96403
96403
96408
96443
96455
96470
96484
96515
96522
96523
96541
96566
96569
96582
96591
96592
96597
96612
96630
96647
96663
96679
96682
96702
96704
96758
96784
96798
96800
96835
96898
96919
96926
96929
96933
96939
96954
96978
96984
96998
97017
97029
97070
97081
97096
97104
97104
97107
97107
97117
97132
97141
97161
97182
97184
97198
97241
97262
97304
97353
97383
97402
97419
97424
97428
97436
97480
97504
97524
97531
97537
97557
97562
97568
97577
97579
97613
97648
97674
97685
97693
97698
97702
97704
97704
97726
97727
97735
97758
97774
97779
97804
97814
97821
97837
97847
97867
97893
97921
97923
97937
97945
97947
97984
97985
97998
97999
98018
98020
98033
98052
98085
98087
98094
98096
98124
98131
98136
98142
98143
98144
98178
98244
98245
98255
98309
98333
98377
98377
98389
98412
98419
98433
98443
98446
98447
98451
98464
98465
98477
98505
98510
98510
98519
98521
98521
98525
98531
98531
98579
98584
98589
98590
98600
98609
98625
98625
98628
98636
98642
98659
98660
98663
98672
98677
