9
13
20
54
73
90
102
112
126
174
196
243
252
266
280
288
295
302
327
327
435
446
518
553
557
570
611
613
625
628
629
656
657
665
667
671
675
676
695
699
725
739
741
789
828
860
879
886
888
889
935
937
938
981
985
1000
1005
1006
1010
1017
1018
1021
1025
1025
1045
1072
1075
1078
1153
1155
1165
1168
1169
1190
1195
1196
1218
1220
1234
1235
1236
1262
1268
1271
1271
1276
1276
1299
1320
1324
1365
1387
1406
1410
1428
1440
1440
1447
1458
1469
1494
1496
1509
1522
1526
1537
1547
1549
1551
1579
1581
1585
1594
1597
1608
1614
1624
1653
1666
1675
1680
1703
1706
1711
1725
1728
1732
1758
1768
1778
1780
1787
1791
1792
1805
1824
1827
1846
1857
1881
1889
1899
1936
1946
1952
1961
2012
2031
2066
2072
2081
2083
2085
2087
2096
2103
2110
2118
2120
2125
2158
2160
2164
2164
2201
2218
2224
2232
2252
2292
2316
2317
2323
2338
2349
2365
2370
2371
2387
2393
2419
2432
2448
2449
2453
2462
2468
2480
2486
2488
2493
2494
2500
2510
2521
2522
2543
2555
2563
2566
2571
2592
2597
2598
2608
2609
2616
2636
2639
2641
2660
2678
2680
2709
2729
2757
2778
2779
2792
2793
2794
2799
2817
2838
2844
2845
2865
2873
2884
2900
2926
2938
2964
2968
2998
3003
3003
3014
3023
3077
3091
3125
3161
3165
3174
3183
3185
3189
3199
3207
3270
3290
3299
3303
3311
3322
3341
3347
3359
3362
3368
3395
3420
3522
3532
3558
3572
3592
3598
3602
3615
3628
3632
3680
3728
3769
3774
3790
3804
3838
3849
3880
3882
3882
3890
3895
3899
3913
3914
3917
3917
3934
3946
3969
3970
3978
4002
4023
4039
4039
4039
4042
4061
4063
4069
4070
4108
4109
4111
4115
4115
4121
4126
4129
4130
4148
4161
4183
4187
4196
4210
4214
4222
4222
4228
4230
4259
4268
4271
4279
4296
4306
4309
4341
4345
4348
4391
4394
4473
4483
4491
4493
4496
4497
4499
4514
4525
4583
4594
4597
4602
4616
4619
4623
4653
4655
4700
4704
4717
4729
4738
4744
4778
4781
4790
4801
4809
4829
4855
4876
4896
4900
4908
4924
4928
4931
4967
4976
4984
4986
4990
4992
4998
5008
5009
5029
5047
5111
5117
5124
5139
5209
5216
5217
5222
5228
5249
5259
5266
5273
5276
5280
5292
5303
5316
5321
5345
5349
5349
5352
5368
5391
5395
5396
5409
5433
5440
5450
5463
5475
5493
5500
5510
5522
5523
5538
5546
5568
5580
5587
5622
5633
5633
5641
5643
5659
5663
5686
5698
5704
5708
5726
5737
5738
5757
5763
5780
5809
5809
5814
5816
5882
5889
5889
5890
5903
5913
5930
5932
5938
5948
5957
5965
5976
5980
5995
6001
6004
6015
6023
6024
6025
6059
6067
6072
6079
6080
6080
6107
6151
6152
6158
6172
6181
6186
6186
6192
6195
6203
6217
6222
6223
6228
6236
6239
6243
6255
6257
6266
6269
6271
6272
6307
6311
6320
6321
6328
6330
6333
6352
6366
6389
6429
6432
6441
6446
6461
6463
6478
6501
6514
6525
6532
6542
6547
6551
6572
6582
6602
6612
6625
6631
6631
6634
6637
6642
6652
6653
6666
6680
6686
6696
6710
6711
6723
6724
6727
6745
6751
6780
6791
6800
6813
6828
6832
6864
6870
6875
6887
6892
6896
6898
6904
6904
6909
6910
6912
6918
6922
6922
6929
6930
6944
6944
6946
6950
6952
6960
6963
6985
6985
6991
6995
7002
7011
7026
7031
7032
7035
7058
7087
7089
7120
7123
7133
7140
7168
7170
7177
7182
7190
7196
7198
7206
7220
7235
7240
7241
7247
7247
7254
7254
7266
7280
7295
7299
7317
7319
7326
7339
7348
7352
7355
7377
7380
7392
7399
7412
7413
7429
7444
7448
7449
7456
7459
7459
7470
7471
7472
7473
7484
7508
7528
7533
7533
7533
7538
7543
7552
7557
7564
7569
7569
7573
7581
7594
7597
7612
7621
7650
7667
7668
7673
7684
7687
7697
7703
7706
7718
7722
7734
7735
7737
7755
7763
7767
7768
7788
7809
7826
7827
7836
7843
7862
7863
7867
7868
7870
7894
7900
7912
7916
7916
7952
7954
7958
7977
7980
7990
7997
8002
8007
8011
8025
8030
8040
8056
8062
8075
8080
8101
8101
8102
8103
8114
8115
8116
8121
8136
8142
8151
8159
8202
8210
8229
8238
8244
8256
8257
8261
8273
8285
8295
8297
8330
8337
8352
8355
8359
8361
8366
8402
8402
8414
8414
8419
8436
8436
8451
8456
8464
8465
8485
8486
8489
8493
8493
8498
8502
8503
8504
8537
8543
8548
8551
8560
8576
8583
8591
8605
8614
8622
8631
8637
8638
8645
8645
8696
8696
8702
8702
8712
8717
8718
8721
8723
8732
8735
8744
8750
8768
8782
8795
8802
8807
8808
8815
8817
8820
8821
8827
8832
8841
8842
8844
8849
8853
8854
8855
8856
8879
8879
8885
8889
8891
8905
8909
8913
8918
8936
8973
8978
8986
8992
9009
9021
9033
9035
9048
9056
9077
9078
9104
9105
9128
9131
9141
9148
9173
9173
9178
9179
9188
9191
9193
9200
9229
9253
9255
9256
9271
9279
9282
9306
9308
9309
9314
9325
9330
9337
9343
9347
9364
9370
9380
9387
9401
9407
9419
9419
9427
9445
9449
9452
9458
9468
9469
9481
9482
9491
9492
9519
9523
9532
9545
9567
9569
9574
9580
9585
9586
9600
9657
9671
9680
9689
9720
9728
9741
9741
9747
9791
9800
9805
9829
9849
9849
9859
9865
9868
9883
9904
9909
9923
9936
9957
9964
10017
10026
10034
10065
10103
10142
10147
10147
10194
10204
10249
10260
10260
10320
10324
10331
10337
10348
10377
10385
10396
10418
10419
10434
10443
10488
10490
10517
10537
10553
10557
10560
10590
10600
10636
10652
10653
10678
10703
10712
10714
10723
10743
10766
10783
10793
10795
10801
10808
10817
10831
10839
10845
10846
10848
10856
10867
10927
10959
10973
10974
10976
10981
10987
10991
10993
11008
11014
11017
11021
11034
11041
11077
11098
11101
11101
11101
11105
11137
11147
11158
11162
11162
11176
11206
11252
11280
11284
11288
11307
11329
11334
11359
11391
11394
11406
11413
11414
11414
11443
11466
11470
11474
11518
11523
11528
11542
11545
11560
11562
11576
11599
11645
11654
11660
11668
11692
11693
11765
11775
11789
11792
11817
11832
11835
11838
11844
11877
11884
11910
11918
11949
11949
11956
11997
12003
12006
12013
12022
12027
12037
12058
12076
12084
12084
12104
12105
12105
12110
12113
12131
12155
12198
12205
12209
12214
12231
12240
12246
12256
12270
12288
12292
12325
12339
12345
12349
12350
12351
12363
12395
12395
12409
12430
12482
12482
12488
12500
12553
12572
12589
12609
12609
12644
12645
12656
12712
12722
12735
12737
12743
12747
12755
12757
12761
12798
12808
12833
12834
12838
12840
12871
12875
12886
12912
12916
12972
12973
12982
12983
13032
13039
13075
13082
13084
13093
13109
13112
13121
13156
13172
13187
13192
13198
13222
13258
13278
13279
13331
13336
13351
13358
13364
13390
13414
13427
13457
13471
13473
13489
13497
13498
13527
13539
13539
13545
13555
13564
13586
13588
13600
13631
13632
13637
13639
13650
13651
13659
13662
13668
13680
13686
13687
13697
13705
13713
13732
13733
13759
13762
13785
13787
13795
13831
13842
13848
13874
13882
13886
13888
13897
13897
13919
13930
13931
13935
13936
13945
13948
13952
13956
13959
13960
13996
14011
14014
14019
14023
14025
14026
14032
14040
14051
14052
14078
14079
14084
14092
14117
14117
14117
14120
14132
14134
14141
14147
14163
14172
14183
14229
14230
14235
14248
14253
14260
14264
14280
14281
14293
14293
14310
14337
14355
14359
14379
14396
14397
14422
14424
14444
14457
14464
14468
14477
14479
14481
14486
14494
14508
14529
14541
14543
14554
14577
14581
14595
14606
14633
14678
14689
14692
14693
14710
14711
14713
14730
14732
14737
14742
14744
14746
14750
14764
14770
14782
14785
14789
14792
14807
14810
14810
14820
14826
14845
14879
14891
14911
14924
14926
14927
14955
14960
14965
14967
14971
14971
14977
14984
14984
14986
14987
15012
15015
15019
15033
15051
15059
15090
15092
15102
15111
15119
15138
15152
15163
15180
15183
15185
15185
15212
15213
15219
15224
15237
15237
15239
15254
15257
15271
15300
15327
15330
15337
15345
15369
15413
15416
15421
15424
15431
15436
15437
15450
15457
15465
15483
15485
15498
15498
15501
15517
15521
15542
15567
15570
15571
15581
15581
15589
15628
15630
15631
15638
15656
15677
15697
15726
15730
15734
15753
15775
15776
15783
15805
15808
15817
15822
15828
15836
15842
15844
15872
15876
15884
15890
15898
15905
15911
15912
15938
15960
15981
15990
15995
16002
16024
16028
16035
16048
16062
16064
16069
16072
16075
16082
16083
16087
16088
16106
16108
16114
16115
16130
16141
16142
16152
16155
16165
16178
16182
16197
16200
16206
16217
16237
16237
16240
16240
16241
16241
16263
16281
16284
16315
16317
16319
16329
16342
16350
16358
16359
16384
16392
16393
16403
16405
16456
16465
16476
16503
16512
16512
16514
16522
16527
16532
16542
16552
16554
16557
16562
16565
16577
16596
16599
16619
16625
16637
16650
16651
16655
16660
16662
16678
16690
16704
16705
16709
16710
16719
16720
16727
16728
16730
16730
16743
16750
16771
16784
16786
16794
16798
16803
16810
16819
16827
16831
16832
16834
16847
16861
16869
16870
16886
16892
16898
16915
16916
16935
16936
16938
16940
16942
16943
16945
16959
16989
16993
16999
17007
17016
17037
17051
17068
17073
17076
17076
17078
17085
17100
17104
17115
17119
17132
17136
17150
17208
17215
17217
17223
17226
17239
17263
17270
17273
17280
17289
17292
17298
17326
17355
17356
17378
17418
17424
17429
17432
17433
17449
17457
17457
17477
17481
17482
17487
17499
17511
17517
17551
17551
17553
17559
17572
17586
17603
17613
17616
17623
17629
17637
17646
17647
17651
17654
17660
17672
17686
17687
17708
17717
17725
17725
17726
17743
17755
17757
17758
17770
17775
17788
17794
17801
17803
17806
17808
17816
17823
17832
17858
17865
17898
17902
17904
17910
17925
17935
17935
17942
17942
17945
17960
17964
17966
17974
17979
17984
17986
17990
17997
18002
18006
18014
18025
18026
18028
18033
18034
18043
18046
18048
18048
18060
18068
18069
18070
18075
18081
18081
18084
18091
18101
18102
18106
18108
18108
18112
18148
18164
18170
18180
18183
18189
18199
18208
18209
18216
18220
18222
18224
18234
18236
18244
18252
18271
18288
18295
18305
18312
18324
18330
18357
18366
18382
18382
18403
18419
18425
18427
18445
18449
18466
18478
18478
18481
18483
18486
18503
18509
18524
18524
18527
18530
18531
18547
18561
18571
18574
18594
18594
18595
18602
18607
18618
18619
18621
18627
18645
18655
18658
18668
18689
18698
18701
18712
18714
18716
18731
18732
18732
18733
18745
18750
18752
18753
18755
18756
18770
18776
18789
18798
18801
18803
18804
18808
18811
18833
18856
18868
18875
18887
18889
18903
18917
18926
18932
18942
18947
18962
18963
18972
18983
18992
18993
19002
19017
19021
19028
19036
19042
19063
19067
19094
19108
19111
19124
19125
19156
19157
19169
19170
19189
19203
19214
19218
19220
19223
19234
19235
19236
19242
19242
19244
19256
19275
19277
19289
19291
19295
19318
19322
19328
19328
19336
19342
19344
19347
19354
19357
19366
19367
19394
19396
19400
19401
19407
19425
19429
19430
19433
19434
19436
19437
19449
19455
19473
19483
19490
19497
19498
19503
19504
19518
19531
19540
19542
19555
19566
19570
19571
19578
19578
19586
19593
19593
19602
19606
19606
19610
19610
19625
19636
19656
19685
19688
19693
19699
19699
19709
19709
19718
19726
19738
19740
19747
19755
19763
19766
19776
19776
19781
19784
19784
19788
19789
19789
19790
19792
19806
19809
19815
19849
19854
19870
19889
19902
19904
19906
19907
19926
19930
19935
19945
19952
19962
19972
19973
19974
19984
19992
19995
20010
20014
20015
20039
20043
20049
20052
20061
20066
20066
20067
20077
20080
20086
20093
20107
20108
20111
20120
20134
20144
20150
20152
20163
20175
20178
20179
20181
20189
20201
20216
20222
20239
20243
20245
20246
20253
20258
20260
20260
20278
20291
20292
20293
20304
20304
20312
20317
20317
20318
20320
20335
20349
20369
20378
20384
20406
20408
20412
20425
20443
20451
20466
20467
20486
20496
20496
20504
20515
20539
20539
20540
20545
20555
20559
20563
20568
20569
20572
20582
20583
20614
20620
20622
20646
20664
20670
20679
20682
20708
20711
20720
20736
20736
20740
20740
20741
20749
20754
20757
20764
20767
20767
20769
20778
20799
20815
20816
20827
20837
20843
20844
20848
20852
20858
20883
20884
20895
20905
20909
20914
20917
20919
20942
20950
20950
20954
20983
20989
20991
20992
20993
20996
21002
21010
21013
21024
21037
21050
21057
21075
21102
21108
21114
21120
21129
21161
21162
21179
21184
21200
21212
21214
21221
21221
21225
21238
21244
21249
21250
21253
21281
21306
21321
21346
21351
21357
21368
21368
21376
21402
21402
21412
21445
21446
21448
21449
21454
21454
21459
21462
21462
21475
21484
21485
21518
21522
21524
21536
21557
21558
21559
21562
21567
21574
21580
21582
21582
21588
21618
21625
21628
21629
21637
21642
21650
21657
21685
21688
21689
21692
21759
21764
21770
21774
21780
21786
21796
21798
21801
21801
21806
21813
21823
21834
21846
21848
21859
21869
21872
21877
21888
21892
21921
21936
21936
21941
21942
21968
21978
21984
22004
22005
22017
22020
22031
22037
22039
22046
22068
22071
22085
22090
22097
22104
22108
22119
22121
22134
22145
22158
22174
22175
22183
22186
22190
22211
22223
22223
22229
22244
22249
22254
22254
22257
22258
22260
22264
22270
22272
22273
22284
22286
22289
22292
22296
22301
22303
22304
22326
22329
22334
22335
22337
22339
22343
22348
22357
22360
22361
22374
22414
22435
22447
22449
22450
22452
22452
22457
22458
22459
22463
22464
22471
22474
22478
22479
22490
22515
22517
22522
22524
22526
22527
22532
22532
22533
22539
22578
22579
22584
22587
22595
22602
22603
22605
22610
22616
22621
22634
22635
22637
22638
22645
22648
22653
22658
22661
22662
22679
22679
22703
22713
22716
22717
22719
22729
22731
22755
22757
22760
22762
22770
22782
22784
22794
22801
22818
22825
22837
22845
22852
22852
22865
22873
22879
22881
22886
22890
22901
22909
22913
22915
22917
22922
22930
22940
22953
22959
23007
23008
23010
23018
23021
23024
23041
23048
23052
23054
23060
23067
23070
23074
23079
23099
23101
23110
23114
23114
23116
23127
23136
23137
23141
23141
23144
23150
23154
23162
23163
23164
23165
23168
23183
23206
23228
23234
23242
23249
23252
23274
23275
23287
23293
23301
23303
23306
23313
23323
23332
23338
23347
23348
23358
23359
23381
23396
23397
23400
23404
23410
23415
23415
23430
23440
23449
23481
23486
23492
23497
23502
23504
23509
23514
23526
23528
23530
23534
23560
23564
23565
23565
23567
23573
23582
23585
23587
23589
23611
23611
23624
23635
23645
23653
23654
23658
23659
23664
23666
23670
23704
23716
23725
23741
23744
23757
23767
23767
23776
23781
23791
23806
23819
23823
23827
23856
23856
23872
23874
23884
23891
23893
23899
23908
23909
23913
23914
23941
23942
23944
23945
23950
23962
23969
23972
23974
23979
23980
23980
23988
23992
23993
23993
24007
24015
24024
24030
24074
24099
24102
24119
24139
24139
24140
24142
24145
24155
24159
24163
24164
24171
24188
24209
24212
24213
24214
24225
24227
24234
24242
24247
24249
24254
24263
24273
24296
24332
24343
24351
24356
24367
24373
24378
24388
24396
24396
24418
24420
24425
24427
24432
24478
24479
24481
24506
24514
24519
24522
24523
24532
24537
24542
24543
24546
24550
24553
24568
24576
24581
24585
24591
24592
24601
24601
24615
24622
24629
24637
24638
24647
24660
24661
24664
24680
24689
24708
24709
24717
24719
24726
24731
24734
24738
24751
24786
24787
24804
24805
24820
24828
24835
24852
24865
24868
24872
24880
24883
24887
24893
24895
24903
24917
24932
24936
24937
24952
24987
24991
24991
25004
25006
25006
25055
25073
25075
25109
25109
25120
25133
25139
25161
25161
25165
25174
25195
25209
25216
25224
25226
25234
25246
25266
25285
25296
25302
25315
25317
25331
25333
25334
25338
25342
25354
25361
25362
25363
25370
25377
25383
25405
25414
25415
25421
25429
25435
25445
25450
25454
25499
25507
25525
25527
25546
25555
25556
25564
25582
25591
25598
25609
25609
25621
25624
25628
25633
25638
25643
25644
25657
25660
25664
25682
25683
25691
25693
25695
25703
25710
25712
25737
25746
25750
25753
25755
25761
25763
25790
25802
25813
25814
25820
25833
25835
25838
25841
25850
25860
25875
25885
25906
25908
25915
25928
25938
25941
25967
25975
25977
25985
25988
26002
26010
26021
26041
26045
26068
26068
26091
26097
26103
26108
26124
26125
26128
26136
26137
26140
26148
26158
26162
26163
26165
26174
26178
26178
26191
26196
26201
26202
26211
26212
26232
26236
26242
26252
26256
26271
26276
26281
26298
26309
26317
26321
26323
26327
26332
26339
26340
26349
26358
26362
26362
26388
26390
26405
26408
26411
26413
26417
26425
26429
26429
26432
26432
26437
26448
26453
26454
26474
26483
26493
26496
26530
26533
26542
26549
26555
26566
26573
26576
26582
26609
26616
26627
26665
26670
26670
26671
26672
26672
26674
26684
26684
26691
26700
26711
26714
26715
26732
26739
26739
26742
26749
26749
26749
26777
26855
26870
27002
27060
27092
27102
27137
27153
27163
27200
27223
27234
27279
27312
27319
27350
27423
27467
27468
27479
27483
27587
27610
27618
27632
27679
27733
27769
27793
27801
27817
27820
27829
27836
27885
27935
27947
28000
28012
28018
28070
28097
28105
28152
28196
28230
28231
28255
28276
28279
28288
28307
28352
28369
28374
28397
28424
28427
28463
28466
28468
28495
28503
28533
28552
28555
28584
28589
28634
28644
28657
28688
28691
28693
28707
28709
28714
28716
28742
28749
28769
28785
28798
28814
28834
28859
28860
28864
28899
28940
28944
28948
28958
28969
28978
28978
28989
28995
29010
29025
29025
29042
29045
29048
29051
29060
29062
29068
29075
29082
29086
29105
29110
29119
29122
29132
29137
29151
29165
29170
29174
29182
29224
29233
29241
29242
29265
29266
29270
29279
29310
29315
29316
29329
29340
29390
29401
29405
29413
29434
29436
29451
29452
29484
29490
29511
29516
29544
29549
29557
29565
29593
29611
29614
29622
29630
29644
29648
29660
29668
29702
29704
29705
29715
29723
29742
29756
29756
29774
29798
29800
29812
29813
29813
29826
29831
29850
29863
29868
29913
29916
29927
29934
29944
29964
29968
29986
29991
29999
30008
30029
30032
30036
30037
30040
30057
30061
30063
30086
30094
30113
30120
30124
30132
30145
30162
30182
30182
30183
30222
30224
30237
30256
30284
30303
30305
30306
30320
30339
30351
30360
30364
30375
30380
30389
30390
30400
30402
30421
30442
30444
30452
30470
30477
30487
30493
30500
30501
30561
30569
30575
30584
30586
30587
30605
30636
30640
30644
30648
30653
30657
30660
30672
30678
30678
30691
30710
30743
30746
30754
30759
30761
30771
30775
30787
30792
30800
30832
30835
30845
30892
30902
30903
30922
30937
30943
30981
30982
30987
30994
31012
31021
31036
31043
31043
31044
31045
31081
31081
31088
31097
31098
31111
31145
31150
31157
31161
31162
31175
31188
31191
31213
31215
31219
31241
31279
31336
31355
31364
31374
31381
31395
31410
31418
31434
31439
31466
31492
31492
31497
31506
31511
31533
31547
31565
31567
31568
31584
31591
31594
31610
31612
31613
31645
31651
31659
31670
31676
31680
31681
31695
31701
31705
31717
31717
31733
31749
31758
31765
31780
31792
31799
31833
31837
31844
31845
31877
31881
31882
31886
31921
31925
31928
31928
31934
31936
31937
31939
31945
31956
31970
31984
32003
32007
32020
32022
32023
32029
32031
32032
32032
32032
32035
32087
32093
32096
32103
32125
32140
32150
32152
32156
32165
32179
32180
32189
32190
32192
32220
32226
32266
32273
32283
32290
32291
32309
32312
32312
32334
32381
32384
32401
32404
32412
32418
32432
32433
32447
32449
32467
32489
32493
32510
32514
32520
32534
32536
32545
32552
32554
32559
32563
32564
32570
32575
32586
32586
32587
32589
32589
32594
32594
32603
32606
32615
32616
32619
32629
32645
32651
32655
32660
32686
32690
32690
32716
32752
32768
32778
32780
32781
32820
32826
32859
32879
32886
32887
32895
32938
32950
32961
32972
32984
32993
33001
33003
33064
33071
33075
33081
33086
33097
33105
33118
33124
33131
33133
33135
33140
33148
33159
33170
33202
33244
33250
33270
33316
33317
33329
33337
33343
33348
33359
33374
33380
33384
33388
33388
33417
33425
33430
33435
33446
33450
33462
33462
33466
33500
33520
33526
33530
33581
33585
33609
33622
33625
33632
33636
33638
33648
33669
33695
33695
33696
33696
33719
33730
33739
33740
33744
33749
33755
33758
33759
33762
33764
33773
33774
33789
33793
33801
33822
33830
33831
33836
33852
33853
33854
33856
33876
33876
33882
33890
33894
33899
33900
33901
33905
33905
33914
33920
33930
33937
33945
33949
33975
33982
33985
33995
33996
34013
34042
34044
34048
34048
34051
34064
34065
34067
34070
34074
34086
34087
34092
34093
34110
34110
34122
34130
34134
34137
34138
34141
34159
34175
34176
34178
34204
34219
34242
34263
34265
34268
34293
34294
34296
34308
34309
34311
34317
34339
34340
34345
34350
34389
34398
34399
34424
34435
34444
34511
34514
34527
34527
34536
34542
34546
34547
34555
34562
34568
34577
34592
34620
34622
34627
34627
34632
34641
34644
34651
34654
34655
34665
34683
34695
34701
34706
34726
34735
34747
34752
34752
34754
34774
34780
34781
34791
34792
34792
34813
34831
34834
34838
34856
34857
34858
34858
34860
34866
34866
34870
34878
34885
34907
34912
34913
34934
34958
34960
34967
34980
34994
35001
35013
35017
35029
35040
35054
35054
35054
35055
35057
35057
35064
35073
35085
35085
35089
35091
35091
35093
35095
35098
35123
35129
35132
35136
35145
35152
35167
35169
35171
35184
35191
35195
35196
35203
35205
35206
35209
35218
35226
35229
35240
35243
35264
35288
35316
35316
35323
35326
35328
35330
35340
35352
35356
35370
35377
35381
35398
35420
35426
35439
35474
35478
35480
35481
35491
35503
35503
35504
35509
35517
35552
35559
35587
35590
35590
35598
35604
35623
35629
35629
35645
35662
35665
35666
35679
35684
35685
35687
35687
35696
35704
35708
35712
35722
35761
35770
35787
35794
35794
35811
35839
35839
35856
35884
35892
35892
35898
35902
35909
35920
35958
35959
35971
35986
35990
36005
36017
36029
36031
36037
36074
36076
36076
36083
36087
36103
36138
36147
36159
36162
36176
36177
36179
36188
36192
36209
36223
36224
36227
36230
36233
36234
36238
36239
36244
36246
36246
36267
36279
36280
36287
36291
36292
36294
36319
36325
36326
36335
36358
36375
36382
36383
36384
36387
36388
36389
36396
36402
36413
36420
36425
36427
36435
36446
36452
36461
36470
36482
36497
36503
36509
36521
36521
36529
36538
36545
36546
36595
36597
36600
36607
36609
36625
36627
36664
36677
36681
36692
36709
36724
36732
36735
36737
36738
36755
36756
36761
36764
36778
36786
36801
36804
36821
36829
36846
36852
36861
36883
36891
36897
36900
36910
36910
36923
36933
36939
36939
36950
36956
36959
36961
36962
36971
36972
36988
36990
37003
37008
37025
37035
37039
37039
37039
37053
37056
37059
37059
37060
37062
37063
37082
37088
37092
37098
37100
37109
37115
37131
37158
37186
37192
37201
37204
37205
37205
37212
37218
37232
37237
37240
37240
37244
37248
37275
37284
37286
37292
37304
37348
37350
37367
37373
37386
37395
37396
37407
37407
37410
37415
37419
37433
37436
37440
37443
37444
37464
37471
37480
37495
37530
37544
37578
37580
37587
37589
37604
37615
37616
37620
37627
37635
37639
37644
37649
37650
37682
37686
37690
37694
37710
37714
37715
37717
37720
37726
37726
37742
37744
37746
37752
37752
37764
37766
37775
37778
37779
37794
37799
37807
37808
37809
37821
37827
37838
37838
37841
37844
37848
37851
37866
37869
37877
37877
37878
37892
37893
37901
37907
37910
37913
37918
37927
37936
37940
37959
37962
37978
37984
37986
37998
38009
38009
38016
38018
38049
38061
38070
38072
38081
38086
38103
38108
38117
38124
38126
38130
38147
38150
38156
38158
38160
38163
38167
38183
38185
38189
38190
38197
38208
38213
38216
38219
38220
38234
38234
38241
38243
38243
38245
38248
38262
38273
38291
38307
38312
38315
38316
38319
38330
38342
38346
38358
38358
38359
38374
38385
38386
38387
38391
38392
38395
38396
38402
38411
38413
38422
38445
38446
38455
38466
38469
38488
38489
38489
38492
38497
38520
38524
38531
38532
38541
38544
38547
38549
38562
38575
38583
38585
38593
38599
38607
38613
38621
38641
38643
38648
38650
38676
38708
38713
38716
38720
38724
38739
38743
38745
38749
38750
38770
38772
38774
38775
38778
38790
38798
38805
38813
38816
38821
38823
38838
38875
38877
38883
38899
38900
38908
38911
38924
38936
38938
38939
38949
38957
38965
38968
38971
38974
38978
38995
39005
39015
39016
39022
39027
39033
39036
39050
39061
39071
39077
39090
39093
39095
39097
39100
39108
39108
39109
39113
39137
39137
39149
39150
39182
39207
39217
39217
39225
39244
39250
39257
39260
39268
39272
39279
39288
39289
39323
39324
39329
39333
39334
39344
39344
39355
39367
39372
39384
39420
39425
39455
39463
39463
39478
39484
39490
39513
39526
39528
39544
39551
39559
39593
39594
39599
39605
39615
39615
39621
39629
39642
39645
39657
39678
39683
39690
39695
39704
39716
39726
39734
39735
39742
39748
39757
39769
39769
39770
39775
39783
39789
39792
39802
39813
39815
39823
39856
39864
39880
39914
39918
39925
39925
39935
39946
39952
39969
39975
39975
39983
39986
39987
39989
39993
40017
40019
40035
40048
40054
40055
40067
40075
40083
40102
40124
40134
40134
40139
40146
40147
40161
40174
40183
40225
40242
40243
40253
40265
40271
40271
40296
40303
40304
40309
40318
40323
40324
40333
40346
40365
40368
40384
40386
40402
40402
40402
40413
40428
40430
40432
40452
40455
40481
40512
40529
40553
40562
40562
40572
40572
40573
40581
40590
40592
40595
40602
40610
40622
40623
40625
40628
40628
40652
40654
40680
40695
40700
40701
40735
40738
40744
40774
40797
40802
40810
40813
40813
40814
40836
40848
40861
40869
40877
40886
40889
40893
40909
40910
40912
40915
40934
40954
40990
40993
40995
40996
41011
41017
41018
41061
41061
41063
41076
41084
41088
41097
41103
41109
41120
41121
41136
41146
41166
41171
41232
41240
41257
41273
41274
41280
41281
41287
41298
41302
41308
41310
41332
41333
41341
41352
41353
41359
41366
41382
41387
41390
41392
41394
41407
41408
41409
41411
41422
41423
41443
41456
41459
41492
41493
41495
41515
41519
41529
41537
41544
41554
41564
41572
41576
41580
41586
41591
41595
41595
41596
41607
41617
41618
41643
41652
41665
41687
41688
41696
41712
41717
41725
41725
41733
41733
41736
41740
41741
41742
41747
41759
41768
41769
41785
41787
41788
41791
41798
41803
41806
41829
41835
41838
41839
41841
41848
41854
41871
41878
41910
41939
41942
41958
41959
41959
41962
41963
41967
41975
41979
41980
41983
41984
41994
41998
42009
42010
42017
42027
42041
42043
42046
42051
42053
42055
42063
42065
42073
42077
42082
42088
42098
42112
42116
42123
42127
42137
42144
42155
42188
42196
42205
42207
42218
42250
42265
42280
42282
42287
42290
42314
42339
42351
42354
42375
42390
42392
42392
42408
42415
42422
42425
42444
42452
42453
42457
42465
42474
42484
42492
42492
42516
42524
42526
42534
42537
42539
42545
42553
42554
42554
42565
42571
42573
42575
42576
42579
42595
42599
42602
42603
42610
42616
42620
42639
42642
42659
42673
42678
42689
42695
42706
42711
42723
42724
42730
42740
42748
42757
42758
42773
42804
42808
42827
42831
42835
42847
42865
42867
42872
42880
42882
42886
42898
42901
42914
42931
42934
42935
42937
42947
42959
42963
42968
42969
42975
42976
42977
42984
42985
42989
42993
42998
43010
43030
43034
43044
43070
43084
43085
43097
43110
43118
43129
43132
43133
43133
43134
43136
43145
43158
43180
43186
43209
43228
43238
43241
43247
43254
43261
43276
43283
43288
43291
43298
43322
43337
43339
43346
43351
43354
43385
43386
43386
43391
43392
43394
43397
43402
43410
43424
43429
43439
43443
43443
43454
43466
43469
43472
43475
43495
43509
43518
43529
43534
43536
43546
43549
43553
43555
43561
43565
43569
43615
43647
43697
43697
43720
43721
43730
43736
43736
43742
43751
43759
43759
43781
43788
43805
43818
43818
43819
43822
43826
43831
43862
43877
43882
43891
43896
43901
43905
43930
43961
43966
43971
43980
43988
44017
44030
44048
44052
44070
44082
44083
44085
44086
44093
44109
44115
44117
44127
44156
44196
44211
44218
44240
44247
44297
44303
44305
44312
44319
44329
44331
44339
44378
44381
44387
44390
44391
44394
44394
44404
44407
44414
44437
44464
44468
44478
44485
44497
44534
44551
44564
44568
44569
44569
44579
44583
44606
44621
44644
44668
44670
44689
44705
44730
44739
44762
44763
44768
44770
44772
44772
44789
44795
44809
44812
44831
44843
44852
44861
44868
44873
44885
44928
44929
44933
44955
44962
45004
45009
45028
45082
45094
45095
45108
45122
45135
45143
45150
45189
45248
45249
45249
45259
45328
45339
45344
45374
45383
45386
45388
45443
45454
45464
45498
45510
45543
45545
45555
45565
45575
45602
45622
45633
45645
45649
45656
45715
45721
45735
45769
45788
45793
45812
45837
45837
45847
45850
45968
45984
46000
46015
46031
46047
46067
46128
46141
46143
46143
46157
46162
46167
46196
46199
46216
46217
46222
46224
46283
46307
46312
46318
46321
46322
46335
46336
46347
46349
46360
46369
46386
46389
46415
46417
46443
46444
46469
46473
46523
46536
46546
46553
46563
46590
46594
46617
46620
46620
46627
46675
46682
46683
46704
46711
46751
46759
46762
46770
46797
46804
46818
46835
46840
46846
46855
46855
46867
46878
46887
46887
46894
46922
46925
46960
46971
46986
46994
47007
47008
47017
47019
47028
47070
47093
47117
47127
47127
47130
47145
47158
47174
47177
47181
47196
47206
47213
47214
47217
47218
47238
47259
47282
47284
47285
47286
47312
47323
47343
47364
47381
47384
47388
47388
47405
47408
47412
47429
47437
47446
47448
47452
47453
47468
47484
47489
47495
47497
47497
47499
47500
47513
47526
47527
47527
47527
47531
47544
47545
47547
47584
47694
47723
47780
47799
47805
47829
47840
47947
48020
48066
48082
48095
48107
48128
48139
48186
48225
48284
48297
48337
48369
48379
48442
48479
48497
48502
48522
48534
48543
48546
48568
48570
48574
48581
48596
48598
48598
48598
48604
48613
48681
48691
48705
48711
48716
48731
48758
48769
48779
48781
48790
48810
48813
48818
48825
48832
48839
48843
48855
48872
48879
48880
48919
48939
48946
48946
48949
48958
48972
49010
49014
49015
49016
49023
49029
49032
49034
49036
49044
49058
49076
49077
49077
49081
49085
49100
49122
49132
49135
49173
49179
49181
49185
49187
49198
49204
49225
49227
49228
49231
49239
49246
49248
49255
49264
49269
49272
49281
49281
49283
49287
49289
49305
49313
49317
49322
49339
49340
49346
49359
49373
49374
49375
49377
49397
49407
49408
49429
49441
49444
49445
49447
49455
49466
49467
49494
49498
49498
49515
49520
49526
49529
49588
49641
49644
49719
49724
49810
49811
49847
49867
49871
49892
49926
49932
49936
49937
49956
49981
50029
50046
50050
50078
50079
50082
50141
50152
50155
50167
50173
50224
50308
50315
50399
50414
50419
50436
50466
50475
50482
50513
50514
50518
50520
50523
50533
50542
50548
50562
50564
50567
50568
50590
50591
50591
50594
50594
50611
50627
50628
50636
50644
50653
50663
50677
50688
50689
50689
50705
50708
50709
50723
50728
50728
50740
50745
50749
50751
50758
50768
50769
50772
50772
50791
50817
50850
50861
50868
50868
50872
50879
50904
50921
50930
50933
50953
50958
50971
50997
51005
51014
51031
51034
51037
51050
51053
51054
51056
51061
51064
51073
51096
51099
51102
51112
51127
51141
51147
51155
51163
51168
51170
51173
51188
51192
51212
51219
51252
51262
51264
51265
51268
51272
51284
51287
51310
51313
51324
51332
51342
51345
51349
51358
51381
51383
51398
51402
51412
51415
51421
51430
51432
51435
51448
51462
51472
51501
51503
51504
51511
51516
51522
51526
51528
51530
51531
51534
51544
51545
51573
51575
51575
51577
51580
51582
51625
51636
51644
51677
51688
51688
51689
51707
51709
51720
51751
51769
51794
51820
51835
51841
51851
51878
51879
51888
51892
51936
51937
51952
51952
51968
51984
51986
51987
52002
52010
52012
52014
52015
52017
52020
52027
52054
52078
52084
52084
52086
52088
52118
52123
52138
52143
52145
52155
52157
52170
52171
52183
52206
52212
52222
52238
52240
52272
52277
52297
52317
52330
52338
52347
52365
52368
52393
52415
52430
52438
52449
52454
52484
52509
52515
52517
52524
52527
52534
52537
52555
52557
52560
52568
52576
52584
52588
52617
52622
52629
52634
52640
52645
52647
52651
52657
52673
52676
52677
52686
52695
52698
52699
52703
52713
52726
52730
52732
52740
52743
52750
52760
52778
52810
52810
52826
52829
52882
52883
52884
52912
52916
52918
52921
52927
52936
52944
52944
52950
52966
52983
52983
52988
52992
53000
53012
53020
53022
53028
53044
53049
53061
53063
53067
53070
53075
53076
53083
53091
53096
53102
53112
53117
53125
53125
53139
53150
53151
53152
53164
53167
53169
53176
53183
53202
53206
53208
53231
53232
53233
53245
53250
53259
53260
53264
53270
53278
53283
53283
53286
53287
53301
53307
53311
53313
53315
53317
53319
53337
53340
53355
53356
53360
53362
53368
53401
53418
53442
53444
53452
53464
53475
53503
53521
53522
53528
53530
53542
53546
53555
53560
53572
53572
53587
53587
53592
53598
53622
53629
53662
53666
53671
53673
53686
53712
53716
53724
53729
53735
53742
53743
53755
53758
53776
53776
53836
53841
53854
53860
53865
53868
53872
53885
53900
53903
53928
53932
53933
53939
53941
53958
54005
54014
54022
54037
54037
54054
54064
54072
54076
54084
54092
54103
54107
54132
54141
54153
54154
54156
54179
54190
54218
54218
54220
54221
54222
54236
54277
54284
54304
54312
54327
54350
54354
54357
54373
54401
54414
54418
54421
54438
54447
54450
54462
54494
54499
54499
54502
54504
54512
54517
54530
54533
54534
54547
54552
54559
54567
54578
54580
54600
54608
54608
54623
54629
54633
54657
54669
54695
54698
54706
54714
54725
54737
54749
54759
54761
54768
54768
54775
54777
54779
54785
54790
54794
54798
54805
54806
54817
54833
54871
54875
54907
54921
54946
54967
54968
55006
55009
55011
55022
55027
55028
55029
55037
55039
55042
55044
55048
55066
55074
55082
55093
55095
55106
55111
55118
55119
55120
55121
55137
55144
55153
55164
55167
55174
55175
55177
55206
55220
55231
55232
55233
55237
55250
55253
55262
55266
55278
55294
55299
55309
55329
55330
55331
55332
55343
55361
55374
55405
55418
55427
55428
55442
55457
55466
55478
55478
55490
55491
55491
55492
55492
55494
55500
55502
55505
55508
55540
55568
55581
55588
55597
55610
55611
55615
55634
55636
55654
55669
55674
55675
55689
55694
55696
55700
55703
55730
55733
55734
55738
55753
55761
55766
55784
55786
55788
55793
55799
55806
55810
55821
55826
55830
55832
55867
55877
55893
55908
55935
55943
55948
55955
55964
55971
55975
55983
55996
55999
56006
56010
56021
56024
56032
56043
56045
56046
56048
56071
56074
56077
56083
56084
56107
56118
56139
56157
56158
56168
56168
56171
56173
56178
56179
56183
56196
56213
56215
56219
56220
56234
56236
56241
56248
56252
56257
56261
56264
56276
56281
56282
56299
56302
56328
56329
56336
56339
56353
56369
56373
56377
56386
56410
56416
56424
56430
56460
56467
56481
56482
56493
56494
56497
56504
56512
56516
56518
56554
56556
56570
56576
56580
56585
56594
56604
56614
56614
56618
56624
56634
56642
56642
56650
56679
56680
56692
56696
56699
56705
56709
56717
56722
56725
56732
56744
56749
56749
56749
56757
56759
56765
56771
56772
56783
56816
56818
56822
56835
56865
56866
56878
56932
56946
56954
56968
56988
56990
56992
56996
56996
57001
57003
57005
57021
57034
57047
57050
57051
57078
57080
57083
57086
57088
57095
57110
57111
57119
57123
57130
57162
57168
57175
57184
57192
57214
57228
57229
57235
57236
57243
57246
57250
57253
57257
57257
57288
57302
57322
57323
57337
57341
57345
57356
57356
57356
57365
57394
57413
57414
57418
57420
57433
57435
57450
57471
57474
57481
57481
57509
57512
57520
57524
57526
57531
57535
57538
57539
57560
57565
57600
57622
57632
57632
57636
57638
57643
57652
57655
57659
57666
57692
57697
57698
57708
57713
57731
57744
57746
57767
57767
57768
57768
57782
57800
57805
57831
57843
57876
57885
57920
57924
57929
57931
57933
57943
57964
57974
57980
57980
57982
57987
57996
58007
58027
58029
58038
58043
58056
58067
58072
58087
58094
58099
58107
58129
58141
58155
58156
58165
58188
58189
58223
58248
58249
58252
58259
58263
58266
58268
58276
58282
58314
58317
58317
58345
58359
58367
58376
58378
58383
58392
58394
58402
58403
58405
58406
58418
58419
58436
58451
58451
58459
58465
58475
58479
58479
58507
58509
58517
58543
58545
58563
58567
58576
58578
58578
58581
58593
58601
58605
58623
58670
58671
58673
58687
58690
58691
58694
58695
58704
58716
58721
58741
58759
58761
58762
58808
58829
58835
58835
58843
58843
58870
58880
58885
58886
58908
58917
58922
58928
58930
58939
58949
58978
58983
58992
59006
59032
59041
59051
59066
59072
59072
59074
59091
59093
59115
59123
59127
59129
59132
59136
59138
59144
59150
59161
59164
59168
59178
59180
59188
59216
59222
59231
59232
59244
59247
59253
59255
59261
59276
59289
59294
59316
59349
59365
59368
59369
59413
59414
59415
59421
59432
59443
59471
59472
59473
59477
59477
59493
59513
59520
59528
59536
59546
59550
59555
59558
59562
59562
59596
59601
59605
59609
59611
59628
59636
59639
59666
59678
59682
59695
59704
59713
59713
59721
59721
59725
59732
59734
59768
59779
59786
59791
59798
59805
59813
59822
59829
59829
59838
59838
59842
59848
59850
59859
59879
59884
59891
59905
59912
59913
59938
59952
59965
59975
59978
59985
59986
60008
60011
60019
60020
60029
60029
60030
60037
60053
60054
60087
60089
60096
60112
60112
60119
60120
60129
60129
60164
60180
60186
60192
60194
60195
60199
60209
60214
60220
60230
60231
60243
60244
60250
60256
60262
60266
60268
60278
60289
60313
60324
60339
60344
60348
60349
60353
60354
60354
60357
60364
60371
60374
60390
60402
60403
60405
60413
60438
60445
60450
60453
60454
60456
60456
60470
60473
60476
60479
60479
60496
60496
60497
60526
60535
60552
60566
60570
60578
60579
60585
60596
60597
60631
60641
60648
60650
60661
60668
60672
60679
60681
60691
60694
60701
60702
60708
60714
60717
60727
60730
60731
60732
60735
60736
60764
60790
60792
60816
60828
60831
60837
60843
60855
60855
60863
60882
60889
60892
60897
60909
60915
60916
60921
60925
60930
60941
60946
60953
60955
60980
60986
60999
61000
61004
61010
61014
61026
61030
61032
61037
61056
61062
61064
61064
61072
61076
61082
61086
61103
61109
61115
61123
61145
61148
61153
61161
61170
61186
61193
61215
61227
61240
61245
61253
61256
61273
61280
61283
61284
61300
61301
61301
61303
61304
61332
61334
61339
61342
61348
61351
61357
61363
61391
61400
61405
61407
61419
61442
61445
61467
61467
61495
61508
61515
61527
61527
61537
61589
61592
61596
61596
61598
61634
61640
61661
61662
61702
61719
61766
61768
61768
61787
61807
61827
61827
61830
61844
61876
61881
61884
61886
61901
61907
61915
61928
61941
61948
61949
61953
61969
61984
61992
62003
62005
62014
62032
62045
62067
62076
62082
62093
62119
62129
62160
62179
62180
62185
62196
62199
62206
62214
62216
62235
62251
62262
62263
62271
62302
62305
62306
62310
62313
62316
62338
62356
62399
62403
62446
62447
62453
62458
62459
62463
62463
62498
62514
62527
62545
62648
62652
62652
62719
62823
62860
62865
62959
63010
63025
63026
63111
63155
63173
63175
63182
63194
63380
63389
63419
63426
63429
63434
63438
63451
63452
63454
63473
63488
63512
63602
63644
63732
63752
63804
63830
63844
63868
63976
64001
64171
64257
64274
64295
64324
64329
64371
64377
64382
64383
64408
64424
64435
64436
64448
64462
64474
64475
64506
64515
64517
64520
64562
64566
64579
64587
64589
64590
64607
64628
64640
64661
64671
64674
64710
64717
64757
64761
64772
64780
64787
64801
64805
64857
64862
64878
64899
64905
64905
64911
64923
64941
64951
64976
65041
65046
65061
65065
65069
65093
65132
65173
65173
65173
65227
65235
65237
65240
65244
65270
65277
65280
65284
65293
65300
65328
65332
65341
65356
65401
65416
65435
65438
65453
65485
65486
65490
65531
65535
65536
65537
65539
65552
65566
65567
65599
65600
65623
65655
65660
65705
65719
65725
65731
65748
65758
65758
65798
65801
65814
65825
65826
65830
65832
65856
65858
65882
65890
65896
65913
65923
65938
65938
65943
65954
65963
65980
65982
65991
66017
66019
66038
66043
66053
66059
66067
66068
66083
66084
66111
66125
66138
66164
66171
66190
66200
66204
66205
66212
66231
66237
66240
66247
66265
66276
66279
66297
66318
66336
66346
66350
66371
66404
66418
66418
66422
66423
66427
66434
66436
66437
66446
66464
66472
66476
66498
66512
66512
66521
66545
66556
66571
66573
66573
66592
66598
66629
66640
66646
66658
66680
66688
66702
66718
66748
66752
66753
66765
66788
66803
66804
66808
66827
66827
66832
66836
66846
66859
66861
66863
66868
66868
66900
66902
66920
66932
66948
66960
66964
66971
66974
66977
66978
66979
67007
67037
67037
67039
67042
67057
67064
67072
67073
67073
67093
67094
67099
67115
67118
67139
67149
67150
67151
67161
67177
67187
67190
67202
67203
67205
67217
67222
67240
67249
67261
67287
67296
67305
67314
67317
67319
67325
67327
67335
67336
67344
67349
67354
67357
67369
67372
67373
67384
67384
67405
67426
67427
67430
67441
67448
67453
67456
67473
67477
67479
67488
67496
67519
67519
67529
67541
67542
67584
67585
67588
67590
67591
67613
67616
67633
67634
67636
67638
67657
67681
67684
67728
67751
67766
67766
67778
67786
67789
67790
67791
67798
67800
67806
67822
67827
67860
67862
67864
67869
67870
67898
67919
67921
67923
67924
67935
67937
67941
67947
67958
67978
67980
67984
67986
68024
68040
68057
68063
68064
68070
68082
68083
68089
68092
68093
68103
68108
68113
68120
68124
68141
68144
68160
68165
68175
68191
68202
68224
68226
68254
68275
68280
68285
68297
68323
68326
68336
68356
68357
68357
68362
68369
68371
68375
68383
68391
68393
68405
68423
68425
68431
68441
68441
68445
68446
68446
68453
68470
68476
68483
68484
68492
68498
68502
68515
68516
68518
68536
68549
68557
68569
68570
68572
68575
68581
68583
68584
68638
68658
68663
68665
68669
68671
68679
68704
68711
68750
68755
68762
68763
68798
68801
68809
68817
68834
68858
68876
68877
68886
68891
68897
68910
68917
68924
68937
68954
68959
68960
68963
68964
68964
68977
68987
68993
68998
69015
69017
69033
69055
69061
69067
69105
69111
69121
69129
69143
69172
69182
69184
69189
69210
69222
69230
69247
69249
69261
69266
69267
69289
69314
69317
69321
69322
69323
69337
69340
69342
69347
69356
69374
69377
69390
69397
69407
69407
69420
69423
69450
69455
69480
69486
69488
69491
69497
69499
69524
69527
69554
69554
69565
69618
69624
69629
69631
69640
69657
69665
69668
69679
69698
69710
69721
69732
69732
69735
69744
69751
69769
69788
69792
69796
69798
69805
69814
69835
69844
69858
69860
69873
69873
69876
69886
69888
69893
69901
69907
69923
69951
69968
69969
69969
69974
69979
69982
69984
69992
70012
70020
70026
70026
70035
70036
70049
70051
70053
70062
70084
70095
70101
70104
70116
70137
70138
70138
70147
70181
70189
70197
70205
70208
70233
70235
70239
70241
70242
70254
70257
70268
70307
70326
70328
70340
70352
70353
70368
70382
70383
70396
70396
70402
70411
70412
70441
70442
70455
70461
70467
70472
70474
70474
70512
70517
70518
70524
70525
70529
70532
70538
70548
70555
70562
70564
70577
70586
70589
70591
70593
70608
70639
70640
70653
70661
70664
70666
70676
70678
70694
70699
70718
70719
70726
70733
70741
70753
70756
70762
70764
70764
70782
70784
70793
70794
70808
70811
70814
70814
70844
70847
70851
70857
70859
70871
70909
70910
70912
70922
70924
70933
70953
70955
70964
70964
70971
70984
70986
70987
70993
70997
71011
71018
71038
71041
71049
71050
71067
71075
71091
71100
71134
71141
71159
71171
71175
71202
71216
71227
71231
71232
71233
71237
71249
71258
71296
71297
71304
71323
71329
71364
71378
71388
71416
71424
71430
71434
71438
71446
71447
71455
71482
71488
71494
71496
71501
71515
71540
71573
71575
71578
71579
71584
71591
71591
71604
71609
71609
71613
71630
71638
71643
71647
71653
71656
71660
71661
71668
71670
71674
71680
71688
71688
71710
71712
71716
71719
71737
71749
71766
71773
71777
71781
71781
71793
71793
71817
71822
71827
71830
71832
71870
71870
71880
71885
71886
71900
71901
71902
71924
71925
71942
71944
71946
71956
71970
71974
71974
71980
71987
71990
71992
72010
72015
72015
72015
72017
72025
72045
72045
72046
72053
72065
72067
72090
72099
72119
72134
72150
72153
72173
72177
72189
72193
72195
72200
72203
72218
72228
72230
72230
72239
72243
72245
72277
72291
72291
72293
72294
72310
72322
72323
72333
72363
72364
72366
72368
72374
72375
72390
72392
72393
72394
72397
72399
72404
72414
72416
72417
72422
72431
72432
72434
72442
72442
72454
72455
72457
72464
72473
72473
72474
72474
72510
72511
72519
72522
72527
72534
72538
72539
72541
72543
72553
72558
72570
72585
72587
72607
72608
72622
72640
72640
72641
72649
72657
72682
72709
72717
72719
72723
72727
72734
72735
72739
72744
72758
72763
72763
72765
72765
72767
72770
72776
72787
72793
72803
72810
72823
72828
72845
72845
72851
72856
72872
72879
72903
72903
72911
72913
72918
72926
72927
72939
72941
72947
72961
72997
73033
73038
73041
73042
73048
73050
73052
73058
73061
73064
73065
73082
73090
73096
73099
73111
73142
73147
73152
73170
73172
73185
73188
73209
73226
73226
73228
73237
73240
73249
73261
73283
73294
73317
73341
73348
73357
73359
73360
73385
73386
73398
73406
73418
73440
73453
73469
73472
73492
73498
73503
73508
73508
73512
73531
73558
73585
73589
73598
73603
73609
73624
73629
73642
73673
73676
73678
73679
73688
73694
73701
73715
73723
73733
73735
73754
73766
73774
73781
73790
73802
73804
73810
73811
73813
73817
73818
73820
73829
73838
73851
73852
73855
73863
73873
73891
73891
73895
73912
73941
73942
73946
73949
73952
73963
73986
73988
74005
74012
74014
74022
74028
74033
74043
74043
74044
74047
74053
74069
74096
74106
74108
74111
74116
74130
74133
74134
74149
74157
74168
74191
74220
74235
74239
74247
74250
74255
74260
74261
74265
74269
74276
74285
74296
74307
74313
74324
74343
74348
74350
74357
74360
74374
74378
74395
74402
74403
74403
74403
74417
74427
74439
74449
74454
74461
74479
74521
74546
74548
74557
74558
74565
74567
74567
74584
74587
74598
74600
74601
74621
74654
74665
74666
74672
74676
74679
74691
74694
74695
74702
74707
74709
74719
74721
74733
74733
74736
74741
74741
74745
74761
74761
74764
74769
74774
74774
74778
74780
74790
74793
74798
74803
74811
74818
74822
74824
74825
74830
74843
74845
74850
74852
74858
74864
74867
74867
74875
74875
74892
74900
74907
74918
74920
74927
74939
74942
74948
74949
74950
74952
74968
74974
74985
74985
75009
75017
75020
75024
75025
75031
75035
75045
75047
75058
75065
75075
75085
75098
75100
75110
75130
75130
75133
75141
75143
75165
75168
75176
75186
75189
75190
75191
75195
75205
75215
75219
75222
75224
75224
75228
75232
75234
75250
75255
75267
75267
75274
75277
75280
75300
75301
75318
75330
75337
75341
75346
75348
75350
75359
75380
75382
75392
75400
75401
75403
75403
75405
75407
75407
75419
75419
75422
75433
75456
75460
75461
75473
75477
75481
75488
75489
75504
75504
75509
75521
75523
75527
75529
75533
75537
75542
75564
75567
75570
75575
75586
75594
75597
75613
75615
75617
75652
75654
75665
75671
75671
75676
75677
75683
75703
75724
75744
75745
75754
75755
75759
75762
75774
75784
75784
75787
75789
75796
75804
75813
75814
75814
75820
75823
75841
75847
75850
75855
75873
75876
75881
75888
75889
75892
75899
75906
75908
75922
75956
75995
75998
76009
76010
76014
76019
76025
76047
76057
76057
76069
76070
76073
76083
76085
76085
76105
76107
76110
76112
76119
76124
76126
76184
76185
76197
76205
76213
76214
76225
76234
76236
76240
76243
76248
76258
76260
76276
76310
76321
76332
76344
76347
76348
76350
76352
76353
76356
76358
76362
76374
76386
76393
76419
76420
76435
76442
76460
76463
76477
76479
76486
76497
76502
76507
76524
76549
76557
76584
76599
76606
76608
76609
76611
76622
76633
76638
76642
76647
76660
76670
76673
76675
76699
76702
76717
76727
76733
76734
76738
76739
76749
76753
76757
76757
76792
76796
76797
76797
76797
76814
76820
76827
76839
76843
76850
76851
76863
76866
76875
76876
76877
76890
76893
76896
76907
76907
76909
76937
76938
76975
76977
76977
76980
77008
77010
77013
77030
77038
77040
77048
77053
77086
77093
77101
77115
77124
77131
77133
77151
77152
77184
77199
77213
77223
77230
77235
77246
77262
77275
77280
77282
77285
77297
77300
77307
77321
77323
77334
77337
77343
77344
77348
77349
77352
77355
77358
77362
77374
77385
77391
77392
77406
77425
77426
77430
77447
77460
77461
77466
77471
77476
77484
77494
77496
77511
77511
77515
77517
77527
77539
77547
77553
77561
77570
77575
77577
77579
77582
77595
77611
77617
77623
77624
77631
77636
77665
77666
77674
77677
77677
77681
77691
77694
77708
77735
77737
77746
77750
77769
77774
77785
77791
77795
77801
77802
77805
77826
77829
77837
77843
77843
77846
77849
77852
77878
77888
77900
77983
77985
77989
77998
78001
78046
78061
78066
78071
78093
78109
78135
78140
78149
78166
78174
78176
78183
78195
78196
78210
78238
78244
78250
78264
78270
78286
78288
78289
78293
78297
78334
78343
78346
78352
78359
78361
78364
78368
78371
78385
78386
78391
78394
78398
78413
78427
78440
78454
78469
78469
78474
78475
78481
78487
78493
78499
78523
78527
78535
78546
78550
78556
78561
78567
78569
78579
78590
78617
78632
78637
78647
78651
78665
78671
78683
78697
78697
78701
78703
78706
78711
78724
78727
78733
78750
78760
78761
78762
78766
78766
78770
78776
78789
78792
78797
78812
78815
78818
78820
78857
78862
78875
78887
78892
78897
78899
78912
78927
78942
78944
78947
78951
78957
78960
78971
78972
78974
78995
78996
79000
79010
79016
79017
79040
79043
79053
79062
79067
79079
79079
79086
79093
79094
79102
79112
79115
79131
79134
79137
79137
79139
79154
79166
79170
79175
79186
79191
79211
79215
79220
79228
79228
79229
79229
79232
79237
79242
79248
79265
79265
79285
79300
79307
79322
79327
79329
79331
79333
79346
79356
79365
79372
79412
79421
79443
79444
79446
79455
79464
79497
79499
79541
79554
79555
79571
79573
79576
79595
79601
79606
79611
79616
79629
79629
79665
79678
79724
79728
79746
79779
79791
79837
79856
79877
79880
79925
79934
80004
80083
80101
80119
80121
80123
80136
80186
80192
80194
80222
80241
80299
80300
80329
80361
80365
80380
80425
80432
80469
80478
80481
80508
80511
80514
80526
80531
80547
80547
80568
80601
80617
80657
80668
80724
80732
80770
80771
80807
80867
80867
80945
80962
80967
80976
81023
81028
81082
81123
81125
81141
81152
81154
81189
81197
81218
81246
81246
81253
81255
81264
81266
81293
81297
81317
81325
81346
81377
81396
81399
81445
81455
81516
81543
81554
81556
81565
81597
81603
81625
81654
81715
81731
81762
81779
81796
81797
81809
81816
81835
81848
81882
81889
81913
81918
81943
81959
82029
82045
82051
82078
82083
82097
82235
82248
82285
82299
82317
82330
82347
82352
82360
82360
82384
82401
82406
82433
82468
82494
82498
82512
82527
82545
82546
82565
82586
82593
82606
82635
82636
82659
82676
82678
82705
82717
82722
82733
82737
82743
82758
82769
82770
82790
82794
82823
82836
82843
82855
82859
82904
82936
82946
82988
82998
83021
83058
83079
83079
83090
83120
83151
83159
83159
83162
83165
83212
83224
83271
83272
83283
83296
83301
83301
83310
83313
83320
83346
83352
83353
83361
83367
83378
83386
83390
83400
83412
83418
83421
83435
83449
83465
83477
83481
83485
83504
83545
83548
83556
83557
83561
83562
83569
83588
83599
83613
83613
83613
83647
83652
83653
83667
83668
83674
83694
83711
83724
83727
83730
83737
83740
83743
83748
83757
83758
83770
83783
83798
83806
83819
83845
83850
83854
83893
83921
83951
83952
83954
83963
83964
83995
84008
84012
84014
84025
84033
84038
84039
84048
84060
84094
84123
84131
84145
84168
84174
84181
84183
84197
84200
84234
84239
84248
84256
84273
84278
84289
84313
84317
84321
84337
84344
84345
84348
84351
84355
84361
84368
84371
84379
84407
84410
84439
84451
84461
84467
84479
84486
84490
84491
84508
84509
84519
84526
84542
84553
84556
84594
84595
84598
84610
84629
84664
84695
84699
84704
84711
84730
84737
84738
84743
84746
84760
84764
84766
84781
84801
84823
84825
84827
84828
84844
84848
84856
84862
84868
84897
84901
84903
84914
84921
84937
84945
84954
84962
84968
84985
84998
85003
85005
85007
85011
85011
85036
85048
85062
85063
85066
85074
85081
85111
85119
85130
85135
85142
85152
85168
85183
85194
85201
85263
85270
85271
85272
85280
85298
85306
85306
85311
85311
85315
85322
85332
85352
85352
85363
85369
85395
85404
85408
85412
85413
85415
85450
85464
85487
85491
85494
85506
85514
85553
85564
85585
85589
85597
85638
85641
85648
85657
85664
85670
85698
85704
85712
85719
85724
85725
85729
85730
85731
85753
85759
85763
85768
85778
85782
85798
85827
85828
85832
85838
85839
85840
85870
85880
85880
85887
85917
85924
85928
85940
85944
85946
85946
85957
85966
85969
85969
85977
85978
85986
86004
86031
86034
86051
86055
86071
86072
86073
86099
86107
86111
86115
86133
86143
86179
86180
86182
86189
86197
86203
86214
86234
86244
86261
86262
86264
86268
86282
86283
86291
86317
86330
86333
86338
86364
86369
86387
86395
86429
86451
86472
86474
86476
86487
86500
86507
86523
86531
86532
86543
86546
86548
86584
86587
86588
86592
86600
86601
86607
86607
86613
86619
86622
86622
86624
86641
86643
86651
86666
86682
86693
86700
86705
86727
86731
86739
86745
86751
86754
86758
86758
86762
86765
86765
86767
86782
86805
86820
86825
86853
86854
86878
86882
86912
86913
86915
86915
86919
86922
86923
86923
86924
86935
86938
86944
86955
86957
86981
86992
86993
86997
87003
87008
87019
87035
87048
87056
87056
87093
87100
87104
87110
87137
87139
87154
87167
87182
87192
87195
87196
87208
87217
87218
87235
87240
87271
87279
87280
87286
87288
87288
87293
87313
87334
87341
87351
87352
87414
87422
87430
87437
87445
87447
87448
87476
87479
87484
87492
87493
87499
87530
87534
87552
87571
87583
87604
87623
87627
87643
87651
87659
87666
87669
87684
87686
87688
87697
87701
87712
87748
87752
87753
87761
87766
87786
87791
87793
87794
87814
87820
87825
87830
87861
87867
87872
87880
87883
87888
87895
87898
87899
87914
87956
87968
87970
87973
87976
87991
87991
88001
88005
88014
88020
88024
88033
88048
88053
88054
88058
88058
88059
88062
88065
88068
88075
88075
88077
88084
88085
88085
88090
88104
88122
88125
88136
88150
88165
88203
88214
88225
88226
88227
88228
88231
88235
88246
88247
88257
88265
88271
88277
88289
88291
88292
88293
88293
88304
88309
88314
88343
88356
88367
88384
88392
88405
88408
88410
88414
88426
88427
88463
88465
88498
88499
88519
88527
88530
88542
88544
88562
88565
88575
88580
88594
88595
88604
88619
88620
88625
88630
88635
88671
88678
88694
88706
88715
88720
88732
88737
88740
88741
88745
88756
88761
88763
88771
88781
88789
88794
88795
88798
88811
88822
88826
88846
88848
88853
88858
88859
88860
88864
88871
88889
88896
88913
88920
88922
88926
88926
88929
88957
88980
88981
88990
88992
88993
88993
88994
89007
89015
89023
89026
89032
89040
89053
89059
89062
89074
89079
89101
89114
89123
89133
89145
89147
89165
89168
89169
89172
89174
89179
89179
89183
89204
89209
89227
89234
89237
89247
89252
89267
89267
89268
89271
89271
89286
89297
89301
89301
89302
89312
89316
89317
89318
89320
89321
89321
89330
89341
89346
89360
89363
89364
89366
89373
89374
89388
89418
89425
89428
89449
89453
89460
89470
89471
89479
89488
89489
89509
89511
89515
89515
89529
89531
89553
89555
89556
89584
89590
89593
89601
89646
89647
89649
89664
89668
89671
89676
89680
89684
89706
89718
89764
89773
89776
89779
89779
89783
89789
89801
89819
89842
89843
89845
89848
89861
89882
89897
89897
89908
89910
89911
89917
89918
89941
89942
89966
89970
89970
89974
89988
89991
89998
90022
90025
90029
90032
90033
90040
90044
90048
90059
90060
90060
90062
90082
90085
90086
90095
90098
90100
90123
90125
90131
90149
90150
90152
90165
90174
90183
90189
90200
90205
90208
90210
90224
90231
90233
90234
90235
90236
90258
90258
90263
90263
90264
90267
90274
90276
90278
90285
90289
90298
90300
90301
90302
90316
90323
90341
90343
90346
90350
90397
90403
90404
90414
90414
90431
90436
90441
90448
90458
90464
90470
90482
90493
90503
90514
90517
90530
90531
90531
90532
90547
90549
90549
90551
90554
90557
90559
90566
90573
90576
90617
90637
90639
90646
90653
90662
90678
90680
90685
90692
90699
90713
90741
90759
90768
90771
90781
90784
90799
90802
90812
90814
90814
90816
90816
90817
90824
90844
90864
90865
90871
90877
90888
90905
90917
90926
90991
91006
91006
91008
91026
91026
91034
91034
91041
91042
91046
91046
91050
91061
91063
91065
91070
91101
91107
91114
91144
91150
91157
91166
91167
91172
91186
91192
91198
91209
91211
91221
91224
91224
91232
91249
91251
91256
91260
91261
91277
91279
91292
91296
91301
91308
91310
91319
91325
91333
91335
91359
91365
91367
91370
91376
91377
91383
91388
91388
91394
91397
91414
91419
91429
91429
91450
91453
91464
91474
91475
91479
91509
91512
91516
91532
91544
91548
91550
91556
91558
91564
91583
91585
91599
91603
91608
91611
91611
91614
91624
91634
91635
91637
91652
91652
91689
91692
91746
91749
91751
91756
91757
91762
91764
91784
91788
91793
91805
91813
91817
91824
91865
91866
91871
91876
91883
91885
91896
91901
91915
91922
91931
91935
91940
91955
91965
91993
91996
91997
91999
92001
92008
92008
92017
92027
92030
92040
92048
92050
92065
92071
92077
92095
92109
92113
92126
92133
92140
92149
92153
92156
92160
92160
92162
92165
92166
92172
92183
92189
92210
92226
92253
92257
92263
92286
92291
92299
92300
92304
92310
92335
92341
92390
92392
92405
92417
92420
92424
92429
92435
92442
92445
92445
92447
92457
92467
92467
92502
92505
92526
92531
92542
92547
92547
92550
92551
92558
92569
92629
92632
92659
92669
92672
92677
92694
92704
92705
92706
92708
92708
92711
92730
92731
92739
92743
92762
92763
92766
92768
92771
92777
92777
92783
92800
92818
92819
92826
92834
92865
92867
92869
92882
92885
92897
92898
92917
92919
92929
92932
92938
92940
92942
92958
92976
92976
92976
92990
93023
93034
93034
93056
93061
93062
93068
93072
93082
93101
93108
93111
93122
93124
93124
93126
93129
93131
93132
93136
93139
93143
93149
93149
93160
93174
93177
93178
93182
93182
93193
93200
93210
93222
93232
93237
93238
93240
93247
93250
93263
93265
93269
93272
93273
93284
93306
93308
93325
93366
93381
93391
93391
93404
93406
93413
93436
93438
93439
93439
93439
93441
93442
93444
93449
93466
93475
93481
93483
93487
93495
93497
93518
93534
93577
93583
93598
93603
93610
93640
93640
93641
93645
93656
93665
93687
93690
93696
93698
93702
93708
93722
93728
93729
93748
93752
93759
93759
93770
93776
93785
93789
93812
93812
93813
93815
93827
93858
93867
93869
93885
93892
93924
93941
93944
93961
93962
93977
93982
93986
93993
93999
94005
94015
94015
94016
94019
94031
94032
94033
94041
94061
94062
94064
94071
94074
94091
94119
94139
94147
94154
94158
94164
94175
94178
94188
94191
94204
94208
94211
94213
94220
94222
94223
94238
94240
94245
94261
94270
94289
94289
94293
94299
94302
94306
94308
94309
94310
94320
94327
94348
94350
94353
94357
94357
94360
94375
94383
94384
94399
94400
94407
94411
94437
94455
94466
94476
94487
94496
94497
94515
94525
94526
94527
94528
94536
94538
94539
94542
94551
94558
94573
94604
94604
94621
94627
94628
94632
94643
94652
94654
94662
94663
94671
94678
94684
94685
94688
94690
94691
94698
94703
94707
94722
94730
94730
94733
94733
94733
94739
94744
94746
94751
94756
94757
94790
94792
94802
94802
94819
94819
94822
94831
94838
94843
94847
94861
94862
94870
94871
94882
94883
94893
94896
94897
94906
94923
94926
94930
94948
94960
94971
94975
94979
94993
94995
95002
95007
95015
95021
95035
95043
95049
95064
95067
95080
95086
95099
95104
95112
95112
95122
95132
95138
95145
95156
95159
95174
95177
95186
95191
95192
95198
95202
95205
95206
95210
95212
95217
95235
95268
95288
95306
95323
95328
95343
95345
95354
95360
95363
95372
95390
95393
95396
95402
95414
95426
95437
95456
95459
95469
95472
95502
95512
95525
95544
95558
95560
95573
95576
95580
95587
95594
95596
95601
95603
95613
95618
95620
95624
95630
95641
95647
95656
95658
95668
95683
95684
95704
95706
95720
95727
95727
95745
95753
95761
95773
95779
95790
95797
95798
95801
95804
95823
95833
95859
95863
95899
95902
95906
95920
95925
95930
95930
95941
95942
95952
95956
95960
95975
95983
96011
96018
96037
96049
96049
96055
96067
96086
96102
96114
96140
96140
96151
96158
96165
96173
96175
96175
96178
96180
96182
96183
96216
96216
96220
96226
96232
96233
96237
96245
96255
96267
96279
96305
96346
96349
96364
96369
96396
96407
96414
96438
96446
96455
96467
96484
96503
96508
96514
96538
96547
96548
96549
96549
96555
96556
96560
96562
96572
96572
96574
96578
96588
96589
96609
96626
96627
96631
96655
96667
96669
96689
96694
96716
96716
96718
96734
96740
96782
96787
96808
96810
96817
96865
96873
96876
96882
96892
96919
96930
96938
96961
96964
96969
96976
96978
96983
96988
96997
97012
97029
97040
97051
97053
97057
97072
97081
97095
97096
97100
97114
97114
97114
97127
97144
97148
97148
97154
97169
97210
97232
97235
97246
97330
97332
97341
97415
97432
97472
97512
97534
97548
97567
97575
97606
97719
97719
97895
97949
97999
98023
98128
98199
98221
98226
98239
98274
98291
98314
98322
98332
98336
98343
98423
98425
98438
98461
98466
98496
98503
98507
98523
98543
98556
98589
98593
98625
98650
98675
98696
98708
98741
98754
98769
98778
98813
98832
98909
98929
98977
98993
99019
99036
99059
99072
99077
99080
99084
99091
99103
99113
99162
99196
