46
61
81
84
85
86
98
100
120
124
128
128
154
155
158
174
174
184
191
196
196
197
198
201
228
239
240
246
280
281
284
286
292
308
322
326
328
330
330
332
332
363
375
385
387
388
390
391
398
403
405
409
413
446
447
465
466
468
476
486
487
503
515
521
538
539
542
550
551
556
557
584
584
587
590
594
619
619
625
658
669
670
675
679
689
695
700
702
720
720
734
744
748
794
796
816
823
833
847
848
854
859
861
865
905
907
913
927
929
938
953
960
964
983
984
995
1018
1028
1052
1062
1081
1091
1101
1106
1112
1132
1132
1136
1152
1163
1166
1169
1187
1211
1214
1217
1219
1222
1223
1228
1235
1246
1250
1251
1251
1255
1265
1270
1272
1278
1284
1284
1285
1291
1319
1328
1356
1362
1377
1381
1383
1385
1404
1405
1411
1414
1420
1446
1449
1452
1464
1467
1475
1476
1478
1492
1496
1500
1501
1511
1523
1540
1543
1553
1578
1587
1591
1607
1617
1624
1625
1636
1645
1653
1667
1673
1680
1701
1702
1704
1741
1747
1748
1750
1752
1762
1766
1768
1769
1776
1777
1800
1808
1812
1825
1852
1855
1872
1875
1877
1880
1887
1907
1909
1930
1938
1939
1960
1962
1975
1982
1994
2022
2024
2031
2031
2035
2074
2095
2095
2107
2111
2113
2141
2143
2143
2156
2168
2173
2175
2185
2186
2199
2202
2214
2219
2256
2287
2291
2344
2349
2356
2363
2387
2389
2397
2405
2450
2458
2465
2490
2513
2523
2533
2541
2562
2571
2572
2573
2575
2576
2581
2591
2592
2594
2595
2596
2611
2612
2642
2648
2663
2672
2676
2677
2678
2678
2683
2688
2689
2689
2698
2710
2711
2715
2723
2729
2738
2739
2740
2750
2761
2768
2776
2778
2786
2787
2790
2796
2801
2805
2807
2814
2819
2846
2846
2862
2867
2900
2907
2922
2946
2947
2951
2963
2963
2963
2981
2982
2990
2993
3003
3011
3011
3038
3051
3060
3063
3073
3079
3086
3087
3093
3094
3096
3108
3124
3124
3130
3141
3183
3183
3195
3213
3221
3221
3224
3232
3232
3263
3270
3276
3288
3288
3321
3325
3336
3336
3346
3348
3349
3388
3397
3400
3404
3410
3421
3421
3430
3435
3438
3455
3463
3476
3484
3493
3507
3509
3514
3521
3523
3528
3532
3546
3546
3551
3565
3569
3577
3592
3600
3612
3614
3623
3626
3646
3647
3649
3653
3666
3676
3693
3701
3705
3705
3717
3723
3748
3754
3763
3767
3773
3778
3788
3800
3818
3820
3831
3840
3858
3863
3872
3877
3884
3891
3899
3907
3910
3917
3920
3924
3924
3931
3944
3944
3947
3956
3960
3966
3970
3978
3987
3988
3990
4011
4011
4030
4048
4052
4065
4070
4072
4072
4077
4085
4088
4089
4105
4107
4108
4112
4138
4145
4146
4148
4150
4156
4164
4184
4186
4193
4200
4201
4205
4219
4231
4242
4248
4253
4260
4265
4267
4268
4275
4302
4313
4315
4322
4336
4346
4349
4350
4367
4379
4381
4384
4391
4404
4409
4414
4435
4447
4447
4453
4456
4467
4468
4477
4484
4485
4497
4498
4498
4500
4500
4510
4515
4520
4535
4552
4554
4555
4572
4576
4583
4586
4592
4604
4605
4623
4637
4637
4641
4653
4660
4664
4683
4688
4699
4708
4716
4720
4720
4726
4727
4738
4743
4750
4757
4771
4777
4777
4797
4813
4814
4828
4846
4846
4847
4854
4870
4907
4912
4926
4929
4930
4942
4952
4953
4969
4970
4972
4976
4984
4990
4993
5008
5024
5025
5033
5072
5073
5079
5080
5086
5093
5108
5111
5116
5126
5126
5134
5136
5144
5150
5155
5162
5165
5172
5173
5187
5205
5211
5223
5225
5227
5238
5243
5249
5262
5282
5292
5308
5309
5313
5315
5316
5319
5326
5354
5360
5367
5368
5373
5384
5384
5389
5398
5403
5407
5422
5452
5459
5469
5488
5494
5497
5500
5506
5533
5539
5541
5572
5576
5584
5586
5587
5590
5599
5600
5609
5618
5622
5627
5645
5664
5664
5669
5670
5676
5678
5691
5702
5710
5714
5715
5719
5720
5724
5726
5733
5761
5763
5768
5771
5776
5781
5789
5799
5800
5801
5812
5812
5819
5820
5831
5832
5832
5839
5843
5854
5855
5858
5858
5868
5884
5893
5902
5904
5906
5916
5922
5927
5929
5940
5944
5947
5969
5980
6011
6011
6019
6023
6036
6038
6053
6057
6080
6087
6096
6103
6112
6117
6156
6178
6179
6186
6193
6193
6198
6199
6202
6220
6223
6227
6228
6232
6235
6236
6237
6245
6245
6246
6252
6284
6289
6302
6304
6308
6311
6321
6340
6355
6355
6383
6386
6390
6391
6391
6392
6421
6423
6427
6453
6462
6506
6508
6521
6538
6538
6564
6601
6605
6626
6637
6648
6664
6687
6689
6692
6694
6699
6703
6704
6706
6719
6736
6751
6752
6762
6766
6779
6779
6781
6796
6808
6813
6824
6830
6832
6837
6840
6849
6849
6860
6872
6883
6885
6885
6888
6891
6894
6908
6909
6918
6926
6929
6944
6964
6964
6975
6976
6979
6990
7008
7009
7011
7021
7021
7024
7041
7042
7053
7053
7061
7063
7071
7076
7076
7081
7091
7095
7096
7108
7115
7128
7129
7136
7149
7166
7177
7197
7214
7216
7218
7219
7226
7232
7234
7234
7258
7267
7272
7289
7292
7297
7298
7328
7338
7358
7363
7374
7388
7401
7403
7403
7418
7418
7427
7433
7434
7443
7461
7465
7481
7481
7484
7484
7485
7502
7502
7509
7531
7532
7536
7560
7569
7571
7585
7594
7602
7617
7628
7634
7637
7644
7651
7681
7684
7701
7705
7719
7732
7757
7783
7786
7793
7824
7829
7836
7839
7840
7843
7844
7848
7850
7871
7873
7887
7892
7898
7900
7903
7911
7918
7926
7932
7934
7938
7944
7948
7957
7959
7976
7978
7983
7990
8000
8004
8014
8023
8037
8038
8064
8083
8084
8101
8103
8106
8106
8112
8119
8123
8125
8131
8144
8145
8149
8151
8156
8172
8178
8201
8209
8216
8230
8242
8243
8245
8254
8261
8270
8270
8279
8281
8290
8291
8298
8308
8331
8335
8335
8348
8353
8363
8367
8375
8390
8410
8415
8416
8424
8439
8445
8461
8484
8489
8491
8499
8500
8509
8514
8522
8525
8527
8531
8543
8561
8568
8578
8591
8606
8609
8615
8617
8620
8622
8626
8628
8634
8638
8651
8665
8667
8669
8673
8678
8695
8705
8716
8721
8729
8745
8749
8751
8759
8774
8797
8798
8798
8798
8800
8818
8819
8825
8831
8839
8852
8853
8861
8875
8876
8879
8880
8883
8889
8889
8899
8910
8945
8945
8953
8956
8963
8972
8987
8987
8987
8991
8993
8997
9021
9024
9032
9041
9045
9053
9057
9065
9072
9085
9099
9105
9114
9136
9148
9149
9149
9150
9152
9169
9174
9174
9177
9178
9184
9191
9194
9204
9215
9221
9224
9265
9280
9282
9305
9307
9309
9311
9320
9328
9329
9329
9332
9346
9357
9364
9365
9374
9394
9397
9406
9408
9409
9429
9432
9445
9452
9479
9483
9492
9495
9504
9506
9517
9522
9529
9533
9538
9546
9567
9574
9575
9583
9589
9593
9594
9595
9615
9618
9640
9648
9652
9653
9657
9658
9669
9678
9681
9688
9691
9699
9705
9710
9713
9716
9720
9727
9757
9765
9769
9796
9812
9817
9831
9838
9853
9862
9866
9870
9876
9881
9889
9889
9907
9908
9933
9937
9975
9983
10002
10010
10011
10017
10030
10033
10046
10046
10069
10080
10087
10107
10111
10112
10114
10123
10152
10158
10160
10166
10166
10183
10207
10211
10216
10222
10224
10233
10245
10246
10257
10261
10262
10263
10265
10287
10348
10354
10363
10364
10381
10393
10406
10414
10417
10420
10434
10434
10450
10454
10459
10479
10482
10492
10497
10502
10506
10514
10519
10520
10524
10526
10529
10546
10548
10549
10553
10557
10557
10565
10569
10579
10580
10583
10585
10600
10602
10606
10620
10622
10630
10637
10647
10652
10668
10679
10683
10683
10693
10695
10699
10707
10707
10708
10709
10709
10713
10717
10725
10728
10741
10744
10768
10773
10778
10797
10799
10801
10813
10817
10818
10832
10837
10849
10854
10859
10865
10866
10866
10872
10877
10881
10889
10890
10905
10908
10910
10918
10923
10928
10942
10946
10953
10980
11000
11001
11007
11007
11008
11014
11019
11035
11051
11062
11062
11066
11083
11087
11101
11107
11115
11123
11126
11150
11155
11160
11163
11166
11166
11192
11196
11211
11213
11222
11225
11249
11280
11284
11284
11300
11315
11322
11323
11328
11329
11339
11341
11344
11352
11358
11369
11372
11378
11391
11393
11401
11404
11406
11408
11426
11434
11437
11454
11463
11466
11467
11468
11476
11476
11478
11487
11498
11502
11502
11509
11510
11512
11516
11517
11537
11547
11551
11553
11554
11556
11561
11570
11576
11588
11591
11592
11610
11618
11624
11630
11634
11637
11649
11649
11651
11653
11659
11666
11668
11677
11680
11684
11686
11687
11692
11708
11710
11710
11711
11715
11717
11747
11756
11761
11763
11768
11780
11790
11799
11799
11811
11814
11823
11827
11835
11841
11850
11856
11869
11876
11881
11893
11896
11897
11904
11913
11914
11935
11952
11956
11970
11975
11976
11977
11987
12006
12016
12049
12074
12084
12091
12101
12123
12124
12142
12145
12172
12177
12180
12200
12205
12221
12222
12226
12226
12242
12273
12277
12279
12285
12290
12297
12306
12308
12320
12326
12329
12329
12332
12336
12352
12366
12367
12376
12379
12385
12391
12396
12421
12422
12433
12434
12438
12455
12455
12478
12480
12481
12487
12494
12504
12513
12518
12519
12520
12523
12535
12551
12567
12631
12634
12645
12654
12655
12663
12669
12670
12671
12672
12672
12674
12686
12687
12690
12700
12708
12724
12740
12742
12757
12763
12799
12808
12813
12819
12825
12826
12846
12856
12874
12885
12891
12893
12899
12900
12921
12926
12927
12934
12938
12938
12958
12958
12959
12966
12970
12975
12981
12982
12989
13003
13011
13025
13035
13048
13052
13065
13066
13080
13082
13087
13093
13115
13135
13149
13150
13152
13176
13177
13186
13199
13206
13209
13209
13209
13210
13224
13225
13233
13241
13250
13251
13254
13256
13265
13268
13305
13314
13322
13324
13326
13331
13347
13348
13352
13368
13381
13407
13419
13419
13419
13427
13459
13473
13483
13484
13505
13514
13521
13522
13529
13561
13569
13578
13578
13582
13585
13602
13602
13603
13603
13617
13620
13628
13655
13663
13671
13674
13675
13681
13683
13692
13698
13709
13759
13761
13762
13766
13768
13770
13777
13803
13803
13809
13814
13816
13832
13834
13842
13847
13855
13857
13858
13861
13866
13871
13873
13880
13892
13897
13901
13906
13908
13908
13923
13930
13953
13977
13988
13995
14006
14014
14031
14045
14051
14057
14063
14078
14086
14110
14128
14133
14133
14135
14141
14150
14154
14178
14195
14209
14216
14218
14252
14256
14265
14281
14282
14290
14312
14316
14325
14337
14339
14340
14350
14362
14363
14364
14372
14385
14387
14404
14425
14443
14447
14452
14457
14459
14466
14474
14477
14482
14502
14515
14521
14521
14529
14544
14545
14549
14554
14561
14562
14566
14573
14580
14584
14593
14599
14606
14610
14614
14618
14627
14632
14652
14656
14660
14671
14706
14713
14749
14750
14752
14754
14775
14785
14800
14825
14831
14843
14856
14864
14865
14866
14872
14872
14885
14893
14903
14908
14909
14910
14910
14920
14928
14950
14952
14957
14961
14962
14970
14970
14974
14978
14999
15024
15028
15028
15044
15064
15065
15072
15093
15093
15093
15095
15104
15114
15121
15125
15132
15143
15149
15153
15155
15155
15156
15156
15158
15161
15162
15168
15178
15184
15196
15200
15200
15201
15210
15222
15238
15240
15250
15257
15269
15275
15276
15297
15303
15303
15316
15321
15337
15352
15354
15370
15370
15372
15373
15374
15376
15377
15384
15394
15413
15418
15424
15431
15438
15439
15455
15464
15472
15499
15499
15513
15514
15514
15520
15522
15525
15533
15537
15542
15544
15567
15592
15612
15625
15630
15636
15639
15641
15644
15646
15651
15652
15652
15656
15666
15672
15689
15698
15709
15731
15735
15744
15751
15771
15771
15774
15786
15798
15801
15808
15809
15823
15839
15852
15853
15856
15869
15878
15880
15883
15891
15913
15924
15939
15945
15971
15976
15995
15997
15998
16006
16007
16011
16023
16034
16036
16040
16065
16082
16091
16091
16102
16107
16124
16128
16131
16141
16145
16145
16163
16178
16186
16194
16199
16200
16202
16219
16222
16222
16236
16238
16251
16254
16258
16260
16263
16263
16275
16303
16307
16320
16328
16329
16331
16332
16337
16382
16383
16386
16398
16405
16406
16406
16434
16437
16438
16450
16453
16464
16466
16487
16487
16488
16494
16501
16501
16508
16511
16529
16531
16570
16573
16576
16585
16592
16598
16606
16610
16611
16616
16629
16629
16641
16660
16679
16689
16697
16699
16712
16721
16738
16742
16751
16758
16778
16782
16787
16795
16798
16805
16806
16808
16808
16823
16829
16831
16838
16844
16858
16858
16860
16869
16871
16881
16887
16895
16904
16908
16918
16931
16943
16957
16977
16978
16985
16995
16997
17001
17019
17019
17024
17028
17029
17037
17039
17039
17045
17047
17048
17077
17079
17080
17087
17110
17134
17134
17142
17164
17168
17206
17211
17217
17219
17224
17225
17227
17237
17255
17271
17293
17295
17296
17337
17340
17342
17352
17367
17369
17383
17392
17414
17416
17417
17421
17421
17441
17451
17471
17474
17486
17489
17490
17498
17517
17521
17529
17541
17547
17549
17555
17555
17556
17558
17559
17565
17568
17587
17590
17598
17598
17613
17619
17620
17621
17622
17632
17637
17637
17660
17672
17672
17684
17686
17709
17716
17729
17737
17743
17750
17751
17760
17766
17776
17786
17789
17795
17801
17803
17814
17823
17831
17839
17844
17855
17857
17858
17860
17860
17865
17892
17903
17904
17904
17908
17924
17927
17931
17934
17938
17948
17950
17960
17961
17983
18005
18006
18019
18026
18029
18031
18046
18051
18071
18072
18088
18088
18090
18115
18115
18116
18123
18132
18144
18167
18168
18176
18176
18188
18203
18214
18232
18241
18255
18257
18263
18267
18270
18275
18277
18301
18308
18314
18321
18324
18334
18336
18338
18341
18349
18356
18358
18367
18375
18387
18390
18407
18413
18422
18425
18431
18457
18459
18465
18490
18502
18531
18533
18554
18555
18560
18563
18567
18582
18587
18599
18604
18607
18610
18622
18633
18650
18659
18660
18661
18669
18686
18689
18702
18751
18778
18779
18785
18795
18797
18798
18803
18819
18828
18838
18844
18853
18867
18890
18894
18906
18918
18920
18932
18935
18939
18947
18949
18957
18958
18967
18973
18974
18980
18983
18988
18994
18996
19002
19002
19005
19018
19036
19040
19042
19042
19045
19054
19076
19085
19085
19105
19110
19110
19134
19143
19147
19160
19162
19195
19202
19213
19220
19240
19257
19264
19265
19265
19295
19311
19335
19340
19341
19345
19347
19350
19356
19360
19365
19368
19371
19375
19376
19382
19392
19392
19401
19401
19405
19407
19416
19421
19422
19424
19454
19457
19463
19473
19485
19485
19488
19489
19492
19522
19523
19529
19573
19574
19598
19615
19622
19631
19642
19654
19667
19685
19725
19727
19747
19751
19753
19753
19754
19754
19757
19760
19762
19764
19771
19772
19785
19786
19791
19796
19803
19807
19811
19812
19816
19823
19823
19830
19832
19833
19844
19846
19846
19855
19866
19867
19871
19886
19887
19893
19898
19902
19912
19934
19952
19967
19970
19981
19987
19989
19997
20017
20018
20018
20019
20029
20035
20049
20054
20059
20079
20081
20096
20101
20102
20111
20114
20126
20135
20142
20150
20152
20157
20162
20164
20169
20171
20197
20200
20224
20226
20238
20250
20251
20259
20276
20279
20293
20294
20319
20331
20343
20344
20346
20346
20348
20349
20369
20373
20375
20381
20385
20394
20400
20412
20421
20430
20434
20463
20467
20473
20477
20483
20485
20491
20494
20522
20547
20560
20563
20566
20576
20589
20591
20597
20601
20604
20610
20610
20612
20631
20633
20646
20655
20659
20660
20664
20687
20692
20709
20715
20721
20737
20740
20758
20759
20770
20791
20794
20822
20828
20839
20841
20845
20847
20855
20858
20861
20867
20878
20878
20884
20891
20899
20901
20903
20904
20908
20945
20945
20956
20962
20966
20967
20979
20979
21016
21026
21027
21035
21037
21084
21094
21099
21111
21114
21117
21118
21118
21127
21141
21155
21159
21167
21199
21202
21207
21216
21218
21225
21226
21227
21229
21229
21229
21234
21243
21249
21253
21287
21310
21313
21314
21339
21344
21348
21350
21360
21361
21372
21374
21392
21407
21410
21417
21419
21424
21444
21448
21455
21460
21464
21464
21465
21469
21476
21501
21506
21512
21520
21520
21520
21522
21528
21531
21531
21539
21541
21552
21557
21569
21572
21573
21576
21577
21587
21635
21639
21640
21666
21666
21667
21682
21696
21702
21714
21725
21725
21725
21737
21739
21744
21748
21757
21773
21776
21796
21809
21821
21823
21825
21836
21843
21851
21878
21892
21893
21909
21912
21917
21918
21932
21935
21944
21950
21955
21958
21963
21970
21978
22000
22004
22017
22017
22022
22024
22032
22036
22046
22063
22068
22079
22085
22105
22132
22134
22153
22158
22159
22163
22167
22173
22193
22194
22207
22208
22209
22209
22225
22245
22246
22249
22259
22268
22278
22287
22290
22297
22310
22315
22324
22339
22340
22341
22357
22358
22366
22368
22387
22395
22396
22402
22403
22410
22415
22440
22440
22454
22457
22461
22470
22474
22480
22495
22495
22507
22511
22527
22540
22565
22573
22576
22581
22582
22591
22595
22610
22612
22634
22634
22652
22654
22660
22663
22669
22670
22674
22675
22677
22686
22690
22710
22711
22722
22724
22731
22742
22743
22749
22769
22772
22775
22775
22776
22781
22791
22816
22824
22833
22840
22853
22878
22895
22902
22908
22910
22917
22933
22943
22944
22965
22974
22976
22977
22989
23002
23023
23026
23027
23033
23035
23059
23060
23065
23065
23086
23088
23099
23119
23119
23126
23128
23132
23135
23136
23158
23159
23164
23167
23171
23171
23177
23191
23219
23236
23238
23244
23247
23260
23272
23287
23289
23296
23298
23301
23305
23310
23317
23322
23333
23339
23344
23346
23363
23363
23367
23373
23395
23402
23409
23421
23447
23469
23480
23483
23487
23504
23509
23515
23519
23524
23535
23541
23541
23544
23552
23559
23562
23566
23590
23594
23597
23598
23600
23601
23603
23634
23645
23646
23649
23653
23654
23663
23676
23680
23684
23688
23701
23708
23743
23749
23762
23769
23784
23784
23809
23822
23828
23831
23833
23836
23852
23859
23868
23883
23898
23938
23954
23971
24004
24016
24016
24021
24023
24025
24062
24065
24073
24082
24083
24093
24095
24097
24100
24112
24112
24112
24118
24140
24146
24148
24160
24174
24180
24202
24222
24222
24224
24246
24261
24266
24269
24283
24286
24327
24335
24352
24360
24365
24374
24374
24383
24392
24394
24404
24428
24430
24445
24455
24474
24488
24489
24494
24495
24500
24505
24512
24519
24519
24520
24521
24534
24545
24546
24552
24554
24574
24578
24590
24590
24596
24610
24625
24630
24630
24665
24666
24677
24685
24686
24698
24700
24703
24723
24725
24737
24745
24755
24759
24759
24762
24770
24772
24773
24775
24781
24785
24791
24800
24803
24806
24813
24827
24828
24832
24840
24855
24857
24864
24866
24871
24873
24874
24887
24930
24940
24945
24969
24977
24986
24989
24990
24996
24999
25009
25021
25028
25047
25057
25072
25073
25075
25082
25084
25086
25094
25099
25102
25112
25117
25122
25124
25142
25154
25168
25183
25183
25190
25211
25238
25239
25242
25242
25251
25251
25272
25284
25288
25297
25306
25307
25313
25328
25366
25377
25405
25413
25415
25420
25440
25443
25472
25475
25479
25488
25489
25490
25493
25504
25521
25524
25529
25533
25541
25543
25545
25546
25556
25565
25568
25568
25569
25569
25604
25610
25626
25641
25641
25643
25645
25656
25658
25659
25664
25683
25684
25693
25714
25716
25726
25731
25744
25749
25758
25758
25761
25762
25764
25765
25774
25791
25813
25830
25846
25873
25886
25904
25916
25928
25936
25958
25960
25961
25979
25984
25993
25995
26001
26001
26011
26022
26031
26047
26068
26078
26085
26089
26102
26111
26115
26119
26130
26147
26156
26164
26171
26178
26204
26225
26227
26239
26256
26256
26270
26278
26279
26280
26300
26325
26341
26358
26369
26382
26382
26401
26418
26427
26437
26442
26444
26464
26490
26492
26496
26500
26502
26509
26509
26539
26544
26558
26559
26588
26589
26598
26602
26611
26612
26617
26633
26644
26645
26649
26653
26662
26683
26684
26689
26697
26700
26701
26703
26704
26708
26734
26737
26752
26759
26766
26768
26775
26777
26781
26782
26789
26798
26800
26813
26813
26823
26824
26832
26835
26845
26846
26854
26864
26867
26868
26878
26881
26887
26898
26916
26918
26925
26927
26933
26939
26946
26957
26959
26964
26972
26979
26987
26992
27006
27007
27015
27023
27029
27039
27048
27052
27105
27115
27121
27123
27126
27139
27154
27158
27163
27168
27184
27193
27207
27211
27225
27237
27246
27250
27250
27252
27254
27261
27267
27279
27305
27312
27312
27315
27316
27319
27320
27324
27326
27337
27348
27351
27351
27354
27363
27373
27382
27384
27398
27407
27412
27412
27436
27436
27445
27462
27466
27470
27483
27483
27484
27516
27547
27549
27550
27556
27566
27567
27570
27586
27596
27599
27606
27612
27614
27621
27623
27626
27633
27634
27636
27637
27656
27661
27668
27669
27682
27686
27692
27703
27704
27704
27718
27725
27731
27734
27735
27735
27736
27737
27740
27749
27753
27766
27776
27776
27778
27816
27817
27836
27842
27857
27871
27884
27885
27889
27891
27896
27898
27918
27918
27920
27920
27923
27925
27930
27947
27977
27993
28010
28012
28024
28036
28039
28049
28052
28063
28069
28073
28096
28098
28102
28108
28138
28153
28155
28158
28174
28178
28200
28207
28211
28212
28247
28249
28267
28284
28290
28295
28302
28307
28324
28347
28351
28362
28382
28403
28404
28446
28457
28457
28466
28503
28508
28523
28535
28543
28549
28550
28552
28553
28562
28587
28587
28594
28595
28602
28617
28618
28619
28623
28630
28643
28648
28652
28655
28657
28674
28689
28699
28702
28706
28712
28727
28730
28732
28734
28743
28745
28745
28752
28758
28761
28766
28782
28782
28790
28795
28816
28821
28822
28823
28827
28830
28832
28833
28843
28849
28850
28852
28853
28859
28871
28871
28884
28888
28889
28890
28891
28892
28893
28932
28942
28964
28972
28973
28973
29012
29014
29017
29032
29037
29042
29045
29056
29069
29076
29094
29111
29122
29129
29132
29159
29163
29179
29179
29179
29180
29187
29193
29204
29213
29225
29229
29231
29235
29236
29239
29254
29256
29256
29270
29275
29277
29282
29288
29288
29288
29302
29311
29313
29314
29320
29322
29324
29329
29333
29349
29355
29360
29366
29368
29373
29384
29387
29388
29389
29394
29395
29399
29404
29410
29418
29430
29436
29439
29439
29445
29447
29465
29465
29467
29473
29475
29476
29484
29493
29494
29494
29495
29513
29514
29514
29524
29525
29531
29541
29544
29551
29554
29555
29559
29560
29564
29569
29584
29585
29590
29593
29603
29614
29631
29642
29644
29649
29654
29655
29662
29668
29673
29680
29682
29688
29689
29704
29719
29722
29723
29724
29724
29744
29755
29759
29766
29771
29773
29774
29775
29797
29803
29807
29810
29814
29816
29840
29842
29854
29856
29856
29857
29858
29859
29861
29866
29910
29910
29917
29927
29943
29965
29973
29976
29988
29988
29989
30011
30033
30033
30040
30041
30052
30055
30060
30069
30098
30102
30109
30111
30113
30119
30121
30124
30150
30151
30165
30182
30185
30186
30200
30204
30204
30205
30209
30210
30236
30238
30244
30258
30259
30263
30271
30280
30290
30306
30319
30326
30357
30358
30362
30372
30373
30375
30378
30386
30388
30392
30392
30394
30401
30409
30413
30418
30430
30434
30481
30482
30482
30488
30502
30510
30518
30527
30534
30541
30541
30546
30550
30555
30574
30580
30582
30584
30601
30606
30607
30629
30629
30636
30659
30660
30663
30663
30683
30692
30692
30721
30734
30737
30748
30751
30752
30756
30757
30759
30781
30803
30806
30811
30815
30820
30832
30842
30845
30858
30872
30878
30878
30885
30890
30892
30893
30903
30912
30915
30917
30921
30924
30929
30935
30942
30949
30972
30974
30974
30979
30987
30991
31010
31013
31024
31037
31041
31044
31044
31049
31078
31096
31113
31123
31126
31126
31139
31161
31175
31184
31198
31207
31208
31211
31214
31222
31230
31234
31235
31237
31257
31281
31284
31286
31287
31293
31315
31316
31323
31328
31328
31338
31339
31348
31351
31365
31381
31393
31398
31400
31400
31421
31442
31446
31464
31473
31486
31489
31490
31513
31532
31536
31554
31560
31562
31585
31592
31597
31600
31606
31611
31612
31626
31644
31655
31662
31663
31701
31703
31715
31731
31731
31735
31737
31765
31765
31776
31776
31788
31792
31797
31817
31825
31831
31850
31852
31860
31861
31876
31878
31885
31901
31903
31945
31966
31967
31976
31989
31991
31997
32011
32021
32032
32035
32056
32062
32076
32079
32084
32084
32090
32093
32102
32106
32130
32144
32150
32152
32156
32169
32194
32195
32197
32203
32215
32220
32224
32224
32241
32248
32282
32285
32301
32304
32327
32330
32335
32339
32342
32352
32366
32374
32394
32411
32415
32427
32428
32429
32432
32441
32451
32456
32458
32459
32465
32477
32483
32486
32493
32513
32527
32527
32528
32532
32536
32537
32569
32574
32590
32592
32596
32603
32604
32617
32620
32626
32670
32672
32678
32682
32701
32702
32721
32724
32728
32735
32758
32771
32774
32775
32776
32789
32792
32797
32797
32799
32805
32805
32806
32815
32819
32819
32820
32826
32831
32832
32848
32851
32852
32853
32853
32853
32854
32861
32882
32892
32895
32900
32903
32914
32915
32917
32917
32924
32926
32932
32938
32950
32952
32981
32985
32997
32998
33016
33019
33046
33051
33059
33061
33068
33074
33076
33079
33084
33126
33127
33134
33136
33143
33143
33145
33156
33166
33166
33182
33183
33184
33198
33212
33227
33238
33240
33240
33242
33249
33273
33274
33279
33281
33327
33327
33330
33340
33351
33356
33356
33367
33377
33385
33391
33392
33396
33403
33403
33408
33431
33432
33461
33466
33476
33485
33500
33515
33516
33521
33523
33526
33530
33533
33559
33571
33571
33586
33589
33594
33596
33597
33608
33615
33620
33620
33659
33673
33680
33685
33686
33686
33691
33693
33700
33700
33725
33726
33745
33769
33770
33780
33788
33792
33793
33816
33824
33848
33851
33851
33855
33857
33865
33865
33870
33885
33887
33894
33896
33903
33913
33916
33987
33997
34002
34007
34031
34042
34065
34078
34078
34080
34085
34091
34103
34154
34156
34173
34180
34187
34198
34210
34230
34234
34237
34237
34247
34252
34274
34283
34308
34326
34339
34348
34366
34367
34387
34396
34402
34405
34407
34407
34407
34408
34420
34428
34431
34455
34458
34469
34484
34487
34489
34494
34508
34541
34545
34555
34561
34561
34568
34585
34589
34592
34595
34611
34611
34616
34616
34635
34635
34638
34644
34667
34676
34680
34682
34693
34693
34697
34698
34701
34702
34703
34704
34706
34732
34738
34742
34747
34747
34756
34759
34768
34772
34782
34791
34800
34802
34803
34814
34830
34832
34837
34845
34849
34851
34857
34864
34867
34869
34885
34891
34902
34902
34921
34928
34943
34945
34952
34952
34959
34960
34960
34971
34991
35004
35006
35009
35010
35021
35024
35040
35044
35053
35054
35063
35064
35068
35071
35079
35116
35116
35127
35129
35141
35144
35154
35154
35158
35160
35179
35185
35188
35189
35193
35203
35214
35218
35227
35232
35234
35237
35240
35243
35251
35254
35258
35272
35278
35284
35285
35289
35295
35301
35303
35307
35309
35336
35344
35355
35360
35375
35376
35387
35403
35412
35425
35432
35435
35475
35481
35497
35506
35511
35512
35521
35527
35530
35534
35534
35538
35557
35575
35599
35614
35617
35617
35622
35627
35628
35638
35649
35669
35675
35688
35689
35693
35705
35718
35721
35723
35741
35745
35746
35754
35768
35774
35783
35797
35830
35836
35840
35844
35846
35850
35865
35866
35875
35877
35878
35882
35882
35896
35897
35901
35902
35907
35919
35933
35936
35941
35942
35946
35957
35958
35992
36004
36011
36018
36021
36055
36056
36059
36060
36061
36070
36071
36107
36111
36120
36129
36158
36168
36170
36177
36185
36188
36200
36200
36201
36215
36222
36224
36227
36264
36274
36275
36280
36288
36294
36299
36309
36309
36311
36311
36325
36339
36356
36360
36384
36386
36393
36393
36394
36398
36410
36414
36421
36423
36425
36428
36431
36435
36439
36447
36462
36462
36468
36472
36487
36487
36489
36496
36499
36500
36527
36535
36542
36549
36570
36571
36573
36582
36602
36620
36623
36626
36637
36639
36651
36655
36656
36662
36669
36672
36678
36679
36701
36704
36714
36721
36727
36727
36731
36735
36736
36746
36760
36765
36783
36786
36787
36791
36791
36814
36840
36844
36856
36856
36864
36865
36869
36875
36883
36884
36892
36898
36903
36904
36904
36910
36914
36920
36942
36944
36958
36960
36965
36967
36983
37003
37005
37006
37009
37011
37020
37030
37053
37053
37056
37066
37071
37085
37090
37098
37108
37138
37166
37178
37205
37225
37236
37245
37250
37252
37257
37262
37281
37287
37292
37303
37323
37330
37331
37331
37356
37360
37366
37376
37380
37390
37398
37398
37400
37402
37423
37442
37453
37456
37457
37459
37462
37462
37465
37472
37484
37485
37489
37501
37505
37510
37510
37516
37525
37527
37542
37543
37553
37581
37592
37594
37630
37635
37639
37640
37641
37647
37651
37656
37657
37663
37667
37674
37680
37681
37682
37685
37692
37708
37714
37719
37722
37722
37725
37740
37745
37746
37751
37757
37762
37762
37763
37766
37775
37775
37779
37790
37798
37800
37803
37817
37820
37840
37847
37866
37867
37881
37886
37892
37896
37897
37907
37914
37921
37922
37930
37931
37937
37942
37964
37970
37978
37981
37984
37984
37985
37988
37993
37994
38000
38000
38010
38014
38016
38025
38054
38062
38062
38063
38072
38073
38080
38082
38093
38097
38107
38108
38110
38111
38115
38139
38159
38174
38176
38178
38189
38191
38200
38203
38205
38214
38226
38237
38275
38281
38281
38289
38290
38290
38290
38293
38299
38301
38316
38327
38331
38343
38353
38356
38359
38361
38382
38390
38397
38401
38406
38406
38416
38423
38436
38437
38438
38462
38469
38482
38487
38496
38497
38498
38513
38516
38517
38522
38527
38527
38532
38533
38563
38570
38575
38576
38596
38599
38604
38622
38625
38625
38628
38633
38635
38639
38644
38649
38649
38651
38655
38669
38671
38688
38702
38710
38723
38724
38726
38739
38742
38764
38775
38782
38784
38789
38797
38799
38812
38822
38837
38855
38866
38871
38874
38879
38881
38881
38882
38885
38901
38905
38905
38910
38918
38929
38938
38946
38953
38956
38960
38969
38980
38991
38998
39013
39019
39038
39062
39064
39097
39103
39111
39116
39117
39122
39149
39159
39161
39194
39195
39198
39200
39250
39252
39262
39262
39262
39280
39282
39292
39306
39311
39314
39327
39328
39330
39331
39348
39355
39364
39365
39367
39375
39393
39394
39410
39419
39420
39420
39431
39446
39481
39482
39487
39508
39513
39525
39535
39536
39538
39539
39551
39561
39564
39576
39580
39589
39593
39618
39629
39632
39642
39645
39659
39660
39665
39666
39668
39668
39676
39676
39692
39699
39712
39728
39731
39732
39735
39749
39767
39772
39777
39780
39808
39826
39826
39844
39849
39876
39878
39885
39897
39906
39907
39910
39911
39913
39915
39931
39966
39975
39976
39979
39984
39987
39988
39996
40026
40050
40050
40076
40079
40090
40101
40113
40121
40123
40127
40135
40143
40143
40150
40159
40168
40191
40192
40196
40198
40218
40221
40227
40233
40234
40270
40271
40278
40284
40285
40288
40297
40302
40304
40314
40317
40318
40327
40328
40340
40342
40372
40383
40399
40401
40404
40410
40418
40431
40434
40444
40446
40447
40461
40483
40484
40505
40510
40513
40521
40535
40539
40539
40543
40543
40571
40581
40606
40614
40632
40632
40634
40666
40670
40672
40673
40682
40740
40743
40746
40750
40759
40765
40769
40782
40787
40796
40799
40808
40832
40832
40842
40856
40862
40865
40869
40875
40881
40887
40900
40912
40917
40932
40944
40971
40982
40989
40990
40992
41009
41010
41012
41026
41037
41048
41056
41056
41058
41065
41067
41068
41070
41078
41078
41088
41103
41103
41118
41136
41149
41153
41154
41169
41170
41171
41174
41174
41177
41182
41184
41184
41186
41195
41227
41240
41245
41257
41282
41305
41307
41311
41312
41315
41322
41324
41343
41359
41366
41372
41380
41384
41384
41387
41388
41393
41395
41398
41402
41410
41423
41427
41436
41463
41471
41475
41490
41498
41504
41505
41525
41534
41538
41545
41552
41563
41565
41566
41566
41573
41576
41578
41584
41584
41585
41596
41602
41651
41655
41660
41661
41687
41689
41694
41698
41699
41713
41724
41731
41734
41742
41749
41754
41784
41785
41790
41795
41812
41820
41822
41825
41831
41871
41878
41895
41895
41911
41920
41921
41925
41928
41934
41944
41945
41964
41975
41981
41991
41995
42007
42008
42011
42019
42022
42037
42046
42052
42052
42053
42071
42071
42092
42094
42096
42097
42118
42120
42121
42131
42132
42136
42137
42145
42149
42155
42168
42189
42231
42245
42247
42249
42251
42259
42273
42281
42289
42296
42302
42302
42324
42332
42336
42349
42357
42361
42361
42362
42365
42367
42368
42369
42403
42405
42406
42422
42456
42470
42478
42488
42497
42515
42520
42535
42541
42552
42557
42569
42615
42625
42631
42634
42636
42639
42642
42653
42670
42681
42701
42710
42711
42713
42728
42744
42756
42763
42774
42774
42793
42795
42795
42797
42799
42805
42822
42824
42827
42833
42843
42845
42852
42899
42904
42905
42916
42918
42921
42938
42938
42941
42945
42954
42964
42964
42971
42992
43003
43006
43008
43013
43017
43027
43039
43044
43044
43050
43051
43084
43096
43102
43112
43117
43129
43143
43156
43178
43200
43227
43235
43239
43249
43254
43255
43276
43283
43316
43317
43319
43326
43349
43353
43361
43368
43373
43381
43429
43445
43454
43456
43485
43489
43490
43492
43501
43518
43520
43535
43552
43552
43553
43556
43560
43567
43572
43577
43583
43609
43613
43622
43642
43649
43660
43664
43669
43713
43719
43724
43737
43740
43741
43751
43751
43764
43771
43791
43793
43797
43799
43811
43816
43828
43835
43839
43839
43841
43846
43847
43854
43855
43857
43861
43874
43875
43891
43898
43933
43938
43940
43965
43977
43983
43984
43989
43993
44007
44012
44020
44024
44034
44046
44048
44048
44054
44081
44081
44090
44097
44103
44116
44136
44139
44146
44152
44177
44182
44192
44192
44198
44202
44207
44213
44217
44218
44221
44222
44225
44225
44227
44237
44257
44271
44277
44281
44281
44285
44293
44297
44318
44331
44332
44339
44342
44349
44350
44357
44378
44382
44383
44400
44406
44415
44422
44423
44428
44429
44438
44457
44457
44460
44468
44470
44487
44495
44499
44503
44509
44537
44542
44551
44559
44587
44594
44598
44618
44620
44648
44648
44650
44657
44659
44660
44667
44675
44687
44695
44704
44710
44714
44723
44723
44725
44726
44732
44733
44740
44750
44758
44765
44771
44775
44778
44789
44796
44813
44829
44839
44851
44873
44884
44884
44886
44889
44891
44892
44895
44896
44900
44907
44911
44911
44917
44927
44935
44958
44960
44963
44964
44968
44974
44994
45005
45016
45027
45048
45056
45076
45079
45083
45089
45103
45106
45107
45107
45110
45123
45126
45130
45140
45148
45151
45155
45160
45166
45168
45177
45181
45194
45195
45197
45197
45203
45215
45220
45229
45231
45233
45238
45245
45250
45255
45264
45279
45280
45324
45329
45334
45338
45346
45347
45348
45350
45359
45360
45364
45370
45374
45379
45407
45410
45411
45416
45428
45431
45442
45463
45468
45471
45477
45485
45486
45488
45498
45498
45506
45536
45552
45561
45563
45564
45568
45573
45581
45593
45600
45606
45608
45624
45625
45639
45643
45652
45653
45654
45678
45680
45686
45695
45699
45712
45716
45721
45742
45744
45744
45746
45760
45767
45782
45798
45812
45814
45834
45836
45836
45837
45838
45849
45852
45861
45863
45863
45865
45865
45868
45874
45874
45893
45893
45894
45898
45914
45916
45926
45935
45944
45948
45961
45961
45969
45971
45972
45977
45980
45999
46002
46003
46027
46028
46029
46035
46038
46048
46052
46073
46078
46087
46096
46119
46125
46128
46146
46149
46151
46154
46155
46160
46163
46165
46167
46183
46189
46189
46191
46195
46203
46205
46211
46212
46216
46222
46235
46239
46245
46253
46269
46269
46270
46273
46278
46297
46300
46312
46313
46329
46334
46336
46346
46347
46348
46350
46357
46368
46376
46379
46379
46401
46401
46410
46413
46414
46416
46432
46433
46449
46460
46464
46470
46489
46499
46509
46515
46527
46528
46529
46532
46535
46542
46543
46563
46571
46576
46582
46592
46600
46614
46623
46624
46628
46630
46638
46639
46641
46643
46647
46653
46664
46705
46713
46713
46751
46772
46774
46774
46781
46784
46814
46816
46820
46820
46829
46836
46844
46861
46883
46883
46898
46898
46899
46902
46912
46921
46935
46960
46964
46968
46974
46975
46981
46996
47005
47007
47008
47017
47025
47027
47032
47033
47042
47049
47056
47066
47070
47092
47094
47099
47121
47123
47137
47143
47147
47150
47155
47162
47164
47200
47217
47236
47240
47251
47256
47258
47262
47265
47294
47303
47325
47327
47334
47363
47387
47388
47389
47390
47393
47401
47402
47408
47408
47414
47417
47418
47419
47427
47435
47437
47444
47463
47475
47498
47499
47502
47506
47510
47511
47513
47515
47516
47518
47529
47551
47558
47564
47579
47585
47588
47590
47609
47620
47637
47637
47656
47662
47697
47707
47707
47708
47734
47740
47742
47751
47766
47778
47787
47797
47802
47804
47808
47811
47811
47830
47835
47840
47841
47858
47877
47880
47887
47896
47902
47904
47906
47916
47918
47918
47936
47948
47969
47973
47984
47986
48002
48008
48011
48025
48025
48033
48034
48039
48043
48054
48056
48089
48099
48121
48131
48136
48146
48174
48193
48197
48202
48205
48210
48228
48233
48270
48273
48273
48282
48288
48296
48322
48325
48327
48339
48354
48373
48376
48376
48388
48393
48402
48409
48419
48425
48435
48436
48436
48442
48451
48452
48494
48499
48520
48530
48531
48535
48545
48564
48573
48574
48578
48588
48599
48600
48605
48609
48622
48624
48624
48633
48638
48650
48661
48662
48670
48683
48686
48687
48688
48701
48706
48709
48710
48710
48711
48720
48738
48747
48753
48755
48759
48761
48788
48792
48800
48815
48817
48833
48841
48842
48844
48845
48849
48859
48861
48863
48879
48880
48912
48916
48952
48955
48962
48980
48986
48986
48987
48997
48998
49001
49012
49013
49018
49033
49044
49044
49053
49076
49076
49090
49093
49099
49100
49101
49118
49119
49131
49138
49151
49155
49156
49156
49156
49168
49173
49177
49181
49184
49199
49221
49222
49223
49235
49235
49237
49240
49255
49267
49271
49275
49277
49297
49308
49317
49322
49326
49331
49333
49340
49347
49372
49378
49381
49386
49389
49396
49407
49409
49413
49422
49440
49449
49449
49469
49470
49470
49489
49495
49498
49517
49517
49525
49527
49537
49546
49549
49552
49559
49565
49569
49572
49572
49580
49592
49593
49595
49599
49601
49608
49608
49618
49621
49627
49635
49644
49652
49668
49679
49689
49689
49689
49696
49699
49704
49706
49717
49736
49753
49758
49760
49763
49763
49768
49776
49793
49799
49809
49821
49824
49829
49833
49842
49852
49853
49860
49862
49866
49869
49874
49878
49890
49900
49916
49946
49955
49957
49966
49974
49977
49984
49996
50006
50030
50048
50077
50100
50110
50115
50115
50117
50126
50146
50146
50151
50155
50172
50174
50175
50179
50187
50201
50223
50238
50256
50259
50259
50260
50261
50276
50283
50286
50287
50306
50309
50312
50320
50328
50344
50355
50383
50385
50392
50394
50399
50410
50422
50451
50474
50482
50491
50493
50497
50507
50515
50529
50529
50536
50546
50555
50565
50576
50589
50595
50598
50604
50607
50608
50611
50612
50616
50618
50623
50624
50626
50630
50638
50644
50661
50685
50693
50701
50701
50711
50711
50711
50714
50720
50720
50729
50731
50737
50766
50767
50769
50774
50777
50794
50795
50798
50805
50809
50822
50823
50823
50825
50825
50832
50836
50846
50856
50857
50867
50877
50883
50888
50889
50889
50892
50900
50916
50920
50936
50948
50953
50953
50955
50959
50967
50983
50984
50987
51005
51009
51017
51019
51031
51038
51054
51059
51061
51066
51068
51069
51069
51071
51094
51095
51119
51125
51135
51144
51155
51181
51184
51195
51195
51198
51202
51220
51225
51237
51250
51267
51272
51284
51289
51312
51319
51329
51337
51350
51365
51365
51374
51385
51389
51390
51391
51397
51418
51429
51444
51454
51456
51461
51465
51478
51482
51502
51505
51510
51543
51545
51549
51549
51555
51558
51579
51581
51585
51589
51592
51597
51597
51600
51602
51603
51630
51630
51633
51644
51648
51655
51657
51657
51675
51679
51681
51701
51705
51708
51722
51726
51728
51740
51748
51749
51765
51765
51774
51779
51782
51789
51790
51794
51797
51804
51813
51817
51826
51848
51850
51854
51871
51874
51893
51896
51902
51905
51968
51977
51979
51988
52001
52006
52023
52041
52043
52046
52058
52059
52061
52063
52075
52076
52081
52108
52116
52128
52138
52152
52152
52160
52187
52193
52199
52202
52205
52215
52219
52224
52227
52238
52239
52248
52248
52256
52258
52261
52284
52286
52292
52292
52293
52297
52300
52300
52314
52322
52326
52332
52337
52338
52339
52345
52345
52362
52367
52373
52377
52378
52393
52394
52395
52397
52398
52407
52418
52432
52433
52438
52438
52444
52455
52463
52468
52495
52498
52504
52517
52519
52520
52525
52528
52530
52535
52539
52540
52554
52554
52556
52565
52567
52570
52572
52584
52595
52598
52602
52623
52630
52632
52633
52649
52653
52661
52662
52662
52665
52671
52672
52678
52682
52687
52692
52710
52712
52731
52738
52746
52763
52764
52771
52774
52781
52782
52796
52796
52797
52797
52807
52827
52831
52839
52861
52865
52872
52873
52886
52890
52895
52903
52909
52914
52917
52918
52922
52928
52945
52948
52966
52992
52995
53000
53002
53010
53020
53023
53029
53033
53047
53052
53058
53060
53071
53072
53079
53084
53089
53096
53106
53106
53121
53138
53153
53157
53168
53189
53190
53199
53204
53214
53218
53230
53243
53244
53249
53253
53255
53255
53259
53260
53276
53277
53279
53292
53295
53301
53312
53327
53328
53329
53334
53335
53339
53372
53388
53392
53395
53410
53420
53435
53436
53459
53461
53477
53502
53505
53505
53509
53530
53530
53543
53549
53559
53564
53570
53577
53589
53598
53599
53599
53599
53605
53614
53624
53630
53636
53648
53659
53659
53667
53675
53677
53679
53687
53693
53698
53701
53705
53707
53708
53713
53713
53723
53723
53726
53737
53740
53744
53747
53764
53766
53768
53816
53820
53828
53835
53847
53851
53852
53855
53863
53864
53866
53874
53875
53886
53904
53905
53905
53907
53926
53957
53961
53978
54005
54014
54043
54045
54053
54057
54057
54059
54080
54082
54087
54087
54097
54099
54113
54121
54123
54137
54146
54149
54162
54164
54165
54173
54184
54186
54195
54209
54211
54212
54227
54231
54231
54233
54233
54233
54258
54259
54262
54263
54268
54272
54278
54294
54312
54338
54341
54357
54368
54396
54397
54400
54402
54403
54404
54404
54418
54423
54424
54424
54432
54436
54437
54453
54465
54467
54506
54516
54518
54520
54523
54525
54530
54555
54557
54560
54576
54584
54585
54588
54598
54599
54601
54604
54604
54614
54614
54618
54622
54630
54633
54642
54653
54654
54658
54666
54671
54672
54677
54681
54681
54689
54690
54704
54706
54728
54744
54748
54750
54755
54765
54783
54785
54811
54814
54820
54821
54830
54831
54846
54854
54855
54862
54877
54879
54888
54889
54889
54891
54891
54898
54900
54907
54909
54911
54918
54924
54948
54954
54977
54991
55006
55006
55013
55016
55023
55029
55039
55039
55056
55059
55073
55074
55077
55078
55081
55107
55120
55128
55146
55163
55173
55175
55175
55182
55194
55225
55225
55226
55229
55238
55244
55246
55257
55261
55261
55280
55306
55310
55315
55325
55327
55331
55335
55340
55363
55367
55367
55374
55387
55393
55407
55417
55422
55469
55471
55473
55483
55493
55501
55523
55524
55535
55546
55549
55553
55554
55559
55560
55565
55577
55582
55584
55585
55593
55610
55620
55626
55627
55636
55640
55646
55647
55653
55685
55695
55696
55702
55712
55713
55725
55730
55734
55739
55742
55744
55751
55752
55754
55757
55758
55758
55768
55778
55782
55786
55787
55793
55803
55814
55819
55825
55826
55827
55833
55852
55863
55865
55868
55873
55880
55891
55892
55896
55897
55916
55921
55950
55952
55956
55959
55962
55974
55982
55989
55991
55999
56005
56005
56031
56056
56061
56066
56070
56074
56090
56123
56124
56139
56142
56142
56144
56150
56160
56161
56178
56183
56196
56197
56200
56213
56213
56213
56219
56227
56240
56244
56247
56254
56261
56269
56277
56279
56279
56282
56284
56289
56295
56302
56303
56307
56334
56342
56344
56349
56353
56360
56361
56361
56365
56369
56370
56371
56386
56388
56414
56426
56426
56440
56445
56446
56447
56459
56480
56484
56486
56498
56498
56500
56507
56512
56517
56531
56534
56552
56557
56558
56562
56565
56570
56571
56571
56576
56579
56591
56592
56597
56608
56612
56615
56621
56624
56628
56645
56645
56651
56668
56674
56696
56698
56701
56704
56725
56729
56740
56741
56775
56788
56810
56821
56828
56835
56836
56840
56846
56859
56860
56864
56870
56877
56879
56892
56895
56931
56946
56958
56970
56973
56979
56982
56983
57019
57028
57052
57068
57091
57092
57122
57136
57138
57140
57144
57158
57158
57172
57180
57198
57206
57215
57226
57233
57236
57236
57241
57248
57255
57256
57272
57281
57299
57301
57308
57312
57313
57353
57354
57365
57373
57375
57376
57395
57397
57397
57397
57399
57400
57404
57418
57436
57446
57450
57454
57489
57491
57492
57498
57502
57513
57515
57515
57519
57522
57534
57534
57551
57558
57571
57599
57603
57606
57611
57622
57638
57653
57675
57678
57690
57702
57708
57711
57714
57721
57743
57748
57763
57787
57790
57793
57795
57802
57806
57808
57812
57817
57838
57840
57844
57845
57845
57863
57864
57868
57881
57894
57894
57898
57904
57905
57908
57920
57924
57931
57941
57953
57963
57981
57993
58002
58010
58023
58039
58048
58059
58069
58071
58088
58090
58109
58129
58133
58151
58192
58192
58213
58215
58229
58238
58238
58241
58250
58253
58264
58274
58288
58314
58326
58341
58370
58378
58395
58399
58415
58420
58434
58436
58437
58438
58439
58446
58460
58465
58473
58477
58479
58486
58508
58534
58542
58560
58570
58570
58571
58597
58605
58635
58635
58639
58667
58670
58675
58681
58688
58696
58702
58729
58731
58733
58750
58756
58765
58767
58769
58773
58776
58777
58810
58813
58818
58826
58831
58838
58889
58893
58907
58920
58923
58930
58933
58942
58949
58951
58951
58952
58953
58961
58978
58986
58989
58993
58994
58994
58995
59010
59020
59025
59028
59042
59044
59052
59060
59062
59080
59090
59090
59094
59098
59107
59109
59122
59135
59145
59147
59147
59150
59156
59167
59176
59177
59178
59198
59208
59209
59209
59216
59220
59225
59226
59226
59234
59242
59249
59253
59262
59268
59277
59284
59289
59290
59301
59308
59315
59325
59331
59368
59371
59385
59391
59398
59430
59433
59444
59449
59450
59462
59463
59471
59475
59479
59485
59547
59548
59554
59559
59569
59589
59589
59594
59595
59606
59615
59628
59642
59645
59650
59670
59700
59701
59705
59709
59711
59717
59723
59724
59743
59750
59777
59780
59785
59792
59801
59805
59808
59823
59828
59834
59841
59858
59867
59868
59876
59877
59880
59885
59888
59892
59902
59903
59910
59920
59923
59939
59951
59955
59963
59965
59972
60007
60012
60016
60017
60031
60043
60049
60061
60066
60077
60079
60084
60085
60092
60094
60094
60101
60102
60105
60108
60114
60115
60132
60136
60138
60150
60150
60164
60176
60178
60179
60183
60183
60189
60209
60223
60224
60227
60240
60264
60279
60286
60298
60306
60313
60320
60325
60333
60350
60353
60373
60375
60379
60380
60380
60392
60392
60399
60411
60423
60426
60438
60443
60458
60460
60472
60483
60487
60487
60488
60494
60498
60505
60508
60514
60520
60520
60525
60535
60551
60556
60559
60567
60570
60572
60584
60590
60626
60633
60637
60640
60641
60649
60651
60664
60666
60671
60679
60681
60714
60717
60729
60730
60737
60754
60782
60797
60798
60806
60818
60819
60825
60827
60828
60835
60840
60845
60849
60851
60851
60855
60863
60863
60876
60877
60879
60890
60902
60911
60915
60921
60939
60940
60945
60961
60981
60981
60984
60985
60985
60991
61024
61030
61033
61044
61046
61051
61055
61062
61072
61152
61156
61164
61170
61171
61196
61197
61220
61223
61248
61255
61256
61265
61273
61273
61279
61304
61307
61312
61315
61345
61377
61405
61413
61464
61476
61484
61489
61491
61495
61496
61496
61500
61513
61521
61537
61540
61548
61553
61558
61563
61567
61586
61597
61602
61621
61630
61631
61645
61646
61649
61653
61658
61673
61677
61687
61693
61712
61721
61737
61741
61754
61761
61762
61763
61766
61771
61776
61782
61786
61790
61790
61792
61819
61824
61824
61870
61873
61873
61874
61899
61968
61974
62009
62013
62023
62025
62028
62033
62036
62047
62048
62049
62050
62052
62060
62071
62072
62078
62083
62083
62088
62088
62089
62106
62128
62140
62160
62174
62178
62196
62213
62213
62220
62228
62235
62237
62239
62239
62260
62263
62264
62265
62268
62280
62300
62340
62345
62350
62372
62373
62376
62389
62396
62397
62409
62418
62423
62424
62431
62460
62461
62463
62464
62464
62469
62476
62484
62491
62494
62506
62508
62518
62527
62534
62534
62538
62544
62550
62560
62563
62599
62603
62604
62613
62625
62654
62659
62663
62675
62696
62709
62711
62732
62750
62753
62777
62787
62790
62807
62811
62831
62834
62836
62856
62864
62873
62876
62879
62887
62893
62898
62899
62909
62910
62910
62922
62942
62954
62978
62982
62982
62983
62985
62986
62986
62999
63011
63016
63039
63083
63119
63125
63156
63182
63186
63188
63189
63190
63190
63197
63208
63216
63220
63226
63245
63281
63288
63300
63308
63308
63311
63321
63323
63329
63350
63377
63388
63389
63397
63408
63451
63456
63463
63473
63481
63517
63524
63528
63533
63535
63543
63546
63558
63560
63575
63581
63587
63597
63600
63602
63610
63620
63631
63631
63634
63641
63683
63688
63688
63694
63695
63696
63717
63717
63717
63718
63733
63736
63740
63751
63772
63773
63774
63783
63794
63800
63810
63810
63818
63828
63831
63836
63836
63854
63855
63884
63889
63889
63890
63895
63904
63917
63928
63934
63940
63951
63957
63962
63964
63966
63979
63981
64000
64002
64015
64026
64026
64026
64031
64054
64063
64066
64085
64085
64091
64111
64113
64123
64127
64128
64129
64134
64154
64157
64165
64167
64172
64173
64179
64180
64181
64191
64217
64234
64235
64240
64241
64247
64257
64260
64265
64281
64299
64299
64300
64301
64301
64313
64321
64322
64322
64325
64334
64335
64340
64355
64357
64372
64373
64375
64390
64395
64399
64410
64425
64431
64445
64450
64471
64478
64487
64499
64505
64513
64518
64522
64525
64530
64541
64561
64563
64578
64592
64598
64610
64615
64617
64620
64633
64642
64643
64650
64652
64662
64667
64671
64685
64691
64694
64701
64703
64720
64727
64739
64752
64755
64756
64783
64790
64796
64823
64823
64824
64826
64827
64832
64844
64857
64860
64862
64873
64879
64884
64887
64892
64909
64910
64941
64946
64952
64958
64961
64961
64963
64977
64980
64993
64993
64999
65006
65015
65016
65019
65021
65021
65022
65042
65043
65045
65051
65051
65054
65061
65066
65068
65085
65088
65104
65113
65123
65137
65158
65158
65159
65163
65171
65186
65191
65211
65214
65220
65220
65229
65237
65239
65248
65253
65253
65289
65303
65308
65308
65309
65310
65313
65315
65315
65334
65334
65354
65364
65398
65404
65413
65423
65432
65458
65478
65481
65485
65509
65515
65518
65525
65543
65549
65551
65564
65568
65586
65587
65610
65625
65634
65647
65651
65667
65697
65701
65703
65707
65713
65723
65730
65734
65736
65737
65742
65745
65748
65753
65754
65754
65758
65759
65772
65779
65780
65791
65796
65804
65813
65824
65830
65831
65831
65841
65848
65854
65855
65859
65866
65877
65880
65882
65884
65889
65896
65911
65913
65921
65932
65936
65937
65938
65952
65970
65972
66001
66005
66022
66026
66030
66049
66050
66054
66055
66056
66070
66073
66080
66091
66103
66116
66136
66138
66153
66166
66168
66168
66170
66185
66207
66210
66225
66227
66257
66262
66266
66270
66277
66284
66285
66286
66299
66307
66309
66330
66331
66331
66348
66350
66354
66368
66373
66406
66407
66410
66415
66433
66436
66439
66450
66451
66461
66466
66470
66488
66509
66521
66523
66527
66530
66545
66557
66593
66615
66621
66621
66627
66628
66632
66639
66640
66643
66651
66655
66656
66661
66666
66670
66673
66676
66679
66704
66715
66716
66717
66720
66727
66734
66734
66741
66743
66754
66758
66765
66766
66782
66796
66799
66799
66801
66801
66803
66804
66809
66821
66832
66839
66843
66857
66882
66883
66895
66916
66919
66933
66933
66943
66948
66964
66969
66976
66983
66984
66985
66989
66994
67005
67019
67024
67028
67040
67041
67046
67056
67057
67065
67066
67067
67078
67082
67087
67088
67097
67104
67117
67122
67123
67124
67130
67139
67155
67157
67175
67183
67190
67197
67199
67202
67210
67213
67217
67226
67230
67238
67239
67248
67250
67277
67278
67284
67294
67345
67375
67375
67382
67394
67398
67399
67403
67408
67417
67426
67450
67458
67459
67462
67465
67465
67474
67476
67486
67489
67492
67494
67498
67499
67505
67507
67508
67516
67523
67536
67539
67545
67552
67573
67574
67578
67578
67585
67589
67591
67605
67608
67636
67643
67645
67654
67661
67669
67674
67678
67688
67696
67699
67701
67702
67704
67705
67713
67713
67717
67720
67720
67723
67723
67756
67762
67769
67772
67803
67811
67811
67815
67817
67821
67823
67828
67829
67862
67880
67885
67888
67912
67921
67922
67922
67932
67936
67940
67951
67955
67968
67969
67970
68001
68008
68011
68018
68027
68046
68072
68072
68076
68086
68089
68091
68104
68121
68121
68130
68146
68156
68166
68171
68171
68172
68183
68213
68217
68224
68227
68230
68241
68254
68260
68263
68297
68298
68303
68305
68306
68306
68307
68308
68309
68313
68318
68324
68333
68336
68354
68359
68366
68377
68383
68386
68388
68395
68403
68415
68417
68437
68453
68453
68461
68470
68471
68476
68480
68481
68482
68483
68484
68491
68496
68503
68503
68516
68517
68520
68524
68527
68527
68535
68548
68549
68564
68572
68586
68608
68613
68620
68639
68644
68648
68653
68669
68672
68672
68716
68728
68728
68731
68742
68743
68755
68767
68769
68778
68794
68812
68816
68822
68827
68828
68831
68832
68833
68835
68837
68841
68848
68849
68849
68854
68859
68865
68885
68897
68901
68904
68908
68925
68934
68948
68949
68964
68965
68975
69002
69005
69009
69020
69023
69038
69046
69048
69053
69070
69078
69084
69106
69118
69129
69131
69150
69152
69155
69168
69169
69177
69177
69180
69189
69190
69193
69208
69211
69214
69221
69226
69249
69266
69270
69284
69301
69313
69324
69327
69349
69354
69365
69387
69394
69398
69404
69413
69427
69449
69452
69454
69454
69454
69477
69487
69489
69489
69489
69490
69529
69535
69540
69544
69561
69563
69594
69596
69599
69606
69608
69621
69623
69625
69632
69638
69648
69648
69655
69692
69714
69720
69726
69738
69744
69754
69757
69771
69775
69777
69786
69878
69879
69887
69913
69917
69920
69921
69935
69939
69951
69956
69960
69984
69987
69991
70002
70007
70012
70018
70028
70029
70031
70032
70042
70047
70061
70064
70065
70071
70091
70098
70101
70111
70114
70120
70164
70174
70183
70183
70205
70214
70223
70225
70236
70239
70249
70251
70255
70268
70276
70281
70288
70293
70322
70331
70335
70336
70358
70375
70380
70380
70383
70384
70391
70401
70423
70437
70440
70452
70455
70457
70463
70464
70471
70474
70475
70476
70477
70486
70491
70494
70522
70543
70546
70548
70554
70569
70572
70575
70580
70581
70588
70589
70596
70596
70599
70599
70608
70613
70638
70647
70655
70669
70690
70694
70706
70707
70710
70718
70721
70731
70735
70749
70760
70761
70774
70777
70779
70796
70799
70805
70815
70841
70844
70855
70863
70882
70883
70896
70902
70918
70921
70924
70936
70936
70947
70953
70963
70967
70969
70972
70981
70991
70997
71019
71021
71023
71038
71058
71058
71065
71067
71073
71073
71085
71086
71090
71092
71096
71120
71124
71131
71133
71144
71162
71172
71176
71185
71187
71190
71197
71204
71217
71220
71230
71249
71274
71297
71314
71320
71334
71345
71346
71384
71403
71417
71434
71448
71463
71466
71469
71472
71478
71481
71485
71502
71515
71521
71521
71522
71524
71525
71543
71550
71552
71559
71563
71565
71578
71579
71593
71596
71596
71612
71619
71620
71623
71632
71634
71635
71642
71652
71655
71666
71675
71681
71693
71698
71704
71709
71726
71737
71739
71740
71754
71767
71774
71779
71792
71796
71797
71805
71811
71813
71817
71822
71836
71837
71837
71839
71841
71845
71847
71849
71852
71855
71863
71871
71873
71876
71885
71886
71899
71901
71906
71909
71919
71929
71944
71964
71965
71973
71978
71990
71996
72005
72014
72022
72034
72034
72035
72043
72055
72063
72076
72077
72090
72099
72110
72111
72112
72129
72139
72144
72150
72155
72159
72163
72169
72185
72190
72191
72193
72199
72208
72211
72214
72220
72221
72235
72249
72251
72252
72253
72256
72258
72263
72265
72265
72270
72282
72284
72286
72287
72292
72297
72304
72306
72310
72319
72330
72338
72364
72372
72391
72394
72407
72415
72418
72420
72444
72452
72453
72466
72480
72486
72489
72492
72508
72521
72523
72554
72556
72578
72581
72586
72592
72597
72612
72621
72622
72625
72627
72636
72636
72638
72640
72646
72655
72665
72668
72683
72695
72718
72720
72739
72764
72780
72782
72784
72795
72796
72813
72814
72822
72850
72854
72860
72866
72868
72887
72895
72937
72938
72943
72956
72958
72968
72976
72987
72992
73005
73011
73019
73039
73055
73059
73061
73072
73083
73100
73102
73115
73144
73145
73151
73152
73153
73161
73171
73172
73178
73181
73192
73203
73203
73245
73256
73269
73279
73292
73300
73315
73315
73323
73334
73336
73343
73345
73348
73360
73361
73372
73374
73377
73411
73411
73413
73413
73416
73426
73434
73439
73449
73458
73465
73468
73480
73481
73490
73517
73523
73528
73530
73536
73537
73539
73550
73553
73555
73562
73567
73580
73587
73610
73615
73648
73665
73673
73674
73688
73690
73696
73698
73707
73715
73727
73727
73732
73738
73742
73746
73760
73777
73780
73783
73785
73804
73805
73807
73808
73811
73814
73814
73818
73838
73840
73853
73856
73856
73862
73864
73866
73871
73874
73876
73881
73883
73886
73895
73898
73903
73914
73933
73936
73937
73951
73962
73988
73996
73996
74000
74016
74019
74023
74032
74035
74040
74046
74049
74051
74056
74063
74064
74066
74078
74093
74098
74103
74105
74125
74131
74131
74146
74166
74168
74172
74189
74213
74234
74234
74235
74239
74242
74250
74250
74250
74252
74265
74282
74291
74298
74306
74321
74326
74326
74341
74347
74348
74361
74363
74369
74374
74375
74400
74413
74415
74425
74428
74442
74447
74447
74451
74452
74453
74453
74454
74464
74464
74472
74475
74477
74478
74479
74490
74501
74509
74511
74519
74529
74541
74555
74563
74575
74576
74602
74609
74613
74643
74645
74657
74660
74664
74666
74671
74685
74686
74701
74747
74751
74754
74771
74775
74784
74799
74804
74828
74836
74853
74861
74866
74875
74876
74877
74890
74892
74899
74929
74933
74955
74961
74967
74969
75004
75020
75024
75041
75066
75088
75113
75135
75135
75159
75162
75181
75183
75195
75200
75201
75201
75202
75209
75220
75223
75234
75237
75239
75260
75261
75273
75281
75289
75299
75307
75324
75341
75343
75345
75348
75358
75369
75369
75391
75400
75407
75415
75421
75432
75452
75455
75456
75456
75460
75464
75481
75484
75494
75495
75497
75523
75531
75533
75543
75550
75551
75562
75578
75580
75593
75594
75595
75600
75609
75619
75621
75642
75643
75644
75658
75659
75673
75685
75704
75715
75745
75752
75766
75767
75800
75808
75818
75822
75826
75830
75847
75850
75850
75857
75863
75866
75873
75885
75891
75894
75895
75899
75905
75910
75931
75937
75945
75947
75947
75961
75964
75968
75968
75969
75972
75981
75994
75995
76008
76010
76018
76022
76037
76045
76048
76048
76054
76055
76061
76065
76069
76073
76080
76081
76088
76091
76094
76096
76101
76107
76108
76114
76136
76145
76146
76150
76151
76152
76155
76185
76189
76196
76248
76252
76252
76255
76259
76262
76265
76271
76295
76320
76322
76328
76344
76358
76363
76371
76387
76395
76404
76406
76413
76421
76424
76428
76441
76454
76454
76472
76474
76489
76497
76501
76502
76505
76513
76514
76533
76543
76545
76551
76563
76564
76587
76596
76599
76602
76604
76611
76621
76622
76623
76629
76638
76643
76645
76651
76656
76660
76671
76679
76681
76691
76694
76709
76714
76716
76729
76729
76734
76740
76748
76773
76785
76799
76803
76805
76820
76836
76839
76846
76847
76848
76849
76873
76888
76889
76903
76931
76941
76960
76969
76972
76975
76976
76977
76980
76987
76994
76995
77000
77014
77041
77059
77065
77067
77068
77069
77074
77079
77085
77085
77107
77116
77118
77134
77137
77158
77192
77219
77225
77230
77231
77243
77251
77254
77254
77263
77267
77273
77284
77284
77318
77325
77338
77346
77360
77365
77370
77371
77395
77397
77398
77399
77415
77427
77438
77442
77445
77448
77470
77477
77489
77495
77537
77538
77546
77554
77557
77568
77571
77574
77582
77587
77645
77646
77650
77654
77665
77667
77671
77689
77698
77705
77709
77713
77713
77713
77721
77740
77744
77750
77753
77755
77755
77762
77768
77779
77780
77786
77787
77788
77794
77794
77803
77833
77850
77851
77867
77867
77873
77884
77892
77898
77907
77919
77922
77928
77952
77975
77992
77992
77998
78000
78007
78011
78031
78039
78043
78044
78048
78062
78067
78068
78071
78076
78093
78096
78098
78111
78118
78120
78121
78130
78132
78149
78153
78161
78165
78168
78174
78180
78181
78182
78196
78202
78212
78221
78227
78234
78235
78236
78250
78251
78253
78261
78264
78267
78274
78277
78277
78284
78304
78306
78307
78308
78311
78314
78320
78322
78323
78364
78368
78369
78371
78379
78380
78384
78391
78392
78395
78399
78402
78403
78404
78405
78430
78432
78434
78436
78462
78466
78466
78475
78484
78487
78488
78495
78498
78527
78554
78562
78573
78578
78582
78585
78586
78590
78591
78619
78621
78660
78666
78668
78719
78729
78738
78767
78773
78788
78815
78824
78828
78846
78848
78866
78870
78877
78892
78894
78896
78911
78912
78920
78936
78936
78940
78956
78956
78966
78968
78985
78994
78998
79009
79023
79032
79035
79047
79050
79054
79058
79070
79075
79098
79100
79109
79113
79128
79130
79130
79145
79147
79151
79152
79156
79166
79170
79173
79183
79206
79214
79242
79243
79246
79247
79250
79271
79293
79306
79319
79322
79329
79337
79338
79375
79384
79386
79395
79428
79445
79445
79448
79449
79465
79485
79506
79509
79525
79528
79542
79554
79555
79569
79570
79574
79584
79586
79590
79595
79600
79603
79603
79621
79623
79642
79645
79646
79646
79649
79664
79665
79689
79694
79698
79712
79714
79728
79730
79736
79742
79756
79762
79764
79769
79777
79780
79783
79787
79798
79798
79808
79820
79838
79839
79843
79845
79848
79857
79870
79871
79875
79876
79877
79880
79888
79891
79892
79900
79904
79908
79915
79921
79933
79943
79949
79962
79966
79968
79975
79984
79987
79996
80004
80006
80011
80015
80016
80017
80017
80023
80023
80030
80043
80054
80058
80060
80080
80081
80091
80093
80096
80111
80114
80118
80121
80125
80126
80128
80131
80140
80143
80149
80153
80154
80154
80167
80169
80169
80173
80184
80186
80194
80202
80207
80211
80218
80220
80224
80224
80231
80234
80240
80243
80262
80265
80277
80279
80287
80289
80292
80316
80327
80345
80373
80375
80390
80397
80411
80429
80432
80445
80447
80452
80460
80467
80478
80484
80522
80536
80544
80563
80575
80585
80585
80586
80604
80611
80615
80663
80678
80687
80687
80695
80699
80707
80727
80727
80727
80757
80768
80780
80799
80830
80842
80854
80875
80878
80882
80883
80893
80894
80904
80913
80917
80928
80933
80935
80939
80995
81016
81024
81073
81090
81092
81095
81100
81103
81105
81111
81111
81114
81114
81128
81130
81134
81142
81146
81155
81162
81189
81195
81196
81199
81205
81213
81243
81268
81302
81304
81334
81338
81341
81346
81348
81350
81376
81381
81404
81406
81409
81411
81437
81441
81443
81452
81457
81463
81466
81468
81478
81481
81481
81487
81493
81494
81495
81496
81497
81497
81498
81504
81507
81511
81523
81540
81554
81557
81568
81568
81576
81585
81593
81611
81622
81629
81633
81646
81659
81663
81665
81671
81672
81672
81681
81689
81692
81697
81702
81706
81718
81718
81719
81720
81728
81728
81736
81737
81738
81767
81772
81772
81789
81801
81816
81826
81835
81840
81846
81853
81854
81866
81867
81870
81876
81879
81903
81903
81910
81911
81911
81913
81921
81924
81924
81928
81930
81931
81934
81936
81940
81940
81943
81943
81944
81949
81968
81972
81982
81996
82003
82020
82024
82026
82041
82057
82062
82078
82091
82099
82100
82110
82124
82135
82140
82145
82147
82154
82157
82158
82164
82192
82199
82202
82203
82206
82209
82225
82243
82257
82257
82258
82261
82264
82264
82277
82288
82295
82318
82322
82325
82327
82341
82348
82369
82378
82379
82380
82393
82396
82404
82411
82411
82411
82416
82419
82432
82444
82454
82461
82483
82483
82493
82494
82500
82503
82503
82505
82509
82514
82515
82518
82532
82534
82536
82537
82543
82548
82566
82573
82573
82580
82593
82595
82649
82654
82660
82665
82682
82687
82701
82720
82725
82730
82753
82775
82779
82784
82790
82794
82799
82828
82836
82849
82855
82863
82865
82877
82878
82884
82887
82888
82903
82906
82910
82929
82929
82933
82934
82936
82952
82956
82963
82966
82982
83028
83033
83047
83065
83068
83075
83082
83096
83114
83116
83125
83130
83140
83156
83157
83170
83179
83193
83207
83211
83212
83244
83262
83268
83268
83271
83272
83272
83295
83296
83296
83316
83340
83345
83361
83366
83366
83367
83370
83370
83375
83376
83393
83393
83406
83424
83428
83429
83434
83436
83444
83445
83449
83449
83454
83470
83478
83479
83482
83498
83513
83516
83523
83528
83555
83576
83581
83582
83591
83603
83620
83626
83629
83629
83633
83634
83636
83638
83653
83664
83668
83669
83680
83685
83689
83691
83698
83702
83705
83713
83715
83741
83750
83759
83764
83771
83772
83777
83778
83781
83809
83810
83811
83814
83815
83824
83835
83852
83863
83882
83885
83893
83896
83901
83907
83908
83913
83925
83928
83941
83944
83952
83976
83977
84003
84032
84032
84060
84073
84080
84094
84107
84120
84136
84138
84146
84155
84155
84164
84165
84172
84174
84183
84183
84184
84195
84215
84216
84217
84231
84234
84235
84237
84239
84242
84243
84249
84259
84287
84294
84299
84315
84318
84319
84332
84332
84335
84337
84351
84359
84363
84369
84369
84372
84385
84435
84441
84442
84449
84453
84455
84460
84466
84472
84480
84483
84485
84488
84489
84514
84526
84542
84550
84550
84550
84554
84555
84559
84565
84571
84572
84576
84582
84583
84585
84594
84598
84598
84616
84619
84622
84655
84670
84672
84679
84681
84700
84705
84708
84726
84731
84735
84740
84763
84781
84789
84791
84804
84807
84836
84842
84854
84900
84914
84926
84933
84937
84955
84956
84972
84976
84977
84981
84981
84985
85000
85000
85005
85009
85010
85021
85023
85031
85038
85039
85081
85088
85100
85105
85129
85135
85149
85161
85161
85169
85170
85173
85178
85179
85181
85197
85206
85207
85216
85216
85218
85224
85226
85227
85228
85238
85241
85245
85253
85269
85289
85298
85299
85301
85331
85339
85368
85371
85379
85387
85389
85392
85417
85421
85430
85440
85458
85471
85474
85475
85476
85476
85481
85492
85511
85516
85524
85526
85535
85537
85553
85558
85568
85568
85596
85600
85606
85633
85643
85643
85653
85660
85663
85680
85681
85682
85687
85687
85709
85714
85717
85721
85726
85740
85743
85750
85763
85798
85799
85814
85815
85815
85816
85847
85866
85868
85892
85900
85900
85903
85912
85915
85935
85937
85941
85943
85945
85946
85966
85968
85971
85971
85977
85979
85983
85986
85993
85998
86009
86014
86016
86021
86023
86025
86025
86025
86054
86070
86075
86076
86093
86104
86107
86108
86119
86120
86150
86152
86153
86161
86161
86164
86167
86170
86170
86185
86196
86199
86212
86230
86236
86243
86246
86248
86264
86272
86279
86293
86295
86296
86302
86308
86314
86324
86328
86329
86331
86334
86335
86348
86358
86365
86374
86391
86396
86404
86409
86411
86424
86425
86426
86432
86434
86441
86445
86458
86467
86469
86507
86509
86556
86572
86573
86582
86589
86591
86618
86637
86643
86643
86644
86653
86653
86657
86674
86688
86704
86705
86722
86722
86740
86745
86760
86761
86765
86775
86778
86796
86797
86825
86837
86843
86850
86856
86865
86868
86892
86896
86901
86912
86937
86943
86962
86976
86981
86985
86987
87000
87001
87041
87067
87067
87072
87080
87081
87084
87087
87090
87104
87106
87113
87117
87123
87139
87142
87148
87155
87160
87161
87171
87177
87185
87188
87203
87205
87210
87254
87265
87279
87281
87282
87285
87307
87334
87337
87356
87357
87368
87369
87372
87380
87380
87382
87398
87401
87402
87426
87427
87428
87436
87443
87453
87456
87456
87459
87460
87470
87474
87477
87482
87482
87489
87497
87502
87505
87509
87512
87512
87514
87514
87522
87528
87536
87536
87540
87547
87548
87551
87553
87554
87558
87562
87565
87568
87579
87582
87593
87594
87606
87610
87617
87617
87617
87618
87620
87622
87645
87652
87653
87660
87666
87673
87674
87680
87694
87695
87701
87703
87712
87721
87731
87734
87741
87742
87743
87747
87764
87765
87780
87781
87789
87791
87800
87807
87821
87846
87846
87849
87855
87858
87867
87878
87884
87898
87915
87943
87951
87951
87954
87957
87966
87982
87990
87997
88008
88010
88013
88014
88020
88030
88039
88043
88043
88052
88053
88057
88066
88097
88101
88119
88132
88133
88134
88153
88166
88168
88173
88179
88182
88184
88186
88189
88198
88211
88214
88222
88236
88244
88246
88253
88255
88259
88300
88304
88307
88315
88324
88325
88330
88337
88353
88355
88364
88374
88394
88421
88422
88438
88458
88461
88469
88469
88486
88488
88493
88525
88548
88555
88568
88577
88578
88587
88599
88606
88607
88608
88608
88609
88619
88633
88644
88652
88677
88684
88684
88691
88700
88706
88717
88718
88727
88733
88751
88754
88755
88755
88765
88769
88781
88787
88802
88807
88809
88815
88816
88832
88833
88866
88894
88896
88897
88901
88905
88905
88908
88929
88976
88990
88995
89001
89009
89012
89022
89024
89031
89043
89063
89067
89079
89094
89100
89106
89107
89107
89107
89112
89122
89134
89139
89144
89151
89159
89185
89223
89226
89229
89233
89246
89249
89254
89268
89268
89268
89269
89273
89275
89285
89287
89300
89307
89315
89320
89324
89325
89335
89338
89340
89345
89373
89376
89394
89396
89400
89403
89411
89411
89415
89428
89432
89433
89456
89473
89489
89523
89523
89533
89533
89535
89558
89560
89562
89577
89590
89594
89595
89596
89596
89597
89604
89611
89612
89613
89620
89623
89633
89639
89646
89654
89656
89670
89680
89700
89718
89719
89723
89749
89752
89762
89764
89769
89777
89780
89790
89791
89828
89845
89853
89855
89861
89871
89878
89879
89886
89889
89890
89913
89929
89930
89932
89937
89939
89940
89944
89953
89958
89969
89975
89981
89987
90001
90038
90041
90051
90062
90067
90074
90079
90087
90089
90091
90096
90111
90112
90115
90116
90116
90121
90139
90152
90155
90156
90182
90190
90194
90209
90221
90223
90245
90245
90247
90265
90272
90283
90289
90292
90294
90300
90303
90308
90325
90328
90331
90335
90342
90352
90377
90413
90414
90417
90423
90425
90440
90447
90456
90476
90479
90486
90507
90513
90515
90516
90519
90529
90531
90571
90573
90585
90611
90622
90641
90643
90648
90659
90663
90667
90683
90690
90697
90708
90718
90726
90736
90738
90743
90746
90757
90760
90789
90797
90819
90823
90851
90851
90853
90853
90894
90896
90899
90899
90916
90917
90920
90923
90940
90961
90971
91005
91017
91017
91020
91028
91035
91038
91052
91064
91069
91080
91099
91104
91111
91121
91126
91132
91138
91145
91170
91171
91174
91200
91211
91215
91227
91242
91244
91266
91270
91279
91280
91288
91301
91301
91303
91304
91310
91313
91317
91324
91326
91327
91348
91365
91366
91377
91377
91384
91396
91398
91406
91413
91429
91441
91453
91461
91475
91475
91502
91502
91504
91509
91518
91523
91532
91539
91568
91572
91572
91574
91585
91594
91600
91610
91615
91618
91631
91640
91640
91641
91642
91645
91648
91657
91661
91668
91669
91677
91684
91693
91698
91699
91712
91714
91736
91754
91764
91765
91768
91778
91788
91800
91804
91804
91806
91815
91825
91826
91837
91838
91841
91844
91846
91850
91858
91861
91890
91896
91904
91923
91928
91931
91948
91951
91952
91965
91973
91974
91978
91978
91981
91984
92009
92010
92031
92031
92041
92050
92059
92061
92064
92077
92086
92088
92096
92108
92111
92115
92115
92146
92151
92151
92153
92162
92168
92187
92192
92206
92212
92228
92237
92243
92244
92254
92276
92282
92287
92291
92308
92312
92328
92334
92347
92350
92352
92357
92365
92366
92370
92381
92384
92391
92394
92394
92424
92428
92432
92450
92451
92476
92476
92479
92483
92485
92496
92518
92520
92529
92575
92582
92583
92583
92589
92612
92613
92614
92617
92634
92637
92638
92639
92644
92659
92665
92666
92679
92687
92698
92699
92722
92729
92751
92757
92760
92767
92780
92806
92813
92815
92817
92830
92837
92849
92852
92861
92875
92875
92881
92886
92895
92907
92918
92923
92930
92933
92936
92964
92969
92971
92978
92989
92991
92992
93005
93008
93020
93022
93023
93030
93044
93062
93066
93073
93086
93096
93119
93128
93135
93138
93144
93154
93159
93164
93176
93191
93195
93205
93212
93226
93228
93233
93249
93250
93250
93253
93266
93276
93280
93283
93295
93307
93313
93317
93322
93334
93346
93348
93365
93372
93381
93390
93398
93406
93428
93429
93434
93436
93468
93468
93470
93470
93470
93476
93477
93487
93487
93490
93517
93526
93530
93537
93545
93549
93556
93560
93565
93578
93582
93585
93585
93587
93588
93589
93590
93599
93601
93604
93628
93639
93647
93651
93668
93683
93685
93697
93697
93703
93704
93710
93721
93727
93730
93734
93757
93759
93765
93767
93778
93813
93815
93824
93833
93851
93864
93866
93868
93879
93880
93891
93908
93909
93910
93916
93925
93925
93931
93933
93937
93937
93945
93954
93979
93986
93989
93999
94001
94018
94020
94035
94037
94043
94048
94049
94058
94071
94075
94076
94098
94100
94108
94109
94109
94111
94127
94139
94156
94169
94169
94179
94181
94200
94206
94225
94254
94286
94292
94325
94335
94362
94371
94372
94425
94438
94470
94472
94476
94504
94514
94565
94572
94573
94575
94596
94605
94651
94654
94656
94676
94687
94717
94734
94736
94753
94762
94799
94807
94820
94836
94869
94891
94896
94906
94949
94961
94964
94971
95000
95023
95024
95030
95040
95049
95070
95086
95097
95113
95123
95139
95141
95150
95152
95155
95184
95194
95197
95211
95250
95258
95262
95262
95265
95285
95290
95291
95296
95303
95314
95323
95330
95342
95343
95357
95367
95368
95369
95376
95378
95379
95385
95388
95395
95399
95402
95413
95415
95428
95433
95434
95437
95441
95444
95463
95475
95476
95489
95503
95506
95515
95543
95546
95559
95561
95562
95565
95569
95586
95595
95601
95605
95616
95622
95633
95667
95682
95687
95691
95692
95706
95715
95717
95721
95724
95747
95749
95751
95751
95765
95769
95773
95773
95774
95774
95776
95791
95795
95800
95800
95807
95821
95827
95849
95856
95870
95879
95894
95900
95901
95909
95911
95934
95940
95950
95958
95961
95981
95986
95988
95996
96001
96005
96019
96035
96035
96038
96051
96060
96069
96084
96091
96091
96096
96103
96134
96139
96150
96153
96161
96170
96170
96178
96193
96228
96249
96251
96259
96265
96281
96286
96290
96316
96340
96382
96389
96402
96408
96412
96414
96415
96424
96446
96447
96461
96525
96525
96538
96539
96551
96561
96563
96565
96568
96575
96580
96603
96607
96627
96634
96662
96669
96674
96676
96678
96686
96705
96717
96721
96730
96732
96738
96756
96758
96759
96761
96775
96786
96835
96839
96841
96854
96865
96865
96869
96873
96885
96890
96923
96933
96959
96963
96964
96972
96985
96986
97003
97009
97012
97017
97022
97030
97054
97076
97079
97090
97112
97118
97122
97130
97130
97135
97150
97152
97156
97157
97161
97166
97179
97211
97247
97251
97251
97252
97253
97259
97260
97267
97268
97296
97307
97342
97342
97366
97367
97380
97380
97387
97404
97422
97426
97427
97429
97432
97433
97436
97457
97477
97483
97484
97484
97488
97494
97504
97527
97534
97537
97547
97563
97565
97568
97569
97576
97580
97586
97596
97597
97598
97604
97605
97607
97613
97618
97618
97637
97637
97641
97649
97661
97662
97671
97679
97680
97690
97695
97703
97709
97715
97727
97758
97770
97777
97791
97793
97819
97821
97823
97836
97841
97842
97849
97880
97889
97889
97904
97909
97910
97916
97925
97940
97965
97969
97974
97991
97991
98006
98007
98013
98014
98028
98030
98036
98040
98043
98046
98047
98055
98067
98068
98074
98079
98091
98092
98094
98098
98103
98104
98106
98114
98130
98135
98136
98137
98150
98163
98172
98177
98199
98200
98201
98212
98216
98219
98235
98236
98240
98243
98255
98293
98293
98299
98311
98312
98339
98339
98353
98365
98377
98415
98430
98465
98493
98497
98514
98521
98530
98540
98561
98565
98571
98575
98575
98580
98598
98598
98603
98613
98658
98669
98695
98700
98708
98722
98735
98735
98742
98752
98761
98772
98781
98781
98784
98786
98825
98848
98861
98866
98872
98883
98905
98913
98921
98924
98929
98936
98942
98968
98978
98994
99000
99001
99010
99059
99085
99093
99093
99099
99100
99104
99106
99108
99113
99115
99121
99123
99173
99177
99203
99216
99224
99229
99236
99236
