11
13
30
49
57
77
80
93
104
107
115
118
122
142
178
179
204
231
245
267
306
307
307
311
312
325
330
330
334
349
357
359
361
396
399
403
407
413
414
424
428
428
438
460
487
496
528
533
536
542
551
562
570
580
593
609
635
637
640
652
678
679
682
686
703
713
720
737
741
752
754
755
797
803
823
835
835
839
844
845
850
864
866
877
883
886
887
900
918
936
962
986
991
994
997
998
999
1004
1047
1057
1088
1088
1101
1115
1121
1136
1145
1177
1211
1213
1240
1251
1285
1292
1296
1302
1312
1315
1321
1345
1374
1378
1417
1422
1438
1453
1464
1530
1533
1547
1556
1559
1560
1575
1582
1594
1635
1681
1721
1723
1738
1741
1758
1767
1783
1790
1839
1849
1867
1874
1877
1896
1896
1897
1916
1917
1920
1927
1933
1956
1968
1970
1972
1979
1984
1996
1999
2001
2013
2020
2029
2034
2043
2054
2059
2059
2071
2117
2118
2122
2160
2169
2176
2216
2218
2220
2235
2260
2271
2276
2276
2291
2311
2320
2335
2365
2367
2376
2382
2382
2408
2428
2454
2470
2482
2520
2525
2537
2564
2567
2575
2582
2590
2599
2681
2750
2760
2771
2775
2779
2821
2854
2862
2870
2885
2886
2890
2891
2915
2955
2966
2967
2970
2974
2985
2998
3011
3011
3048
3048
3054
3076
3104
3116
3123
3128
3133
3145
3150
3152
3155
3175
3188
3190
3195
3220
3223
3225
3232
3248
3258
3259
3276
3299
3300
3339
3380
3422
3426
3428
3458
3500
3516
3532
3548
3558
3565
3571
3573
3575
3590
3637
3638
3640
3660
3661
3661
3671
3675
3692
3699
3722
3728
3753
3758
3761
3763
3774
3777
3782
3787
3817
3834
3846
3853
3855
3875
3877
3879
3882
3889
3894
3898
3899
3925
3956
4004
4023
4025
4035
4049
4062
4067
4074
4083
4090
4091
4097
4106
4127
4148
4164
4170
4171
4175
4198
4231
4236
4240
4243
4246
4264
4278
4282
4284
4287
4307
4311
4320
4369
4385
4402
4415
4423
4423
4430
4435
4465
4473
4485
4507
4512
4524
4527
4542
4544
4546
4550
4557
4558
4558
4571
4575
4591
4592
4598
4605
4606
4623
4662
4678
4714
4719
4733
4749
4758
4770
4788
4791
4811
4819
4824
4825
4831
4834
4844
4873
4875
4880
4882
4887
4897
4909
4921
4932
4952
4961
4977
4981
4991
4991
5005
5011
5017
5023
5029
5032
5051
5054
5054
5073
5078
5083
5094
5097
5106
5123
5135
5140
5146
5156
5159
5168
5174
5180
5182
5186
5193
5218
5225
5263
5278
5290
5309
5318
5329
5337
5341
5369
5394
5414
5423
5426
5437
5438
5441
5443
5450
5465
5467
5483
5513
5522
5523
5538
5548
5580
5595
5596
5603
5613
5624
5639
5642
5647
5668
5676
5684
5693
5693
5757
5762
5763
5763
5764
5776
5778
5779
5792
5794
5799
5802
5802
5815
5815
5838
5858
5870
5907
5937
5947
5948
5966
5967
5968
5975
5977
5980
6005
6011
6018
6039
6047
6064
6068
6072
6096
6097
6109
6117
6122
6136
6141
6160
6174
6180
6191
6221
6228
6253
6254
6265
6274
6284
6289
6292
6296
6307
6325
6349
6371
6416
6443
6447
6451
6461
6485
6486
6494
6506
6515
6578
6584
6585
6588
6633
6635
6638
6638
6661
6662
6669
6672
6677
6684
6698
6706
6725
6729
6743
6771
6776
6778
6801
6808
6817
6820
6822
6825
6831
6836
6848
6852
6860
6861
6863
6864
6899
6899
6922
6925
6949
6958
6973
7016
7016
7020
7027
7043
7054
7073
7075
7079
7087
7107
7122
7129
7129
7134
7161
7180
7190
7210
7211
7221
7229
7236
7242
7260
7260
7265
7268
7270
7274
7291
7292
7294
7306
7317
7322
7343
7353
7366
7367
7400
7402
7409
7419
7428
7438
7455
7458
7461
7473
7477
7489
7496
7501
7519
7520
7522
7526
7527
7557
7559
7562
7565
7567
7574
7577
7578
7587
7592
7599
7603
7606
7610
7622
7636
7638
7640
7641
7648
7657
7661
7675
7682
7700
7722
7727
7758
7791
7792
7799
7800
7810
7822
7835
7837
7839
7839
7848
7855
7855
7857
7860
7864
7871
7871
7874
7891
7896
7904
7904
7928
7932
7935
7936
7941
7942
7956
7965
7966
7977
8006
8007
8017
8030
8033
8079
8087
8091
8126
8142
8144
8157
8162
8167
8201
8223
8224
8236
8237
8245
8248
8259
8280
8280
8294
8300
8309
8319
8323
8334
8354
8355
8393
8401
8417
8422
8430
8437
8446
8497
8512
8520
8542
8559
8610
8620
8629
8641
8653
8653
8673
8677
8682
8698
8711
8727
8736
8776
8791
8795
8796
8805
8809
8812
8822
8840
8841
8846
8848
8854
8878
8891
8898
8917
8921
8923
8932
8939
8954
8958
8959
8967
8986
9009
9015
9024
9028
9033
9037
9047
9059
9065
9078
9098
9120
9120
9133
9137
9144
9146
9152
9160
9163
9163
9171
9203
9206
9207
9229
9237
9248
9250
9253
9256
9264
9272
9275
9281
9284
9285
9290
9313
9333
9339
9339
9349
9359
9376
9381
9391
9402
9411
9449
9453
9464
9479
9488
9496
9498
9499
9500
9501
9509
9518
9521
9535
9542
9557
9562
9563
9572
9574
9580
9587
9589
9628
9639
9657
9663
9671
9674
9700
9708
9712
9717
9735
9738
9798
9805
9828
9829
9830
9843
9855
9867
9870
9874
9895
9895
9905
9912
9933
9945
9951
9958
9965
9977
9984
9991
9992
9992
10009
10010
10012
10013
10029
10033
10033
10034
10051
10060
10072
10096
10108
10110
10111
10116
10119
10124
10135
10137
10139
10148
10170
10172
10191
10194
10209
10211
10218
10221
10225
10236
10250
10254
10263
10273
10294
10296
10298
10318
10322
10323
10325
10330
10335
10338
10348
10358
10368
10374
10390
10402
10403
10419
10426
10429
10430
10430
10431
10438
10443
10448
10459
10470
10484
10495
10496
10502
10512
10520
10528
10533
10568
10570
10582
10584
10590
10596
10602
10614
10617
10618
10625
10637
10648
10657
10660
10669
10686
10694
10705
10722
10722
10733
10755
10782
10784
10791
10791
10793
10803
10817
10821
10822
10827
10828
10829
10829
10829
10831
10839
10845
10873
10877
10890
10892
10906
10909
10913
10922
10929
10930
10932
10936
10946
10966
10975
10977
10982
10988
10997
11000
11002
11004
11005
11010
11024
11028
11028
11031
11039
11040
11052
11053
11053
11057
11058
11075
11078
11090
11094
11098
11109
11111
11130
11146
11160
11166
11171
11172
11176
11179
11185
11185
11190
11193
11194
11203
11203
11214
11218
11226
11243
11243
11244
11259
11262
11283
11288
11295
11295
11304
11308
11343
11361
11365
11366
11367
11370
11371
11375
11377
11378
11383
11400
11412
11427
11431
11438
11449
11451
11458
11461
11464
11467
11482
11486
11493
11493
11510
11525
11525
11528
11545
11568
11569
11582
11587
11589
11608
11610
11624
11636
11647
11661
11667
11681
11684
11688
11689
11700
11700
11703
11714
11720
11721
11740
11769
11770
11770
11777
11778
11788
11799
11805
11811
11818
11827
11830
11833
11833
11859
11860
11871
11872
11872
11884
11887
11899
11902
11904
11922
11922
11949
11957
11966
11969
11985
11988
11999
12000
12009
12021
12026
12042
12045
12052
12053
12054
12056
12073
12074
12087
12108
12112
12135
12138
12150
12166
12176
12176
12192
12221
12223
12230
12241
12245
12247
12247
12261
12268
12282
12291
12298
12303
12305
12305
12318
12319
12326
12333
12342
12358
12365
12382
12382
12385
12394
12398
12401
12402
12409
12420
12430
12434
12442
12463
12476
12485
12508
12534
12537
12544
12548
12561
12567
12586
12603
12608
12624
12626
12640
12641
12643
12657
12674
12678
12681
12682
12690
12697
12723
12762
12765
12768
12775
12798
12802
12803
12804
12804
12808
12811
12814
12822
12851
12858
12867
12899
12906
12908
12917
12921
12938
12939
12957
12958
12962
12967
12971
12972
12973
12990
13002
13025
13028
13042
13045
13046
13060
13081
13081
13086
13102
13114
13132
13135
13141
13142
13144
13158
13165
13166
13167
13173
13175
13178
13181
13191
13191
13198
13222
13233
13242
13246
13248
13249
13254
13256
13269
13283
13286
13318
13321
13335
13336
13342
13344
13357
13378
13387
13388
13394
13401
13407
13417
13449
13461
13467
13477
13478
13483
13484
13517
13524
13537
13538
13548
13556
13558
13565
13570
13576
13595
13612
13614
13614
13615
13620
13629
13629
13630
13634
13638
13640
13644
13668
13673
13675
13678
13680
13687
13687
13709
13711
13736
13738
13742
13744
13761
13771
13782
13790
13795
13796
13812
13814
13821
13831
13860
13870
13871
13872
13878
13889
13911
13916
13933
13935
13940
13946
13948
13952
13964
13977
14003
14009
14032
14040
14044
14048
14054
14059
14063
14073
14077
14086
14090
14090
14092
14103
14107
14116
14130
14133
14158
14164
14168
14175
14190
14193
14210
14213
14213
14215
14217
14223
14250
14252
14258
14258
14259
14261
14262
14278
14287
14312
14319
14323
14324
14330
14330
14352
14358
14359
14362
14364
14371
14384
14393
14400
14400
14401
14422
14443
14445
14445
14453
14456
14465
14472
14477
14486
14488
14534
14539
14543
14554
14562
14566
14574
14601
14603
14606
14609
14633
14636
14637
14644
14650
14654
14665
14686
14713
14715
14720
14725
14745
14772
14777
14791
14794
14799
14802
14821
14823
14833
14836
14848
14853
14875
14877
14884
14886
14891
14899
14918
14920
14922
14929
14941
14945
14966
14976
14981
15002
15010
15020
15024
15025
15029
15032
15035
15049
15053
15055
15069
15080
15090
15097
15099
15133
15133
15134
15141
15143
15144
15144
15155
15157
15158
15162
15167
15170
15174
15184
15185
15185
15186
15189
15190
15202
15208
15210
15215
15221
15223
15231
15233
15261
15265
15269
15274
15275
15282
15282
15290
15296
15304
15306
15317
15318
15319
15322
15326
15342
15345
15346
15349
15354
15371
15372
15381
15388
15405
15407
15414
15423
15426
15434
15437
15443
15454
15459
15472
15473
15475
15485
15491
15494
15506
15515
15531
15536
15544
15549
15551
15562
15566
15569
15579
15582
15628
15631
15639
15641
15650
15657
15657
15659
15668
15669
15684
15699
15724
15728
15729
15730
15752
15763
15770
15771
15783
15799
15811
15826
15827
15829
15831
15874
15898
15899
15904
15905
15926
15929
15945
15953
15953
15974
15974
15975
15991
16002
16008
16010
16021
16022
16022
16025
16040
16043
16047
16049
16052
16052
16055
16074
16090
16100
16110
16117
16120
16128
16138
16142
16148
16172
16175
16211
16220
16226
16230
16243
16246
16247
16254
16262
16291
16300
16308
16312
16332
16340
16341
16341
16342
16350
16351
16363
16370
16371
16381
16383
16385
16386
16401
16404
16413
16422
16466
16469
16476
16479
16503
16503
16508
16508
16516
16544
16545
16552
16561
16564
16589
16596
16600
16606
16620
16625
16628
16630
16640
16646
16650
16669
16669
16681
16690
16693
16694
16701
16702
16709
16718
16721
16731
16737
16739
16740
16747
16762
16776
16789
16797
16810
16810
16839
16844
16872
16884
16885
16888
16889
16892
16911
16924
16945
16946
16960
16960
16965
16969
16985
16994
16994
17030
17041
17043
17058
17059
17064
17096
17099
17103
17108
17113
17118
17123
17138
17147
17148
17148
17156
17173
17173
17181
17190
17192
17206
17210
17213
17218
17218
17226
17276
17281
17290
17291
17293
17300
17309
17311
17323
17330
17348
17350
17355
17358
17359
17373
17378
17381
17384
17393
17398
17428
17433
17436
17436
17440
17441
17442
17452
17454
17491
17494
17498
17498
17509
17509
17512
17518
17521
17527
17532
17534
17551
17572
17583
17598
17599
17601
17604
17604
17622
17627
17627
17628
17630
17633
17655
17661
17662
17666
17671
17673
17684
17688
17688
17693
17700
17706
17712
17713
17713
17727
17733
17737
17764
17766
17771
17778
17788
17794
17794
17798
17803
17810
17812
17816
17820
17830
17835
17845
17845
17845
17850
17851
17852
17852
17863
17865
17877
17896
17919
17927
17940
17946
17952
17957
17980
17982
17983
17987
17994
18006
18026
18032
18043
18051
18057
18076
18077
18090
18097
18135
18136
18145
18162
18162
18170
18179
18185
18189
18196
18199
18211
18229
18242
18244
18245
18252
18252
18253
18256
18259
18264
18267
18279
18300
18309
18318
18318
18321
18342
18347
18359
18375
18402
18419
18422
18423
18430
18432
18436
18441
18442
18458
18464
18490
18493
18501
18502
18502
18529
18532
18532
18533
18539
18552
18557
18564
18569
18587
18592
18611
18614
18616
18618
18631
18638
18648
18652
18654
18656
18661
18661
18676
18677
18708
18709
18716
18725
18731
18735
18735
18758
18767
18774
18786
18787
18788
18788
18794
18822
18837
18845
18852
18867
18870
18870
18882
18892
18893
18937
18937
18960
18966
18975
18976
18978
18979
18981
18986
18994
19008
19026
19027
19045
19047
19061
19061
19066
19068
19076
19085
19088
19092
19094
19095
19096
19098
19104
19116
19120
19125
19125
19130
19131
19142
19145
19151
19162
19180
19181
19181
19205
19209
19214
19219
19220
19247
19258
19265
19272
19280
19282
19315
19316
19322
19331
19331
19344
19344
19347
19351
19351
19357
19367
19380
19396
19406
19411
19433
19435
19453
19453
19473
19476
19476
19477
19482
19492
19493
19494
19497
19505
19520
19526
19532
19533
19540
19557
19564
19570
19575
19579
19581
19584
19599
19610
19612
19612
19616
19618
19641
19646
19655
19659
19659
19666
19692
19701
19708
19714
19727
19729
19738
19744
19772
19800
19802
19806
19823
19829
19836
19844
19859
19896
19901
19910
19911
19921
19945
19949
19952
19968
19982
19993
19995
20003
20003
20006
20007
20024
20038
20047
20047
20048
20056
20074
20083
20087
20097
20098
20113
20122
20127
20135
20143
20163
20174
20195
20204
20209
20224
20226
20231
20234
20244
20262
20262
20267
20310
20319
20319
20321
20324
20324
20337
20340
20345
20353
20354
20357
20369
20370
20371
20381
20391
20411
20413
20414
20415
20422
20437
20444
20453
20467
20480
20485
20491
20493
20494
20510
20519
20533
20540
20564
20567
20578
20589
20601
20602
20604
20618
20625
20635
20649
20654
20683
20706
20724
20738
20750
20757
20781
20833
20836
20850
20857
20877
20892
20920
20921
20923
20947
20950
20970
20985
20990
21001
21017
21033
21035
21053
21055
21057
21058
21067
21072
21073
21078
21088
21089
21090
21096
21106
21108
21114
21121
21123
21133
21145
21148
21149
21183
21186
21189
21201
21205
21228
21251
21273
21273
21288
21289
21318
21322
21350
21351
21364
21364
21372
21383
21394
21405
21416
21417
21421
21427
21427
21428
21442
21449
21450
21476
21481
21485
21488
21493
21494
21507
21508
21518
21552
21555
21568
21572
21581
21584
21593
21630
21631
21642
21650
21672
21679
21679
21705
21709
21723
21725
21731
21770
21780
21781
21799
21834
21851
21853
21860
21903
21905
21916
21918
21920
21920
21923
21931
21944
21953
21953
21975
22002
22007
22009
22010
22012
22031
22033
22041
22042
22047
22055
22065
22071
22097
22099
22101
22117
22117
22131
22155
22169
22177
22180
22189
22206
22207
22209
22218
22239
22256
22257
22273
22282
22289
22293
22306
22308
22320
22327
22333
22349
22351
22351
22356
22371
22413
22416
22428
22437
22447
22454
22461
22462
22466
22478
22485
22502
22503
22521
22544
22549
22554
22560
22567
22581
22584
22607
22609
22623
22632
22642
22645
22646
22656
22659
22660
22665
22665
22679
22683
22689
22697
22709
22709
22734
22739
22746
22754
22759
22760
22762
22776
22776
22788
22812
22813
22826
22832
22841
22865
22872
22884
22893
22899
22903
22930
22942
22967
22970
22975
22976
22980
22987
23007
23011
23053
23056
23061
23063
23064
23071
23082
23089
23116
23131
23132
23138
23151
23161
23166
23167
23176
23182
23183
23199
23208
23211
23215
23220
23240
23265
23268
23269
23271
23279
23290
23292
23293
23305
23307
23307
23308
23319
23344
23384
23403
23422
23422
23441
23442
23452
23454
23455
23474
23475
23483
23502
23520
23521
23529
23549
23550
23577
23617
23624
23625
23637
23646
23646
23649
23650
23656
23661
23661
23673
23677
23685
23693
23704
23720
23730
23741
23747
23749
23750
23754
23757
23763
23766
23771
23780
23798
23806
23816
23816
23816
23833
23842
23856
23870
23871
23879
23891
23897
23901
23902
23909
23911
23912
23931
23934
23950
23951
23953
23961
23975
24004
24023
24054
24056
24070
24088
24093
24095
24107
24111
24122
24135
24143
24193
24197
24200
24212
24212
24225
24236
24240
24247
24248
24252
24252
24268
24273
24276
24279
24280
24285
24288
24304
24305
24308
24341
24360
24362
24376
24383
24420
24420
24421
24429
24440
24443
24445
24447
24450
24451
24453
24467
24470
24474
24491
24505
24515
24520
24522
24531
24537
24545
24546
24564
24570
24578
24580
24592
24593
24601
24603
24605
24611
24615
24620
24622
24631
24639
24651
24662
24665
24673
24673
24676
24679
24683
24687
24693
24695
24699
24706
24709
24715
24717
24727
24735
24744
24747
24750
24751
24772
24796
24835
24853
24854
24876
24877
24883
24893
24901
24921
24922
24928
24965
24969
24976
24989
25002
25005
25006
25008
25021
25023
25032
25037
25062
25070
25073
25078
25078
25087
25093
25101
25115
25117
25136
25149
25154
25157
25174
25199
25200
25257
25258
25259
25261
25265
25267
25269
25283
25304
25334
25335
25336
25340
25344
25367
25369
25372
25393
25401
25402
25403
25404
25407
25417
25438
25439
25443
25453
25456
25456
25467
25468
25471
25487
25487
25499
25523
25531
25543
25549
25561
25565
25567
25570
25579
25591
25592
25599
25599
25617
25626
25645
25648
25663
25665
25686
25693
25699
25708
25765
25773
25845
25857
25864
25879
25894
25909
25915
25921
25931
25940
25961
25963
25966
25971
25983
25985
25993
26031
26033
26034
26034
26060
26064
26092
26105
26112
26122
26142
26160
26173
26175
26205
26208
26213
26218
26219
26223
26231
26233
26243
26250
26250
26273
26313
26359
26375
26383
26388
26404
26450
26456
26457
26469
26470
26471
26496
26503
26510
26537
26538
26542
26552
26558
26574
26616
26624
26656
26659
26678
26680
26712
26734
26747
26755
26764
26784
26794
26796
26841
26844
26851
26854
26871
26898
26916
26918
26929
26930
26930
26931
26946
26950
26955
26993
26999
27013
27015
27022
27037
27038
27045
27051
27053
27055
27060
27062
27064
27102
27109
27111
27113
27134
27136
27143
27149
27182
27182
27188
27192
27194
27203
27228
27234
27235
27250
27258
27283
27293
27294
27298
27316
27320
27324
27325
27343
27344
27368
27385
27394
27410
27411
27411
27421
27427
27431
27453
27467
27481
27488
27502
27504
27513
27535
27538
27547
27550
27579
27581
27589
27594
27609
27619
27634
27638
27638
27654
27655
27658
27659
27661
27684
27693
27716
27717
27726
27728
27738
27743
27750
27752
27757
27763
27769
27770
27777
27778
27790
27811
27811
27813
27818
27819
27827
27828
27832
27834
27836
27852
27862
27876
27878
27886
27899
27909
27911
27916
27917
27930
27941
27946
27947
27950
27952
27954
27962
27966
27983
27998
28005
28006
28008
28011
28015
28026
28044
28059
28060
28063
28067
28067
28069
28080
28082
28083
28089
28090
28116
28118
28130
28132
28141
28142
28145
28148
28167
28175
28196
28200
28219
28232
28242
28270
28278
28301
28317
28320
28327
28346
28357
28360
28367
28367
28380
28386
28394
28404
28424
28426
28443
28444
28479
28484
28515
28533
28539
28540
28558
28565
28568
28577
28594
28605
28619
28625
28627
28628
28638
28645
28647
28658
28673
28675
28681
28681
28697
28705
28720
28725
28726
28728
28739
28740
28749
28764
28769
28776
28781
28784
28849
28882
28885
28901
28902
28909
28929
28934
28946
28952
28953
28964
28971
28972
28984
28986
28994
29029
29031
29035
29063
29065
29066
29067
29070
29078
29111
29112
29114
29126
29137
29185
29186
29195
29203
29204
29208
29208
29250
29253
29253
29276
29287
29293
29321
29337
29339
29348
29348
29358
29364
29372
29374
29379
29386
29397
29413
29436
29437
29438
29443
29447
29453
29461
29466
29474
29477
29493
29496
29501
29501
29515
29519
29521
29521
29522
29540
29542
29546
29551
29561
29574
29576
29578
29579
29582
29601
29605
29612
29613
29617
29620
29630
29637
29640
29649
29650
29661
29662
29692
29706
29713
29721
29723
29726
29733
29742
29743
29760
29762
29767
29773
29783
29832
29840
29857
29867
29868
29872
29877
29883
29915
29928
29944
29945
29958
29959
29967
29972
29976
29982
29987
29995
30014
30022
30023
30054
30068
30075
30094
30095
30098
30112
30117
30117
30127
30157
30164
30167
30171
30180
30185
30193
30206
30208
30210
30211
30218
30226
30231
30232
30239
30247
30251
30253
30265
30273
30297
30308
30313
30314
30320
30343
30358
30363
30373
30379
30383
30404
30413
30441
30450
30450
30456
30456
30465
30477
30500
30516
30517
30521
30521
30525
30550
30556
30557
30564
30566
30573
30583
30585
30585
30596
30601
30602
30603
30620
30623
30629
30644
30645
30654
30657
30665
30672
30677
30682
30712
30714
30720
30724
30729
30731
30731
30731
30735
30745
30747
30757
30763
30773
30795
30802
30823
30837
30850
30855
30856
30858
30867
30869
30874
30882
30891
30892
30906
30910
30915
30930
30932
30933
30944
30957
30961
30970
30976
30980
30994
31022
31024
31030
31047
31057
31062
31063
31083
31088
31095
31125
31129
31132
31137
31145
31157
31162
31168
31176
31185
31188
31191
31207
31209
31214
31222
31225
31232
31271
31279
31289
31311
31314
31326
31331
31343
31344
31345
31345
31349
31353
31356
31361
31377
31378
31380
31382
31385
31391
31395
31398
31407
31413
31422
31434
31445
31448
31454
31458
31460
31467
31480
31484
31506
31507
31508
31511
31513
31534
31535
31546
31550
31551
31552
31553
31559
31565
31579
31580
31581
31583
31588
31592
31597
31599
31614
31624
31628
31629
31637
31670
31687
31703
31705
31708
31709
31717
31736
31737
31738
31752
31755
31756
31758
31766
31773
31795
31802
31809
31810
31813
31825
31835
31845
31867
31868
31870
31870
31871
31878
31895
31897
31898
31903
31929
31936
31941
31963
31968
31987
32000
32002
32009
32011
32023
32028
32028
32060
32070
32090
32099
32109
32125
32134
32160
32170
32176
32179
32184
32193
32195
32199
32203
32204
32222
32223
32225
32235
32235
32245
32252
32263
32265
32271
32271
32280
32280
32287
32302
32308
32322
32329
32329
32331
32339
32350
32359
32369
32371
32371
32372
32373
32383
32386
32390
32417
32431
32438
32454
32462
32464
32464
32470
32475
32502
32504
32543
32551
32551
32561
32562
32595
32628
32639
32641
32648
32652
32655
32658
32658
32665
32667
32668
32670
32675
32685
32692
32694
32699
32701
32713
32721
32724
32726
32728
32745
32747
32793
32803
32805
32812
32838
32840
32841
32844
32848
32885
32890
32894
32899
32903
32917
32925
32926
32934
32939
32946
32951
32963
32969
32975
32979
32979
32980
32984
32986
33002
33009
33012
33013
33020
33028
33032
33035
33048
33051
33056
33081
33096
33096
33100
33104
33122
33143
33159
33168
33179
33196
33208
33233
33243
33280
33294
33295
33298
33299
33301
33302
33305
33314
33329
33335
33338
33349
33351
33355
33358
33369
33374
33393
33393
33397
33400
33410
33429
33439
33440
33463
33480
33491
33492
33496
33507
33508
33523
33529
33531
33536
33555
33558
33561
33575
33577
33577
33589
33590
33594
33605
33609
33616
33621
33627
33646
33657
33670
33672
33685
33688
33692
33693
33695
33696
33706
33713
33715
33727
33731
33731
33746
33763
33764
33770
33770
33774
33791
33793
33801
33817
33861
33907
33922
33926
33927
33935
33937
33937
33946
33952
33954
33961
33962
33970
33983
33999
34005
34006
34012
34022
34035
34050
34054
34075
34075
34088
34099
34107
34129
34160
34164
34193
34197
34213
34213
34218
34230
34266
34268
34269
34282
34297
34315
34319
34325
34328
34338
34344
34375
34378
34384
34396
34431
34434
34447
34447
34471
34510
34529
34533
34544
34559
34564
34567
34573
34583
34587
34595
34598
34608
34618
34619
34625
34627
34629
34633
34642
34650
34661
34665
34668
34674
34679
34694
34700
34700
34708
34717
34732
34735
34743
34747
34753
34753
34763
34769
34773
34777
34779
34784
34785
34785
34789
34792
34799
34818
34824
34825
34830
34832
34832
34834
34836
34850
34852
34853
34858
34860
34862
34876
34889
34889
34890
34896
34900
34912
34918
34918
34926
34933
34934
34936
34942
34947
34958
34966
34971
34972
34974
34979
34994
34994
35007
35011
35026
35037
35045
35053
35055
35060
35063
35073
35075
35077
35088
35091
35096
35098
35101
35101
35107
35109
35113
35119
35149
35153
35156
35160
35160
35162
35176
35180
35181
35184
35185
35196
35198
35198
35208
35213
35218
35223
35223
35229
35229
35246
35259
35262
35263
35266
35294
35297
35310
35316
35317
35318
35321
35323
35326
35335
35338
35346
35352
35368
35374
35375
35376
35393
35393
35400
35411
35411
35414
35418
35423
35425
35427
35456
35463
35463
35477
35482
35484
35486
35492
35494
35504
35510
35523
35524
35529
35535
35543
35546
35561
35567
35569
35577
35583
35584
35589
35595
35648
35662
35717
35722
35724
35729
35753
35777
35792
35803
35814
35842
35869
35870
35875
35877
35883
35883
35924
35938
35943
35945
35950
35956
35980
35982
35990
35992
36012
36071
36106
36113
36121
36137
36146
36158
36174
36185
36188
36233
36241
36297
36303
36320
36320
36343
36358
36378
36382
36405
36410
36419
36430
36437
36443
36456
36458
36475
36485
36522
36523
36575
36576
36578
36590
36595
36603
36605
36615
36616
36616
36627
36627
36638
36642
36644
36650
36657
36658
36660
36678
36679
36680
36685
36694
36697
36708
36713
36719
36720
36721
36749
36750
36759
36764
36767
36777
36789
36794
36796
36801
36803
36803
36805
36806
36828
36829
36830
36833
36834
36840
36841
36846
36859
36859
36859
36864
36877
36887
36889
36900
36904
36907
36925
36927
36933
36944
36956
36960
36964
36967
36968
36971
36975
36978
36998
36998
37002
37008
37016
37021
37038
37040
37044
37064
37070
37075
37082
37085
37089
37089
37098
37107
37115
37146
37153
37162
37166
37167
37172
37174
37176
37183
37189
37191
37191
37198
37204
37206
37207
37216
37230
37232
37235
37241
37249
37256
37260
37263
37271
37273
37278
37289
37301
37304
37305
37306
37318
37327
37334
37336
37347
37354
37378
37402
37403
37410
37411
37414
37420
37424
37428
37441
37456
37471
37478
37478
37479
37487
37511
37511
37516
37518
37521
37524
37527
37535
37551
37552
37556
37557
37565
37566
37572
37572
37584
37586
37606
37611
37618
37618
37624
37639
37702
37712
37717
37781
37799
37814
37835
37856
37873
37908
37930
37947
37950
37960
37961
38009
38014
38039
38043
38061
38069
38075
38079
38115
38128
38128
38175
38178
38196
38230
38270
38272
38278
38295
38325
38331
38357
38362
38367
38396
38401
38404
38407
38462
38479
38485
38519
38527
38529
38530
38545
38546
38560
38568
38573
38576
38577
38581
38607
38613
38613
38614
38618
38620
38656
38661
38661
38664
38665
38673
38673
38677
38677
38689
38704
38708
38717
38719
38723
38724
38725
38735
38735
38741
38747
38750
38758
38767
38768
38777
38781
38782
38786
38790
38800
38802
38820
38829
38834
38838
38840
38841
38841
38854
38862
38882
38889
38890
38894
38907
38921
38945
38947
38947
38954
38960
38960
38965
38967
38969
38969
38984
38985
38986
38989
38991
38996
39002
39014
39016
39029
39034
39042
39043
39048
39057
39073
39073
39101
39103
39128
39135
39142
39150
39150
39153
39155
39165
39165
39169
39169
39173
39197
39204
39204
39212
39213
39218
39235
39237
39238
39239
39242
39245
39249
39249
39250
39260
39263
39268
39272
39278
39278
39292
39300
39308
39308
39314
39326
39339
39340
39343
39347
39353
39353
39357
39364
39370
39385
39388
39394
39397
39415
39416
39418
39420
39423
39423
39426
39445
39446
39448
39451
39456
39457
39478
39479
39483
39499
39526
39526
39527
39534
39548
39598
39670
39706
39710
39712
39720
39723
39733
39805
39818
39824
39878
39898
39920
40002
40026
40068
40070
40080
40083
40115
40135
40213
40284
40286
40296
40304
40334
40377
40378
40423
40439
40466
40484
40518
40520
40532
40537
40545
40549
40549
40549
40557
40561
40564
40565
40566
40566
40571
40574
40577
40579
40583
40587
40595
40598
40605
40612
40612
40614
40626
40630
40631
40635
40637
40637
40641
40646
40647
40648
40650
40650
40651
40656
40670
40680
40690
40691
40700
40710
40714
40714
40733
40751
40776
40792
40793
40796
40805
40806
40813
40827
40836
40842
40856
40862
40863
40867
40899
40903
40906
40906
40917
40917
40924
40925
40927
40945
40948
40948
40958
40962
40973
40977
40991
40994
40999
41000
41012
41015
41020
41022
41029
41038
41049
41056
41059
41064
41066
41080
41082
41089
41090
41098
41123
41131
41132
41133
41142
41180
41189
41200
41205
41206
41210
41214
41219
41233
41246
41248
41268
41281
41299
41302
41306
41314
41329
41353
41356
41380
41380
41386
41393
41396
41403
41411
41414
41421
41424
41441
41441
41450
41452
41453
41455
41460
41488
41489
41495
41498
41501
41509
41543
41554
41616
41625
41669
41690
41733
41781
41814
41818
41849
41858
41868
41872
41904
42079
42081
42187
42209
42241
42255
42289
42305
42310
42314
42331
42371
42390
42432
42433
42475
42490
42495
42499
42499
42499
42499
42514
42518
42523
42525
42527
42527
42528
42529
42533
42541
42555
42558
42581
42583
42590
42593
42594
42595
42603
42624
42655
42667
42682
42706
42710
42711
42733
42736
42747
42756
42760
42765
42785
42787
42793
42794
42794
42795
42795
42837
42841
42852
42869
42887
42887
42894
42907
42925
42927
42933
42939
42948
42949
42959
42967
42976
42983
42989
42990
42991
42997
43003
43014
43023
43034
43039
43041
43045
43049
43056
43066
43067
43073
43074
43080
43091
43095
43096
43104
43126
43135
43139
43139
43142
43143
43148
43150
43152
43152
43167
43170
43170
43195
43198
43210
43218
43230
43238
43245
43256
43256
43289
43295
43302
43311
43311
43321
43328
43360
43372
43375
43376
43377
43385
43386
43393
43415
43420
43426
43427
43429
43430
43435
43454
43456
43463
43468
43473
43479
43484
43488
43491
43512
43514
43516
43527
43539
43550
43552
43592
43605
43614
43634
43667
43690
43711
43751
43791
43820
43835
43884
43886
43918
43950
43973
43989
44012
44016
44019
44046
44051
44055
44056
44071
44108
44124
44136
44144
44155
44176
44195
44199
44199
44207
44242
44295
44330
44343
44357
44361
44414
44414
44416
44418
44419
44422
44433
44449
44460
44466
44469
44480
44481
44485
44493
44496
44501
44512
44515
44520
44533
44538
44542
44543
44548
44549
44563
44568
44571
44578
44586
44592
44596
44597
44600
44610
44615
44620
44622
44632
44634
44646
44653
44654
44662
44671
44672
44680
44688
44692
44699
44701
44701
44718
44730
44735
44735
44740
44749
44759
44773
44777
44782
44786
44806
44812
44819
44832
44833
44852
44856
44867
44884
44890
44906
44910
44919
44934
44949
44951
44951
44962
44996
44997
45001
45011
45015
45018
45035
45036
45046
45052
45059
45078
45085
45089
45094
45095
45100
45102
45109
45121
45122
45125
45126
45131
45133
45153
45153
45168
45169
45177
45180
45194
45202
45229
45230
45234
45236
45237
45238
45245
45254
45263
45265
45269
45272
45282
45285
45298
45298
45327
45334
45344
45347
45347
45351
45358
45376
45378
45391
45422
45423
45425
45435
45437
45438
45445
45450
45457
45458
45466
45472
45473
45483
45493
45495
45517
45519
45521
45528
45530
45530
45536
45538
45538
45557
45559
45559
45570
45585
45593
45596
45598
45600
45600
45602
45603
45615
45636
45660
45669
45673
45678
45688
45691
45696
45702
45707
45708
45718
45719
45719
45722
45729
45741
45747
45753
45757
45759
45771
45780
45781
45784
45800
45804
45804
45817
45823
45827
45829
45836
45850
45854
45866
45875
45886
45886
45894
45897
45900
45902
45917
45926
45931
45955
45969
45987
45999
46015
46018
46032
46036
46037
46057
46059
46066
46081
46089
46096
46096
46108
46141
46143
46144
46157
46159
46161
46162
46174
46179
46190
46191
46192
46223
46225
46239
46241
46243
46247
46248
46278
46278
46289
46301
46309
46312
46315
46322
46333
46343
46346
46363
46365
46380
46381
46398
46401
46402
46406
46413
46420
46433
46452
46470
46485
46495
46510
46515
46517
46520
46532
46546
46553
46561
46575
46580
46592
46605
46605
46622
46626
46643
46671
46704
46710
46726
46738
46748
46754
46776
46777
46777
46778
46787
46792
46799
46811
46819
46824
46826
46843
46852
46854
46868
46870
46874
46878
46883
46903
46913
46913
46922
46925
46936
46954
46961
46975
46976
46984
47001
47005
47017
47035
47044
47056
47063
47069
47070
47090
47101
47110
47111
47113
47113
47124
47134
47139
47149
47150
47156
47156
47157
47167
47186
47189
47194
47200
47201
47206
47220
47233
47234
47238
47244
47245
47249
47254
47258
47285
47306
47307
47308
47314
47326
47330
47332
47374
47385
47394
47398
47423
47425
47434
47434
47436
47440
47441
47449
47456
47461
47466
47485
47494
47495
47497
47506
47510
47511
47518
47520
47544
47563
47568
47568
47569
47595
47608
47611
47616
47616
47623
47630
47646
47647
47656
47661
47662
47675
47690
47695
47707
47708
47709
47731
47737
47739
47742
47744
47752
47766
47767
47768
47778
47794
47804
47809
47810
47823
47839
47842
47855
47858
47861
47884
47885
47910
47923
47926
47929
47951
47959
47962
47964
47967
47973
47984
47987
47993
47996
47996
48010
48013
48030
48033
48046
48046
48070
48077
48089
48097
48105
48111
48131
48131
48134
48142
48143
48162
48178
48196
48200
48235
48250
48250
48254
48271
48272
48272
48280
48281
48284
48302
48304
48307
48309
48314
48318
48331
48343
48383
48383
48385
48387
48390
48391
48401
48406
48413
48415
48430
48441
48448
48453
48461
48468
48469
48478
48485
48496
48498
48503
48510
48511
48511
48516
48543
48565
48570
48580
48583
48583
48584
48589
48604
48610
48621
48633
48657
48664
48680
48687
48695
48699
48702
48702
48715
48720
48725
48736
48743
48744
48760
48775
48801
48803
48819
48825
48830
48838
48857
48865
48871
48878
48885
48889
48891
48896
48897
48904
48907
48911
48912
48917
48919
48931
48941
48945
48946
48973
48977
48994
48994
48995
48995
49004
49004
49008
49026
49033
49043
49051
49054
49057
49070
49076
49076
49086
49091
49098
49100
49101
49103
49128
49128
49146
49152
49156
49158
49174
49175
49180
49182
49183
49184
49207
49207
49233
49236
49248
49260
49264
49285
49288
49301
49305
49311
49316
49319
49320
49323
49344
49353
49354
49357
49362
49369
49370
49389
49393
49396
49407
49416
49418
49424
49429
49440
49441
49446
49447
49457
49460
49464
49468
49478
49479
49482
49493
49496
49496
49496
49504
49549
49552
49564
49573
49587
49605
49611
49618
49618
49660
49663
49669
49673
49675
49692
49693
49696
49705
49706
49711
49720
49722
49727
49741
49741
49744
49763
49777
49783
49788
49789
49792
49812
49814
49823
49825
49839
49848
49860
49863
49868
49876
49890
49892
49902
49905
49906
49908
49927
49932
49934
49951
49961
49961
49965
49975
49975
49978
49999
50014
50015
50026
50027
50029
50030
50050
50054
50063
50069
50071
50073
50076
50102
50103
50104
50104
50122
50132
50141
50171
50172
50172
50173
50184
50192
50227
50239
50241
50247
50248
50252
50256
50256
50261
50266
50279
50293
50293
50304
50307
50329
50344
50354
50355
50366
50367
50384
50404
50415
50429
50430
50437
50441
50462
50468
50482
50483
50488
50497
50502
50513
50519
50525
50538
50545
50553
50557
50557
50575
50585
50588
50589
50590
50591
50606
50614
50614
50625
50631
50636
50647
50649
50656
50668
50671
50683
50697
50705
50717
50731
50733
50735
50739
50740
50740
50762
50788
50794
50801
50823
50824
50827
50831
50873
50873
50902
50910
50911
50917
50919
50940
50941
50949
50966
50978
50987
50993
50999
51004
51029
51030
51031
51035
51058
51061
51066
51077
51085
51088
51088
51104
51111
51118
51126
51129
51143
51143
51144
51145
51147
51155
51157
51162
51165
51174
51176
51178
51181
51188
51203
51204
51205
51210
51223
51229
51232
51232
51233
51234
51246
51248
51250
51266
51286
51287
51289
51300
51306
51308
51320
51321
51323
51329
51342
51348
51354
51355
51360
51360
51363
51371
51374
51379
51403
51430
51443
51446
51452
51460
51465
51467
51471
51475
51488
51505
51508
51539
51556
51559
51561
51569
51571
51575
51584
51600
51636
51643
51657
51659
51680
51684
51687
51701
51703
51703
51710
51713
51715
51735
51735
51770
51779
51798
51800
51807
51828
51836
51837
51838
51840
51844
51852
51879
51885
51887
51889
51931
51935
51939
51941
51941
51943
51948
51950
51961
51982
51983
51985
51988
51997
52000
52001
52002
52002
52004
52004
52007
52010
52011
52046
52055
52080
52093
52095
52100
52114
52115
52117
52119
52121
52126
52143
52147
52147
52149
52161
52163
52164
52167
52210
52215
52218
52241
52247
52250
52264
52292
52293
52300
52300
52307
52312
52332
52333
52334
52336
52339
52349
52359
52360
52370
52375
52391
52393
52401
52404
52405
52417
52425
52450
52471
52487
52492
52526
52526
52536
52546
52558
52563
52577
52578
52583
52589
52599
52604
52613
52618
52618
52627
52636
52642
52648
52651
52656
52657
52664
52670
52683
52686
52692
52711
52711
52718
52720
52722
52730
52730
52731
52732
52739
52753
52790
52841
52860
52865
52866
52879
52887
52889
52895
52901
52908
52910
52926
52931
52942
52942
52946
52955
52958
52958
52972
52974
52979
52997
52999
53008
53010
53038
53052
53062
53062
53069
53074
53113
53118
53119
53121
53124
53136
53138
53149
53156
53159
53169
53177
53184
53184
53210
53228
53231
53237
53242
53242
53242
53265
53269
53282
53284
53301
53320
53329
53338
53363
53391
53391
53394
53422
53465
53482
53531
53583
53602
53614
53680
53697
53735
53737
53768
53776
53802
53803
53819
53837
53840
53863
53873
53927
53948
53970
53990
54003
54131
54165
54185
54195
54247
54258
54313
54342
54388
54397
54411
54473
54528
54537
54550
54570
54651
54665
54672
54675
54679
54682
54694
54724
54747
54814
54895
54907
54912
54930
54953
54966
55036
55040
55049
55060
55094
55127
55136
55161
55200
55236
55242
55259
55261
55281
55300
55300
55314
55314
55322
55324
55339
55345
55376
55381
55393
55393
55470
55506
55509
55526
55544
55564
55568
55572
55628
55634
55651
55671
55693
55720
55732
55738
55741
55761
55762
55768
55802
55804
55810
55851
55859
55907
55933
55947
55948
55973
55981
55985
55991
56050
56061
56064
56075
56079
56099
56106
56107
56113
56134
56143
56155
56165
56176
56181
56192
56199
56201
56201
56223
56226
56248
56250
56259
56268
56277
56293
56295
56297
56324
56326
56333
56352
56361
56361
56376
56379
56381
56416
56424
56428
56430
56432
56455
56460
56474
56500
56512
56515
56518
56521
56524
56539
56545
56550
56573
56582
56583
56601
56604
56611
56622
56629
56633
56654
56662
56690
56697
56718
56722
56733
56744
56749
56775
56794
56811
56813
56819
56820
56822
56826
56838
56840
56856
56876
56886
56887
56893
56895
56897
56912
56928
56929
56944
56953
56992
56998
57013
57028
57033
57045
57053
57060
57061
57068
57069
57083
57096
57100
57109
57141
57143
57150
57176
57192
57193
57193
57226
57231
57232
57244
57244
57250
57269
57279
57286
57291
57294
57315
57358
57359
57437
57467
57472
57473
57479
57502
57504
57527
57529
57550
57572
57594
57598
57620
57637
57638
57657
57673
57692
57744
57778
57801
57802
57802
57814
57818
57827
57904
57933
57959
57967
57980
57986
57996
58049
58051
58051
58052
58055
58094
58110
58113
58129
58149
58160
58192
58199
58210
58211
58224
58236
58243
58243
58248
58255
58260
58302
58302
58304
58305
58334
58358
58368
58380
58384
58388
58393
58399
58400
58406
58411
58426
58444
58449
58459
58474
58480
58497
58500
58511
58515
58531
58554
58582
58584
58595
58597
58604
58605
58639
58644
58668
58669
58687
58689
58694
58695
58701
58702
58703
58725
58738
58738
58748
58753
58759
58776
58784
58787
58797
58798
58803
58803
58807
58827
58830
58834
58858
58865
58878
58894
58899
58899
58902
58908
58909
58920
58924
58931
58950
58967
58967
58975
58984
59045
59086
59095
59106
59120
59120
59125
59134
59136
59139
59161
59164
59167
59174
59176
59179
59187
59196
59225
59232
59234
59240
59261
59266
59267
59281
59286
59289
59290
59291
59300
59300
59301
59339
59370
59373
59381
59386
59402
59419
59445
59447
59458
59458
59475
59484
59497
59514
59544
59545
59545
59546
59555
59573
59577
59580
59584
59602
59616
59628
59644
59654
59654
59688
59698
59713
59714
59715
59730
59741
59746
59751
59755
59766
59769
59771
59777
59777
59778
59796
59810
59811
59813
59824
59834
59835
59858
59875
59877
59892
59908
59914
59961
59969
59969
60016
60022
60048
60057
60082
60085
60087
60105
60105
60106
60111
60114
60115
60126
60133
60142
60148
60151
60183
60186
60208
60216
60217
60239
60245
60246
60266
60278
60282
60286
60287
60299
60314
60330
60332
60337
60348
60351
60353
60353
60360
60372
60375
60392
60395
60398
60399
60405
60411
60414
60416
60421
60424
60435
60448
60455
60466
60475
60476
60494
60516
60532
60534
60535
60554
60560
60566
60580
60584
60587
60588
60607
60609
60627
60640
60669
60670
60674
60681
60693
60696
60735
60744
60747
60753
60759
60776
60790
60801
60806
60829
60835
60838
60848
60852
60852
60855
60865
60869
60875
60876
60881
60882
60883
60886
60900
60908
60910
60914
60918
60919
60925
60931
60937
60938
60939
60942
60944
60945
60975
60978
60994
60998
60999
61011
61012
61023
61026
61036
61039
61049
61050
61053
61059
61060
61061
61070
61075
61085
61089
61110
61128
61130
61132
61143
61175
61185
61200
61202
61215
61216
61235
61241
61248
61260
61265
61271
61277
61279
61308
61318
61320
61331
61337
61346
61348
61354
61373
61376
61384
61403
61410
61412
61413
61417
61420
61433
61439
61439
61442
61450
61460
61463
61465
61466
61468
61470
61472
61480
61486
61488
61503
61513
61514
61517
61518
61520
61549
61558
61571
61583
61583
61592
61592
61614
61631
61643
61666
61676
61700
61716
61723
61727
61758
61771
61784
61787
61787
61813
61816
61843
61846
61852
61867
61876
61880
61908
61915
61916
61931
61933
61950
61965
61969
61976
61979
62013
62022
62032
62039
62045
62049
62063
62065
62077
62081
62092
62096
62100
62115
62125
62127
62129
62135
62136
62153
62169
62179
62187
62188
62193
62195
62228
62239
62241
62254
62270
62271
62285
62302
62311
62325
62339
62342
62347
62363
62375
62383
62384
62391
62404
62405
62406
62413
62419
62423
62428
62431
62435
62442
62447
62459
62461
62463
62469
62469
62477
62500
62502
62511
62515
62517
62519
62533
62542
62549
62549
62559
62570
62585
62588
62599
62602
62610
62611
62619
62619
62621
62627
62638
62649
62661
62669
62676
62678
62694
62698
62701
62711
62714
62717
62718
62724
62729
62743
62760
62770
62771
62773
62789
62790
62790
62790
62795
62809
62813
62827
62846
62866
62870
62871
62885
62885
62900
62906
62913
62915
62915
62916
62916
62918
62918
62922
62923
62933
62933
62955
62963
62965
62980
62990
63004
63005
63025
63029
63036
63048
63054
63054
63057
63063
63066
63071
63073
63079
63086
63099
63102
63108
63108
63116
63134
63141
63149
63158
63160
63163
63166
63166
63173
63177
63179
63191
63193
63210
63215
63216
63234
63236
63241
63246
63252
63262
63271
63273
63274
63276
63295
63318
63328
63331
63341
63343
63344
63348
63352
63379
63382
63388
63405
63412
63413
63414
63415
63423
63426
63428
63429
63429
63431
63452
63453
63459
63460
63462
63464
63467
63470
63488
63489
63490
63508
63513
63541
63545
63548
63550
63577
63585
63587
63610
63614
63616
63620
63621
63626
63628
63636
63664
63665
63697
63708
63716
63716
63719
63724
63733
63756
63757
63757
63758
63758
63760
63763
63766
63768
63786
63791
63800
63803
63814
63837
63845
63858
63868
63869
63875
63882
63889
63897
63899
63908
63911
63913
63920
63926
63944
63944
63953
63963
63967
63981
63987
63988
64011
64015
64032
64033
64040
64044
64053
64056
64069
64077
64089
64096
64103
64105
64111
64112
64115
64122
64134
64135
64152
64168
64177
64181
64185
64189
64201
64213
64218
64220
64230
64232
64233
64243
64248
64256
64260
64263
64270
64280
64306
64316
64325
64326
64331
64336
64339
64343
64357
64367
64380
64387
64392
64395
64395
64397
64399
64399
64404
64411
64415
64417
64444
64453
64454
64455
64462
64466
64474
64479
64485
64504
64504
64506
64516
64523
64539
64549
64559
64572
64574
64576
64576
64583
64586
64592
64619
64624
64625
64630
64659
64677
64691
64723
64769
64777
64779
64789
64794
64834
64842
64853
64858
64864
64875
64876
64886
64900
64905
64910
64930
64936
64952
64956
64963
64966
64969
64970
64971
64979
65010
65038
65043
65046
65050
65063
65068
65070
65075
65076
65079
65093
65103
65126
65132
65134
65136
65139
65140
65142
65142
65146
65150
65150
65170
65182
65208
65217
65224
65226
65229
65230
65236
65238
65257
65264
65268
65271
65277
65281
65290
65297
65307
65307
65312
65314
65319
65323
65336
65338
65351
65376
65382
65387
65393
65402
65423
65428
65455
65456
65460
65464
65472
65473
65473
65474
65476
65481
65484
65495
65507
65508
65513
65523
65546
65552
65553
65553
65575
65587
65590
65606
65622
65623
65632
65635
65656
65665
65694
65701
65714
65716
65717
65718
65728
65731
65733
65739
65747
65785
65788
65794
65809
65809
65812
65819
65821
65837
65850
65863
65869
65870
65875
65884
65886
65892
65903
65920
65932
65946
65987
66002
66003
66008
66012
66016
66020
66020
66037
66047
66059
66067
66071
66072
66084
66085
66086
66094
66125
66125
66125
66126
66137
66142
66145
66177
66188
66215
66232
66256
66259
66259
66262
66266
66282
66291
66301
66315
66324
66332
66333
66338
66341
66343
66350
66353
66353
66379
66392
66397
66406
66406
66406
66422
66426
66426
66427
66431
66447
66458
66458
66459
66469
66473
66479
66506
66509
66527
66529
66545
66552
66556
66562
66570
66589
66592
66612
66621
66629
66634
66652
66665
66668
66686
66701
66703
66712
66718
66719
66724
66725
66730
66731
66732
66739
66741
66743
66755
66761
66778
66781
66785
66794
66796
66805
66820
66827
66828
66830
66836
66837
66837
66839
66840
66842
66847
66848
66848
66856
66857
66859
66861
66862
66871
66877
66878
66881
66881
66881
66891
66909
66930
66942
66960
66961
66966
66982
66990
66992
66992
67003
67005
67014
67045
67063
67072
67103
67109
67131
67132
67134
67135
67138
67139
67187
67191
67191
67195
67195
67196
67197
67209
67209
67213
67213
67214
67218
67237
67238
67247
67254
67255
67257
67261
67286
67302
67311
67317
67318
67324
67336
67336
67338
67351
67354
67354
67365
67368
67376
67426
67431
67437
67444
67448
67448
67451
67454
67460
67464
67465
67470
67479
67505
67508
67515
67540
67549
67550
67564
67567
67569
67578
67590
67590
67604
67608
67608
67611
67624
67629
67648
67650
67674
67679
67681
67692
67701
67704
67708
67711
67715
67728
67731
67739
67745
67749
67752
67757
67761
67769
67776
67776
67778
67782
67783
67784
67792
67795
67803
67804
67805
67805
67808
67822
67824
67831
67836
67842
67842
67871
67875
67890
67898
67932
67938
67952
67952
67958
67966
67972
67984
67989
68019
68024
68036
68038
68041
68053
68057
68064
68074
68080
68091
68098
68102
68110
68131
68133
68135
68136
68147
68150
68151
68160
68163
68164
68185
68189
68192
68192
68197
68200
68207
68212
68216
68224
68224
68250
68253
68255
68258
68260
68282
68286
68286
68297
68298
68307
68311
68345
68349
68353
68358
68393
68398
68403
68417
68424
68455
68458
68470
68479
68485
68517
68517
68528
68529
68529
68533
68548
68549
68598
68611
68613
68614
68625
68633
68634
68635
68646
68652
68654
68654
68659
68672
68678
68690
68697
68701
68713
68717
68728
68733
68755
68774
68778
68781
68792
68793
68801
68803
68808
68808
68815
68818
68820
68833
68836
68837
68838
68843
68845
68845
68860
68866
68868
68872
68879
68891
68900
68905
68927
68935
68935
68936
68937
68941
68951
68968
68970
68989
69001
69012
69013
69021
69032
69042
69042
69048
69053
69067
69078
69081
69081
69095
69099
69103
69103
69118
69127
69131
69155
69161
69178
69181
69193
69197
69202
69214
69227
69230
69231
69233
69235
69241
69255
69284
69300
69316
69325
69327
69328
69342
69344
69351
69366
69366
69381
69387
69406
69409
69417
69423
69435
69445
69451
69452
69459
69462
69467
69473
69483
69486
69489
69491
69492
69510
69520
69522
69536
69557
69561
69561
69561
69566
69568
69591
69619
69625
69628
69630
69640
69663
69663
69675
69675
69675
69675
69677
69680
69690
69700
69710
69715
69715
69718
69722
69728
69732
69736
69740
69744
69755
69772
69798
69803
69808
69809
69822
69823
69828
69828
69849
69868
69870
69875
69877
69881
69894
69895
69895
69898
69903
69922
69929
69939
69952
69959
69970
69972
69979
69985
70003
70015
70049
70068
70070
70071
70078
70095
70104
70117
70125
70127
70132
70155
70165
70165
70172
70175
70177
70185
70185
70207
70220
70225
70277
70281
70357
70368
70398
70414
70443
70447
70448
70496
70505
70522
70526
70537
70547
70567
70590
70592
70662
70678
70679
70699
70703
70705
70713
70713
70715
70725
70728
70733
70748
70765
70800
70801
70812
70828
70838
70847
70855
70876
70888
70930
70936
70949
71014
71033
71043
71068
71094
71116
71143
71157
71166
71174
71198
71219
71221
71254
71420
71438
71522
71542
71545
71592
71657
71716
71764
71777
71801
71822
71982
71985
72068
72183
72183
72201
72223
72244
72257
72353
72366
72370
72401
72411
72420
72435
72449
72451
72547
72593
72633
72657
72671
72690
72693
72694
72730
72746
72773
72774
72786
72848
72884
72901
72903
72925
72933
72946
72977
72988
72993
73021
73032
73047
73056
73073
73096
73097
73171
73208
73208
73239
73248
73259
73269
73269
73311
73324
73344
73359
73391
73397
73400
73428
73434
73445
73473
73483
73515
73520
73530
73544
73606
73660
73700
73715
73720
73743
73801
73806
73848
73849
73854
73919
73928
73951
73965
73973
73979
73991
74017
74022
74024
74027
74032
74047
74047
74057
74060
74082
74085
74093
74098
74106
74107
74120
74132
74136
74136
74150
74171
74174
74175
74185
74225
74229
74249
74253
74264
74269
74281
74281
74286
74302
74303
74303
74310
74322
74335
74344
74354
74358
74367
74369
74379
74391
74396
74416
74416
74431
74432
74441
74442
74443
74458
74467
74469
74472
74489
74504
74511
74517
74521
74540
74541
74548
74559
74577
74591
74605
74609
74611
74615
74625
74634
74641
74649
74662
74664
74682
74687
74688
74688
74697
74698
74711
74720
74786
74793
74800
74827
74828
74871
74881
74912
74915
74929
74951
74962
74967
74995
75000
75003
75007
75015
75020
75027
75031
75060
75074
75095
75121
75132
75151
75170
75190
75199
75206
75208
75214
75217
75220
75221
75230
75259
75265
75266
75267
75281
75292
75307
75318
75338
75341
75375
75391
75396
75399
75412
75413
75416
75417
75463
75469
75484
75485
75498
75499
75502
75503
75507
75528
75562
75576
75582
75585
75638
75640
75649
75673
75675
75696
75710
75712
75726
75732
75736
75736
75748
75784
75790
75795
75798
75821
75842
75863
75867
75873
75875
75901
75904
75922
75936
75972
75973
75976
75978
75995
76014
76017
76035
76049
76049
76054
76055
76058
76064
76069
76078
76080
76083
76084
76095
76123
76125
76129
76154
76167
76170
76183
76194
76194
76196
76197
76200
76213
76236
76238
76245
76246
76252
76256
76258
76263
76277
76277
76331
76333
76335
76344
76347
76349
76352
76353
76385
76387
76390
76396
76420
76427
76441
76441
76459
76460
76465
76488
76496
76497
76504
76507
76535
76536
76549
76553
76555
76572
76574
76587
76588
76608
76613
76623
76625
76627
76632
76637
76649
76661
76663
76673
76674
76678
76709
76712
76716
76723
76727
76745
76745
76747
76759
76788
76800
76800
76825
76836
76852
76853
76866
76866
76867
76885
76895
76901
76916
76931
76932
76942
76955
76958
76959
77014
77034
77035
77040
77053
77065
77073
77080
77083
77088
77088
77092
77092
77127
77140
77148
77150
77165
77175
77190
77216
77224
77234
77238
77245
77253
77262
77272
77279
77292
77323
77329
77336
77344
77391
77394
77404
77428
77440
77442
77454
77455
77457
77459
77461
77479
77488
77488
77502
77507
77519
77520
77561
77580
77591
77604
77605
77613
77618
77621
77627
77641
77646
77651
77658
77661
77680
77687
77693
77700
77701
77739
77769
77771
77787
77791
77796
77805
77812
77823
77838
77841
77849
77860
77882
77887
77919
77923
77925
77934
77946
77958
77967
77976
77980
77988
77993
77998
77999
78003
78004
78005
78010
78011
78013
78035
78039
78045
78064
78067
78074
78091
78095
78104
78140
78142
78158
78161
78161
78164
78166
78171
78177
78218
78238
78248
78253
78259
78260
78261
78272
78275
78275
78277
78285
78301
78302
78353
78357
78359
78361
78365
78377
78381
78388
78389
78413
78414
78422
78435
78444
78446
78458
78462
78479
78481
78491
78503
78517
78545
78569
78594
78599
78604
78623
78623
78630
78639
78643
78649
78653
78661
78670
78671
78688
78700
78701
78707
78710
78725
78731
78735
78743
78753
78753
78759
78789
78793
78794
78806
78810
78818
78821
78825
78829
78839
78849
78853
78892
78900
78906
78918
78945
78969
78971
78972
78976
78985
78992
78997
78998
79016
79026
79028
79029
79037
79056
79066
79084
79091
79097
79103
79112
79132
79156
79160
79177
79190
79193
79198
79205
79205
79206
79243
79244
79245
79249
79251
79254
79260
79267
79272
79276
79288
79298
79308
79315
79315
79321
79351
79361
79365
79371
79383
79389
79393
79413
79416
79418
79450
79466
79474
79503
79504
79514
79520
79521
79534
79540
79544
79555
79564
79572
79578
79587
79588
79595
79607
79608
79612
79614
79614
79616
79626
79652
79654
79656
79658
79660
79680
79692
79704
79705
79705
79711
79722
79736
79738
79779
79782
79789
79791
79797
79822
79824
79826
79829
79848
79851
79876
79877
79880
79884
79908
79910
79912
79914
79919
79925
79928
79930
79936
79936
79945
79948
79952
79954
79958
79966
79972
79974
79983
79985
79992
80002
80003
80011
80011
80011
80018
80037
80040
80054
80064
80071
80079
80100
80114
80124
80141
80149
80151
80156
80156
80161
80162
80168
80173
80174
80200
80201
80205
80209
80217
80223
80223
80230
80254
80259
80264
80267
80268
80273
80273
80273
80275
80280
80291
80294
80299
80305
80323
80325
80327
80336
80344
80358
80364
80365
80367
80375
80381
80399
80400
80403
80404
80424
80428
80450
80472
80488
80505
80521
80527
80533
80547
80549
80564
80566
80566
80569
80571
80571
80580
80582
80598
80603
80613
80629
80658
80665
80680
80685
80686
80695
80707
80712
80732
80736
80739
80747
80755
80765
80768
80777
80779
80783
80798
80820
80826
80850
80851
80852
80853
80861
80876
80884
80886
80894
80895
80908
80909
80910
80910
80918
80953
80954
80963
80968
80968
80974
80981
80989
80997
81014
81018
81020
81023
81028
81030
81054
81056
81062
81071
81071
81071
81081
81081
81088
81094
81094
81114
81121
81126
81127
81130
81134
81149
81149
81166
81177
81180
81182
81188
81192
81198
81200
81201
81202
81209
81214
81232
81239
81241
81241
81246
81249
81259
81293
81304
81313
81363
81378
81379
81390
81396
81402
81403
81405
81414
81431
81438
81443
81458
81466
81473
81474
81478
81483
81486
81487
81498
81507
81509
81516
81517
81535
81549
81558
81568
81569
81588
81591
81594
81605
81605
81606
81606
81613
81618
81625
81652
81652
81659
81699
81704
81705
81712
81718
81721
81722
81725
81749
81752
81752
81758
81762
81770
81773
81787
81791
81798
81807
81807
81821
81821
81825
81836
81846
81853
81855
81862
81871
81872
81877
81879
81901
81917
81917
81920
81930
81937
81939
81945
81956
82004
82006
82022
82029
82042
82050
82053
82063
82071
82073
82087
82088
82100
82110
82113
82137
82153
82153
82154
82168
82179
82187
82189
82194
82204
82216
82223
82224
82230
82235
82237
82240
82261
82265
82272
82277
82283
82284
82301
82313
82314
82319
82326
82330
82332
82335
82345
82377
82382
82388
82407
82409
82417
82421
82424
82426
82449
82478
82479
82487
82487
82534
82540
82554
82560
82566
82576
82589
82596
82629
82634
82654
82666
82674
82691
82693
82718
82731
82737
82752
82764
82766
82768
82785
82800
82806
82817
82818
82821
82822
82823
82823
82828
82839
82849
82858
82865
82866
82872
82878
82894
82899
82907
82910
82912
82922
82928
82936
82947
82959
82963
82968
82969
82972
82984
82985
83005
83012
83013
83017
83020
83023
83024
83029
83030
83031
83032
83032
83036
83041
83044
83052
83055
83067
83067
83068
83078
83078
83079
83081
83109
83111
83126
83131
83136
83160
83179
83187
83196
83206
83208
83209
83216
83220
83231
83236
83243
83248
83259
83262
83266
83276
83290
83312
83317
83326
83333
83333
83333
83333
83339
83352
83360
83360
83371
83377
83380
83382
83406
83406
83415
83417
83419
83450
83455
83460
83481
83492
83493
83532
83547
83559
83559
83571
83572
83594
83598
83603
83603
83607
83610
83620
83620
83628
83635
83645
83645
83646
83648
83652
83656
83661
83692
83716
83739
83745
83746
83759
83761
83762
83763
83773
83779
83780
83831
83837
83839
83841
83843
83843
83854
83858
83865
83894
83905
83906
83915
83920
83924
83926
83929
83929
83936
83941
83942
83944
83945
83966
83970
83974
83976
83991
83991
84008
84026
84031
84034
84035
84039
84050
84066
84069
84072
84074
84077
84078
84078
84082
84097
84100
84112
84114
84118
84124
84131
84132
84139
84144
84151
84155
84156
84164
84168
84193
84201
84206
84207
84217
84225
84229
84246
84248
84256
84270
84279
84279
84286
84304
84311
84314
84316
84319
84339
84340
84343
84344
84349
84350
84353
84356
84365
84365
84378
84380
84381
84383
84387
84396
84405
84414
84415
84425
84435
84437
84444
84463
84465
84466
84467
84471
84482
84493
84505
84523
84523
84523
84550
84564
84576
84583
84587
84600
84609
84614
84621
84633
84637
84644
84666
84675
84680
84697
84699
84705
84713
84713
84745
84764
84770
84770
84778
84789
84798
84801
84804
84807
84809
84813
84816
84852
84869
84875
84891
84908
84919
84924
84953
84963
84986
84987
84987
84995
85008
85011
85022
85033
85038
85040
85051
85051
85052
85064
85077
85084
85090
85105
85120
85172
85174
85174
85183
85184
85184
85185
85207
85214
85217
85225
85232
85246
85254
85265
85267
85279
85280
85282
85292
85305
85312
85339
85340
85348
85362
85362
85362
85373
85384
85396
85414
85436
85444
85456
85460
85468
85495
85498
85504
85508
85526
85534
85534
85554
85556
85572
85574
85577
85588
85592
85612
85618
85620
85622
85632
85650
85676
85682
85682
85683
85683
85685
85688
85710
85718
85722
85728
85732
85733
85734
85741
85755
85763
85764
85769
85775
85776
85780
85782
85784
85790
85799
85810
85812
85816
85828
85847
85855
85856
85866
85866
85873
85884
85887
85891
85892
85893
85893
85913
85920
85924
85925
85933
85952
85962
85963
85969
85970
85978
85982
85985
85991
85999
86017
86028
86030
86034
86037
86042
86044
86045
86046
86055
86064
86066
86067
86074
86142
86142
86155
86169
86170
86170
86174
86175
86187
86202
86234
86235
86238
86241
86241
86250
86267
86276
86289
86301
86302
86307
86309
86310
86315
86320
86337
86353
86359
86376
86422
86428
86431
86436
86466
86478
86479
86484
86507
86508
86515
86524
86536
86537
86537
86545
86548
86562
86574
86579
86584
86592
86596
86607
86615
86626
86627
86637
86639
86646
86649
86651
86660
86666
86673
86673
86678
86679
86694
86701
86713
86715
86720
86733
86743
86745
86762
86764
86765
86786
86802
86813
86814
86818
86829
86829
86847
86853
86861
86864
86870
86878
86879
86882
86910
86913
86918
86928
86930
86937
86939
86944
86949
86968
86971
87001
87002
87004
87012
87025
87029
87034
87041
87062
87067
87069
87080
87084
87104
87105
87105
87112
87119
87124
87125
87137
87147
87153
87157
87168
87173
87185
87189
87194
87197
87198
87211
87226
87229
87237
87246
87256
87258
87264
87273
87274
87277
87294
87296
87298
87300
87306
87308
87333
87334
87338
87340
87340
87351
87355
87362
87374
87385
87386
87391
87407
87441
87459
87465
87473
87477
87481
87488
87490
87499
87501
87507
87517
87519
87524
87526
87530
87532
87540
87543
87546
87548
87555
87556
87590
87619
87623
87629
87632
87665
87665
87672
87677
87679
87683
87689
87695
87698
87710
87712
87716
87720
87739
87741
87772
87774
87778
87785
87790
87794
87798
87805
87807
87810
87816
87825
87869
87873
87876
87890
87894
87899
87901
87902
87903
87920
87922
87925
87925
87937
87957
87978
87983
87986
87989
87989
88012
88025
88027
88040
88041
88061
88070
88083
88087
88129
88130
88131
88139
88140
88143
88145
88156
88157
88165
88168
88178
88179
88181
88181
88218
88243
88246
88265
88279
88279
88281
88281
88299
88318
88320
88332
88341
88352
88353
88361
88379
88380
88395
88398
88399
88410
88435
88437
88452
88458
88475
88489
88490
88495
88497
88507
88518
88541
88544
88546
88547
88549
88564
88565
88575
88586
88588
88604
88606
88611
88612
88627
88638
88654
88666
88667
88670
88679
88683
88689
88713
88727
88731
88738
88745
88750
88751
88757
88770
88778
88794
88795
88805
88805
88813
88819
88821
88843
88848
88853
88855
88860
88869
88885
88888
88889
88890
88890
88893
88919
88941
88946
88948
88953
88967
89005
89006
89009
89010
89023
89032
89032
89048
89061
89101
89110
89112
89118
89120
89127
89175
89185
89187
89189
89193
89199
89231
89234
89238
89244
89247
89253
89260
89280
89288
89291
89319
89323
89323
89326
89332
89333
89336
89350
89383
89385
89401
89409
89412
89416
89441
89447
89463
89464
89468
89486
89498
89508
89520
89521
89529
89552
89561
89562
89580
89596
89600
89603
89605
89629
89650
89650
89658
89675
89729
89749
89760
89761
89780
89782
89798
89803
89824
89827
89832
89838
89841
89846
89856
89863
89865
89879
89895
89923
89932
89963
89977
89978
89979
89985
89998
90047
90108
90124
90137
90166
90183
90207
90230
90284
90331
90355
90416
90425
90470
90495
90508
90542
90558
90566
90617
90619
90635
90642
90660
90691
90693
90719
90729
90730
90780
90783
90820
90837
90838
90844
90845
90860
90866
90901
90906
90922
90961
90984
90987
91022
91022
91027
91029
91040
91071
91074
91088
91092
91128
91145
91159
91159
91166
91206
91232
91241
91270
91375
91394
91426
91443
91498
91506
91528
91534
91547
91551
91674
91704
91709
91787
91792
91856
91861
91905
91907
91926
91928
91939
91993
92018
92031
92033
92051
92052
92056
92135
92149
92183
92189
92189
92196
92198
92289
92308
92309
92316
92320
92353
92361
92390
92394
92422
92424
92451
92458
92474
92529
92543
92549
92550
92562
92576
92661
92691
92728
92738
92759
92764
92771
92773
92776
92777
92783
92786
92801
92802
92828
92829
92844
92867
92880
92887
92895
92897
92929
92929
92943
92946
92969
92976
92986
92996
92997
93010
93037
93038
93044
93047
93050
93050
93064
93072
93136
93141
93144
93151
93160
93170
93174
93177
93224
93224
93248
93254
93277
93279
93279
93280
93288
93290
93291
93295
93304
93307
93321
93335
93339
93355
93358
93361
93368
93372
93375
93376
93377
93385
93408
93421
93424
93442
93453
93460
93469
93472
93492
93518
93531
93543
93544
93550
93555
93582
93585
93622
93628
93639
93683
93686
93708
93716
93728
93741
93744
93751
93755
93760
93762
93774
93792
93799
93809
93834
93836
93840
93847
93852
93857
93888
93894
93899
93907
93918
93945
93962
93973
93973
93975
93986
93998
94007
94038
94055
94074
94077
94093
94138
94150
94151
94173
94181
94185
94197
94199
94206
94218
94228
94241
94241
94243
94253
94256
94269
94269
94272
94273
94286
94287
94304
94309
94312
94315
94330
94338
94354
94364
94369
94376
94386
94391
94454
94463
94466
94467
94486
94495
94499
94524
94543
94545
94553
94564
94568
94571
94582
94607
94622
94640
94643
94654
94681
94683
94689
94693
94714
94726
94740
94743
94748
94749
94754
94755
94757
94776
94791
94797
94806
94809
94814
94816
94819
94820
94840
94840
94849
94850
94865
94874
94889
94899
94935
94938
94953
94979
94982
94984
94985
94990
94990
94998
95003
95008
95013
95024
95026
95037
95041
95055
95062
95064
95077
95080
95093
95099
95101
95112
95115
95120
95123
95139
95158
95159
95163
95172
95176
95194
95196
95208
95222
95247
95248
95249
95262
95273
95280
95288
95310
95324
95326
95327
95331
95349
95356
95359
95377
95400
95420
95427
95450
95454
95454
95472
95500
95503
95506
95509
95526
95544
95546
95547
95560
95562
95592
95596
95611
95619
95619
95626
95633
95652
95653
95657
95669
95696
95728
95728
95744
95745
95755
95759
95782
95787
95789
95795
95796
95805
95808
95810
95811
95816
95840
95843
95847
95848
95850
95860
95883
95890
95913
95915
95917
95921
95935
95936
95937
95938
95942
95948
95958
95963
95973
95981
95982
96028
96037
96038
96056
96069
96085
96111
96137
96142
96157
96158
96170
96175
96179
96183
96189
96189
96195
96210
96220
96231
96260
96274
96277
96278
96296
96304
96313
96314
96326
96326
96367
96382
96384
96388
96395
96412
96427
96448
96451
96454
96459
96464
96465
96468
96487
96487
96496
96514
96516
96528
96530
96550
96550
96566
96574
96600
96611
96666
96679
96694
96696
96706
96710
96751
96786
96796
96829
96839
96841
96841
96843
96870
96885
96899
96907
96914
96914
96960
96963
96982
96995
97014
97015
97017
97025
97029
97039
97039
97044
97047
97054
97061
97087
97091
97102
97121
97125
97135
97143
97157
97166
97169
97180
97187
97189
97195
97229
97237
97250
97251
97265
97269
97270
97275
97301
97310
97313
97314
97323
97338
97349
97349
97352
97365
97374
97376
97403
97424
97454
97470
97475
97493
97502
97504
97513
97547
97551
97567
97568
97572
97590
97592
97593
97594
97598
97622
97622
97627
97628
97640
97644
97645
97661
97662
97664
97671
97673
97695
97695
97697
97698
97705
97708
97717
97731
97736
97748
97755
97756
97758
97762
97781
97788
97803
97811
97823
97826
97869
97873
97875
97881
97894
97895
97926
97929
97931
97934
97936
97944
97958
97959
97966
97974
97988
97999
98001
98010
98017
98035
98042
98088
98104
98107
98127
98132
98139
98145
98167
98167
98169
98170
98174
98175
98182
98186
98197
98207
98222
98246
98256
98257
98275
98294
98306
98308
98309
98317
98321
98324
98327
98360
98360
98373
98392
98395
98418
98442
98444
98457
98465
98478
98486
98493
98500
98506
98518
98519
98521
98530
98558
98565
98575
98576
98577
98587
98592
98606
98643
98645
98651
98651
98656
98657
98661
98662
