1
25
27
28
36
39
49
59
67
80
89
92
98
104
110
123
125
127
131
135
136
170
176
177
203
220
241
250
257
260
262
263
266
282
290
293
307
313
318
323
324
325
335
345
352
353
369
391
393
398
405
417
419
426
426
429
430
438
450
462
467
469
469
479
487
489
495
498
506
510
524
531
534
550
563
564
568
577
582
584
602
608
609
622
624
628
632
661
662
668
673
686
687
692
694
698
701
724
725
730
732
733
735
754
756
766
771
774
785
793
796
800
818
828
844
862
864
880
884
892
896
896
900
900
903
905
909
912
932
949
957
983
983
988
990
991
991
992
1009
1012
1015
1021
1021
1039
1043
1050
1058
1077
1083
1088
1101
1103
1104
1112
1114
1117
1128
1130
1137
1137
1140
1151
1159
1168
1174
1175
1176
1205
1227
1229
1241
1249
1249
1268
1272
1276
1279
1288
1289
1291
1297
1309
1316
1324
1345
1350
1358
1363
1372
1384
1386
1398
1405
1412
1414
1427
1428
1429
1430
1434
1441
1448
1456
1460
1472
1482
1489
1497
1501
1501
1509
1517
1519
1522
1526
1532
1532
1539
1539
1558
1559
1562
1574
1582
1596
1601
1604
1605
1606
1624
1625
1630
1635
1637
1642
1642
1643
1651
1661
1661
1662
1676
1678
1680
1680
1683
1687
1698
1700
1722
1755
1758
1765
1771
1773
1779
1780
1795
1798
1807
1810
1812
1813
1813
1819
1826
1850
1851
1860
1862
1869
1885
1890
1892
1913
1926
1942
1945
1948
1974
1975
1976
1980
1984
1987
1990
1991
1991
1993
1996
2007
2012
2017
2024
2030
2039
2042
2049
2057
2058
2063
2067
2078
2098
2106
2115
2121
2127
2131
2133
2143
2159
2165
2175
2175
2176
2186
2187
2200
2207
2211
2213
2213
2213
2219
2223
2226
2228
2242
2255
2256
2257
2280
2280
2281
2284
2290
2290
2291
2302
2305
2310
2315
2335
2350
2351
2364
2375
2382
2409
2413
2414
2419
2441
2449
2465
2468
2469
2469
2475
2492
2494
2499
2528
2528
2530
2531
2532
2541
2546
2549
2556
2557
2560
2572
2574
2580
2587
2600
2606
2621
2643
2646
2649
2659
2674
2704
2707
2717
2723
2725
2729
2731
2738
2742
2752
2756
2775
2778
2779
2781
2789
2790
2792
2794
2795
2801
2802
2809
2826
2850
2850
2854
2856
2856
2859
2860
2865
2874
2876
2877
2878
2886
2887
2897
2897
2909
2909
2913
2930
2940
2945
2964
2964
2971
2972
2979
2989
3014
3017
3018
3021
3021
3022
3022
3028
3028
3030
3033
3042
3044
3068
3073
3074
3075
3078
3078
3082
3089
3103
3113
3133
3135
3148
3153
3153
3173
3184
3190
3195
3209
3210
3216
3222
3224
3226
3226
3235
3242
3252
3273
3277
3301
3303
3313
3319
3320
3327
3327
3329
3338
3342
3343
3343
3346
3346
3347
3356
3361
3371
3376
3379
3380
3385
3386
3402
3414
3423
3426
3431
3451
3455
3463
3474
3474
3476
3478
3480
3482
3482
3493
3495
3496
3536
3542
3550
3578
3579
3583
3587
3601
3606
3612
3615
3628
3630
3632
3636
3644
3659
3672
3673
3673
3679
3687
3694
3702
3716
3731
3736
3750
3757
3761
3766
3769
3769
3772
3790
3792
3796
3801
3804
3806
3813
3816
3829
3830
3842
3847
3860
3869
3882
3887
3895
3898
3910
3910
3913
3915
3915
3923
3935
3947
3973
3974
3976
3977
3983
3992
4004
4011
4013
4040
4048
4053
4060
4070
4074
4080
4081
4093
4098
4098
4107
4113
4113
4115
4119
4134
4136
4136
4144
4144
4148
4166
4168
4177
4180
4184
4186
4187
4191
4195
4199
4201
4215
4220
4224
4225
4229
4231
4241
4257
4268
4268
4273
4284
4286
4289
4289
4304
4306
4313
4327
4328
4332
4337
4357
4359
4366
4370
4376
4391
4399
4401
4405
4406
4407
4419
4425
4427
4429
4435
4438
4441
4445
4448
4453
4463
4465
4466
4476
4476
4491
4491
4498
4514
4517
4526
4535
4550
4551
4558
4561
4577
4583
4593
4602
4603
4619
4639
4642
4653
4653
4655
4655
4657
4662
4665
4666
4668
4675
4676
4678
4686
4686
4689
4695
4698
4699
4706
4707
4718
4718
4719
4728
4753
4754
4758
4759
4763
4773
4773
4775
4778
4781
4789
4799
4810
4810
4810
4819
4819
4829
4830
4845
4846
4846
4846
4851
4853
4899
4907
4909
4927
4928
4939
4946
4970
4972
4981
4983
4989
5002
5031
5037
5038
5040
5043
5051
5084
5096
5106
5110
5118
5135
5141
5151
5174
5175
5178
5187
5193
5200
5202
5221
5227
5227
5237
5239
5244
5245
5245
5251
5266
5271
5279
5284
5287
5290
5295
5296
5308
5309
5332
5339
5339
5340
5343
5360
5362
5373
5395
5396
5399
5399
5408
5408
5415
5436
5438
5457
5469
5476
5483
5507
5514
5528
5543
5543
5544
5549
5550
5553
5560
5562
5563
5569
5586
5588
5597
5597
5599
5600
5612
5622
5626
5636
5636
5645
5650
5665
5670
5695
5698
5708
5711
5718
5719
5726
5734
5735
5742
5748
5754
5759
5761
5761
5764
5765
5772
5781
5796
5805
5812
5817
5818
5819
5822
5824
5824
5832
5834
5843
5844
5853
5870
5871
5879
5881
5885
5891
5904
5907
5915
5920
5923
5933
5946
5948
5963
5963
5968
5972
5975
5981
5983
5993
6023
6025
6025
6026
6029
6042
6043
6059
6066
6084
6091
6091
6092
6097
6113
6116
6134
6142
6143
6144
6170
6170
6176
6180
6186
6196
6198
6207
6215
6217
6219
6229
6258
6276
6280
6283
6290
6291
6297
6301
6322
6327
6328
6328
6333
6338
6341
6372
6375
6384
6396
6399
6407
6414
6415
6417
6420
6422
6424
6436
6439
6439
6441
6448
6455
6457
6459
6469
6471
6473
6474
6476
6476
6481
6484
6492
6499
6501
6506
6509
6521
6527
6527
6530
6531
6536
6539
6539
6543
6544
6548
6550
6552
6557
6567
6572
6590
6593
6600
6601
6604
6604
6606
6606
6619
6620
6635
6640
6641
6643
6653
6658
6678
6691
6699
6700
6709
6709
6709
6711
6714
6722
6722
6725
6727
6737
6738
6741
6752
6754
6762
6778
6778
6798
6798
6799
6824
6836
6842
6845
6870
6873
6896
6913
6935
6939
6950
6950
6952
6953
6956
6956
6962
6964
6966
6971
6972
6979
7002
7005
7009
7014
7016
7017
7027
7031
7035
7046
7053
7054
7057
7062
7068
7068
7070
7071
7080
7080
7104
7121
7123
7130
7137
7142
7147
7148
7163
7167
7167
7167
7172
7182
7188
7194
7194
7207
7212
7217
7220
7223
7230
7237
7240
7244
7257
7260
7262
7270
7274
7276
7278
7285
7300
7309
7314
7319
7332
7334
7349
7355
7361
7367
7382
7392
7407
7411
7414
7432
7433
7449
7463
7467
7480
7482
7500
7510
7510
7516
7521
7523
7539
7540
7541
7563
7563
7564
7565
7567
7572
7581
7582
7586
7587
7604
7615
7618
7626
7627
7629
7656
7669
7670
7671
7675
7685
7699
7714
7726
7739
7740
7748
7756
7760
7763
7767
7776
7781
7784
7787
7793
7810
7820
7826
7837
7842
7844
7857
7858
7862
7871
7879
7881
7886
7895
7897
7901
7912
7941
7953
7954
7955
7958
7963
7967
7972
7983
7985
7986
7995
8005
8007
8012
8013
8014
8020
8022
8026
8027
8035
8037
8040
8041
8045
8046
8047
8048
8048
8049
8049
8052
8070
8075
8078
8084
8089
8089
8093
8094
8095
8097
8102
8119
8120
8135
8147
8154
8156
8157
8160
8161
8161
8166
8169
8180
8181
8181
8189
8189
8196
8198
8206
8206
8207
8210
8213
8231
8232
8244
8246
8257
8263
8281
8284
8289
8291
8300
8300
8303
8312
8312
8322
8326
8330
8334
8334
8336
8337
8345
8364
8370
8370
8398
8399
8426
8455
8458
8477
8488
8495
8501
8503
8506
8511
8513
8513
8515
8517
8519
8520
8524
8537
8538
8541
8547
8553
8564
8566
8570
8576
8595
8617
8619
8626
8639
8650
8652
8658
8668
8672
8672
8677
8679
8690
8691
8714
8716
8730
8735
8740
8762
8765
8772
8772
8776
8785
8805
8805
8811
8815
8819
8821
8824
8834
8847
8866
8872
8873
8879
8883
8886
8886
8888
8900
8903
8909
8913
8931
8931
8939
8940
8940
8949
8961
8968
8969
8977
8983
8988
9029
9036
9040
9042
9045
9048
9060
9061
9069
9071
9075
9075
9076
9079
9092
9099
9105
9107
9107
9110
9111
9114
9119
9120
9129
9136
9137
9159
9159
9159
9162
9163
9170
9171
9176
9198
9205
9213
9223
9226
9232
9242
9267
9270
9273
9275
9278
9284
9289
9291
9294
9321
9324
9337
9339
9341
9345
9346
9362
9363
9365
9376
9381
9383
9391
9392
9395
9403
9422
9446
9451
9457
9466
9471
9472
9483
9487
9488
9491
9492
9493
9497
9497
9499
9507
9509
9514
9522
9523
9525
9533
9536
9536
9541
9543
9546
9562
9572
9573
9574
9575
9581
9588
9590
9598
9599
9606
9624
9631
9635
9637
9639
9649
9649
9650
9657
9674
9681
9685
9685
9692
9696
9710
9729
9734
9742
9752
9757
9762
9789
9794
9799
9804
9810
9821
9825
9833
9839
9849
9851
9860
9861
9874
9877
9878
9906
9911
9912
9913
9916
9919
9922
9922
9923
9927
9933
9946
9959
9960
9962
9964
9969
9971
9984
9991
9992
9994
9995
10000
10002
10014
10014
10028
10033
10034
10050
10051
10051
10052
10053
10055
10058
10060
10067
10068
10076
10076
10079
10082
10084
10085
10086
10094
10096
10098
10098
10099
10105
10108
10108
10108
10108
10114
10131
10137
10148
10173
10178
10183
10191
10198
10201
10202
10209
10212
10216
10221
10226
10232
10246
10250
10256
10265
10278
10301
10306
10311
10322
10343
10379
10379
10381
10389
10401
10401
10403
10426
10426
10428
10433
10441
10441
10445
10456
10457
10465
10465
10466
10473
10474
10479
10482
10484
10501
10505
10509
10511
10521
10523
10524
10528
10531
10559
10565
10571
10577
10581
10584
10585
10592
10600
10611
10611
10611
10615
10616
10621
10627
10629
10630
10642
10642
10644
10661
10663
10675
10678
10679
10680
10683
10685
10704
10705
10711
10719
10738
10764
10773
10775
10789
10801
10803
10807
10822
10834
10841
10855
10856
10858
10859
10862
10866
10871
10884
10894
10898
10900
10904
10910
10915
10924
10926
10929
10933
10941
10952
10956
10966
10968
10968
10976
10982
10998
11003
11008
11010
11013
11013
11026
11047
11055
11056
11064
11066
11071
11084
11106
11121
11121
11133
11144
11167
11169
11182
11189
11191
11197
11201
11226
11243
11244
11245
11254
11264
11276
11281
11282
11287
11293
11310
11311
11312
11320
11325
11329
11339
11346
11349
11352
11354
11361
11364
11373
11376
11381
11388
11394
11395
11407
11414
11423
11430
11461
11481
11485
11491
11492
11495
11498
11506
11516
11519
11520
11531
11532
11536
11550
11557
11566
11566
11572
11583
11584
11587
11591
11599
11602
11607
11615
11620
11652
11656
11658
11662
11662
11664
11674
11678
11678
11684
11700
11708
11708
11719
11722
11730
11732
11743
11752
11763
11764
11782
11791
11791
11810
11810
11820
11823
11844
11849
11851
11868
11869
11875
11875
11888
11895
11895
11897
11900
11903
11913
11915
11915
11924
11924
11953
11958
11961
11962
11966
11986
11997
12000
12001
12001
12003
12021
12023
12031
12037
12043
12053
12063
12065
12066
12079
12086
12095
12103
12106
12111
12127
12129
12136
12148
12149
12150
12150
12151
12152
12168
12171
12173
12176
12176
12179
12181
12190
12202
12203
12204
12209
12223
12223
12223
12231
12233
12233
12234
12236
12238
12256
12262
12268
12270
12276
12289
12291
12324
12337
12337
12340
12341
12368
12374
12375
12376
12380
12381
12397
12420
12423
12425
12434
12460
12461
12462
12463
12469
12477
12486
12490
12504
12524
12527
12527
12536
12544
12553
12562
12585
12588
12592
12600
12603
12607
12621
12632
12641
12656
12661
12672
12687
12698
12700
12714
12720
12730
12738
12738
12739
12740
12745
12746
12769
12775
12777
12777
12787
12793
12809
12818
12823
12832
12836
12838
12853
12859
12866
12867
12876
12878
12878
12882
12883
12891
12894
12897
12903
12913
12932
12944
12947
12949
12960
12962
12962
12966
12967
12967
12990
13010
13017
13018
13022
13028
13031
13043
13051
13068
13085
13095
13101
13114
13115
13123
13126
13127
13141
13153
13156
13159
13162
13165
13172
13176
13176
13198
13199
13205
13206
13211
13215
13221
13237
13242
13259
13266
13272
13283
13297
13298
13322
13328
13336
13348
13351
13352
13374
13377
13378
13388
13390
13394
13402
13402
13402
13407
13410
13423
13440
13441
13447
13450
13454
13470
13472
13474
13482
13487
13493
13494
13506
13509
13512
13520
13527
13544
13546
13555
13574
13582
13594
13598
13598
13599
13613
13617
13617
13621
13639
13639
13678
13688
13693
13705
13708
13717
13719
13723
13726
13735
13736
13747
13751
13757
13764
13778
13780
13784
13785
13788
13796
13797
13841
13842
13842
13860
13865
13865
13866
13867
13878
13886
13892
13895
13896
13900
13909
13910
13913
13923
13927
13927
13928
13933
13935
13948
13954
13954
13958
13958
13967
13978
13990
14005
14013
14018
14062
14072
14075
14094
14094
14103
14112
14112
14118
14138
14153
14182
14185
14190
14192
14204
14209
14211
14215
14215
14224
14229
14231
14263
14263
14276
14312
14319
14338
14349
14358
14362
14376
14382
14391
14421
14421
14429
14437
14465
14469
14471
14471
14474
14486
14490
14500
14502
14503
14513
14523
14527
14573
14580
14602
14603
14610
14611
14624
14628
14633
14636
14639
14642
14655
14662
14662
14664
14665
14673
14673
14677
14687
14702
14702
14717
14718
14724
14759
14770
14771
14771
14772
14776
14783
14790
14792
14815
14822
14830
14831
14834
14851
14858
14873
14875
14875
14878
14882
14884
14888
14891
14895
14896
14900
14921
14925
14928
14938
14948
14957
14970
14972
14974
14978
14995
15006
15013
15028
15030
15030
15033
15034
15054
15056
15067
15088
15102
15106
15106
15112
15119
15119
15120
15124
15140
15142
15147
15163
15173
15181
15190
15202
15210
15221
15222
15224
15238
15247
15250
15254
15263
15296
15319
15328
15339
15348
15355
15357
15375
15377
15383
15387
15412
15412
15415
15418
15419
15420
15424
15428
15430
15432
15434
15466
15466
15467
15467
15480
15486
15500
15502
15503
15504
15505
15507
15508
15509
15510
15517
15522
15529
15531
15531
15542
15551
15554
15558
15559
15563
15567
15567
15568
15586
15589
15598
15614
15616
15634
15636
15636
15642
15649
15651
15653
15663
15695
15707
15723
15725
15729
15729
15739
15747
15755
15758
15760
15776
15777
15805
15805
15807
15810
15817
15827
15836
15840
15850
15854
15864
15880
15897
15904
15914
15943
15949
15957
15959
15963
15965
15970
15980
15982
15985
15987
15987
15988
16001
16006
16020
16023
16030
16041
16044
16048
16070
16073
16079
16087
16089
16104
16105
16108
16117
16128
16148
16160
16163
16163
16171
16183
16191
16197
16204
16207
16225
16226
16244
16269
16298
16309
16310
16310
16314
16316
16321
16331
16344
16346
16347
16351
16355
16358
16365
16365
16366
16372
16399
16403
16409
16417
16418
16422
16432
16447
16450
16454
16455
16457
16458
16459
16467
16468
16481
16481
16481
16491
16495
16522
16526
16543
16548
16558
16564
16568
16575
16580
16588
16591
16596
16598
16606
16609
16610
16623
16629
16633
16635
16635
16640
16641
16641
16641
16648
16653
16670
16685
16689
16693
16705
16714
16720
16729
16734
16735
16743
16753
16780
16786
16802
16805
16820
16821
16825
16836
16839
16841
16845
16852
16853
16853
16857
16857
16859
16865
16867
16867
16878
16889
16896
16896
16907
16920
16923
16923
16942
16947
16949
16953
16960
16967
16969
16975
16996
17005
17006
17008
17017
17021
17022
17033
17037
17043
17046
17049
17054
17055
17056
17057
17065
17066
17073
17074
17075
17084
17090
17090
17093
17100
17103
17103
17107
17113
17121
17123
17130
17141
17143
17148
17150
17150
17158
17160
17166
17204
17209
17221
17231
17239
17240
17248
17250
17272
17283
17284
17288
17292
17300
17304
17310
17310
17311
17312
17318
17321
17347
17349
17352
17361
17377
17384
17389
17399
17399
17415
17417
17419
17421
17425
17428
17431
17437
17454
17456
17458
17459
17460
17469
17474
17483
17496
17503
17507
17509
17510
17510
17515
17518
17522
17528
17538
17539
17544
17567
17572
17584
17589
17598
17598
17601
17609
17617
17620
17624
17629
17632
17634
17636
17638
17643
17644
17647
17647
17649
17651
17659
17676
17683
17696
17702
17705
17705
17711
17715
17721
17723
17727
17729
17741
17744
17745
17747
17757
17760
17761
17774
17777
17777
17782
17792
17815
17821
17823
17824
17826
17840
17846
17853
17861
17866
17867
17920
17933
17934
17939
17949
17959
17970
17972
17973
17975
17984
17986
17996
18016
18040
18047
18056
18063
18068
18076
18090
18091
18097
18104
18106
18123
18138
18148
18153
18153
18156
18166
18169
18175
18193
18196
18198
18211
18212
18213
18215
18222
18230
18241
18247
18252
18252
18261
18263
18276
18282
18285
18297
18308
18311
18317
18326
18329
18332
18334
18343
18344
18345
18348
18351
18354
18355
18357
18368
18379
18386
18392
18400
18403
18408
18412
18428
18428
18438
18443
18447
18452
18455
18458
18463
18492
18496
18516
18518
18519
18522
18525
18528
18529
18534
18555
18562
18563
18565
18568
18578
18582
18582
18583
18587
18596
18600
18603
18606
18628
18631
18638
18639
18646
18647
18648
18657
18659
18669
18672
18675
18686
18708
18710
18731
18737
18754
18760
18761
18768
18769
18781
18781
18783
18796
18802
18809
18811
18811
18815
18818
18823
18824
18825
18831
18832
18842
18843
18844
18844
18844
18850
18875
18891
18897
18900
18902
18904
18911
18914
18925
18937
18942
18950
18962
18970
18972
18975
18977
18980
18984
18986
19002
19004
19007
19016
19017
19021
19027
19031
19032
19033
19042
19051
19058
19061
19064
19067
19071
19076
19078
19079
19084
19085
19092
19099
19101
19110
19118
19120
19120
19133
19138
19142
19158
19163
19177
19180
19182
19183
19188
19190
19197
19197
19204
19206
19212
19224
19226
19230
19242
19243
19246
19248
19252
19253
19259
19264
19269
19284
19298
19299
19309
19309
19329
19334
19338
19352
19356
19361
19380
19385
19389
19394
19395
19396
19404
19408
19411
19419
19420
19431
19454
19466
19470
19471
19473
19475
19479
19484
19486
19487
19489
19502
19506
19521
19523
19539
19546
19547
19549
19555
19563
19569
19573
19576
19578
19592
19596
19606
19609
19610
19610
19612
19612
19620
19634
19637
19658
19673
19673
19676
19683
19683
19685
19691
19695
19706
19710
19713
19714
19717
19719
19731
19733
19733
19748
19749
19754
19757
19761
19772
19785
19786
19802
19802
19810
19829
19831
19835
19837
19853
19875
19884
19893
19901
19901
19908
19909
19913
19915
19915
19924
19924
19935
19943
19944
19971
19993
19994
19995
19995
19998
20002
20012
20012
20015
20020
20028
20031
20036
20056
20061
20076
20078
20086
20086
20098
20098
20118
20121
20123
20132
20140
20149
20150
20150
20154
20156
20156
20160
20167
20167
20170
20193
20194
20195
20218
20221
20239
20249
20250
20262
20265
20266
20293
20296
20299
20303
20308
20311
20314
20320
20326
20327
20328
20331
20336
20337
20341
20354
20369
20370
20373
20377
20383
20405
20428
20438
20440
20444
20444
20448
20450
20452
20455
20474
20481
20490
20500
20501
20530
20533
20542
20554
20566
20569
20573
20587
20593
20601
20605
20605
20613
20629
20639
20658
20665
20673
20674
20676
20686
20689
20692
20704
20707
20717
20717
20721
20724
20738
20743
20746
20746
20747
20767
20782
20787
20790
20792
20809
20828
20833
20836
20838
20839
20843
20845
20861
20897
20903
20936
20941
20946
20947
20948
20949
20954
20964
20976
20979
20983
20985
20991
20993
21014
21017
21040
21041
21057
21076
21088
21096
21109
21128
21131
21153
21160
21170
21197
21199
21204
21218
21220
21227
21254
21258
21261
21266
21270
21272
21273
21290
21292
21293
21310
21313
21315
21319
21323
21327
21340
21341
21353
21362
21364
21365
21368
21377
21384
21388
21392
21399
21399
21407
21411
21423
21425
21425
21437
21441
21454
21457
21473
21488
21498
21506
21507
21512
21516
21551
21552
21570
21574
21586
21607
21612
21618
21619
21621
21621
21630
21637
21652
21654
21656
21661
21677
21683
21686
21689
21698
21709
21729
21742
21761
21761
21773
21774
21777
21784
21787
21788
21803
21808
21819
21820
21823
21823
21830
21845
21862
21864
21880
21883
21893
21895
21896
21909
21918
21921
21926
21927
21934
21970
21974
21987
21990
21994
21998
22010
22025
22062
22079
22081
22082
22088
22101
22108
22109
22115
22118
22126
22127
22130
22146
22148
22149
22155
22175
22189
22192
22198
22203
22205
22208
22221
22223
22233
22239
22247
22252
22256
22263
22268
22287
22289
22292
22310
22311
22338
22343
22359
22376
22388
22391
22410
22413
22414
22415
22416
22427
22439
22444
22451
22463
22474
22475
22482
22491
22498
22510
22517
22526
22527
22527
22530
22530
22536
22540
22553
22561
22563
22575
22576
22596
22607
22615
22635
22660
22666
22667
22674
22675
22682
22691
22695
22698
22701
22705
22714
22769
22791
22793
22804
22804
22805
22808
22815
22825
22829
22833
22840
22843
22844
22878
22895
22897
22904
22907
22908
22926
22926
22931
22931
22936
22941
22942
22950
22951
22952
22954
22958
22960
22965
22967
22982
22997
23008
23014
23038
23044
23049
23056
23057
23067
23087
23087
23103
23111
23124
23132
23141
23141
23141
23143
23149
23150
23151
23156
23180
23180
23182
23188
23190
23203
23225
23242
23242
23245
23250
23253
23258
23283
23294
23300
23311
23316
23317
23319
23321
23323
23358
23365
23366
23367
23368
23369
23373
23377
23378
23380
23383
23386
23390
23398
23400
23403
23411
23416
23423
23424
23433
23443
23445
23450
23478
23478
23483
23488
23495
23497
23506
23507
23516
23519
23541
23542
23547
23552
23564
23567
23569
23570
23571
23581
23589
23591
23592
23594
23597
23610
23638
23641
23644
23650
23652
23657
23662
23687
23689
23727
23729
23737
23744
23751
23760
23776
23780
23803
23812
23814
23834
23843
23845
23847
23864
23870
23873
23877
23889
23899
23909
23918
23920
23925
23925
23928
23938
23941
23958
23977
23981
23981
23992
24005
24008
24011
24014
24024
24038
24055
24086
24086
24088
24091
24095
24103
24110
24116
24152
24154
24161
24166
24169
24181
24181
24191
24193
24196
24216
24239
24250
24257
24263
24266
24274
24280
24291
24297
24299
24303
24304
24336
24350
24354
24354
24364
24397
24405
24414
24422
24422
24438
24443
24447
24448
24451
24455
24458
24462
24475
24482
24487
24493
24499
24512
24514
24520
24526
24536
24537
24545
24553
24558
24559
24564
24565
24573
24574
24576
24587
24593
24602
24617
24623
24632
24654
24663
24666
24667
24669
24683
24694
24713
24723
24724
24734
24735
24739
24741
24745
24769
24772
24776
24777
24780
24793
24801
24804
24808
24808
24808
24811
24817
24824
24827
24828
24844
24847
24864
24875
24882
24882
24890
24891
24901
24907
24931
24943
24946
24947
24953
24963
24966
24966
24969
24970
24976
24977
24977
24988
24995
25002
25026
25030
25042
25044
25046
25055
25075
25091
25106
25109
25118
25128
25132
25143
25154
25155
25173
25184
25187
25201
25211
25242
25245
25247
25255
25267
25268
25284
25284
25287
25290
25296
25299
25306
25315
25315
25316
25320
25321
25329
25338
25347
25356
25367
25368
25377
25384
25385
25388
25394
25398
25398
25399
25399
25401
25403
25413
25420
25421
25432
25440
25446
25486
25486
25496
25506
25514
25519
25528
25531
25540
25541
25543
25547
25549
25586
25592
25599
25601
25619
25627
25631
25632
25634
25636
25657
25661
25664
25669
25676
25682
25699
25701
25705
25708
25709
25722
25755
25759
25764
25772
25776
25784
25784
25798
25804
25815
25820
25822
25831
25843
25861
25865
25909
25916
25917
25920
25922
25922
25925
25929
25930
25930
25933
25935
25940
25942
25944
25949
25950
25964
25968
25981
25990
25996
25998
26017
26033
26034
26036
26057
26059
26072
26074
26074
26090
26105
26112
26117
26127
26136
26146
26148
26149
26160
26161
26163
26164
26193
26200
26212
26220
26224
26235
26236
26240
26248
26248
26251
26262
26267
26268
26273
26277
26278
26283
26285
26290
26305
26306
26308
26322
26327
26328
26331
26344
26353
26361
26379
26381
26381
26382
26388
26392
26403
26406
26407
26426
26428
26442
26479
26480
26484
26498
26503
26509
26511
26518
26542
26551
26558
26559
26572
26584
26585
26590
26601
26601
26604
26607
26611
26612
26622
26623
26624
26632
26643
26650
26663
26663
26667
26675
26679
26703
26707
26713
26724
26729
26733
26735
26737
26747
26752
26768
26774
26808
26812
26815
26815
26825
26833
26835
26843
26847
26851
26858
26866
26873
26877
26878
26880
26884
26896
26898
26907
26915
26916
26929
26932
26933
26938
26947
26952
26969
26974
26976
26979
26985
26995
26996
27008
27009
27013
27013
27017
27027
27037
27044
27048
27049
27057
27058
27065
27071
27087
27110
27113
27124
27145
27147
27151
27154
27155
27159
27171
27177
27182
27198
27205
27229
27229
27230
27233
27239
27247
27247
27248
27250
27255
27258
27264
27267
27278
27278
27279
27304
27306
27319
27319
27335
27336
27352
27363
27365
27366
27373
27384
27389
27394
27403
27429
27431
27431
27438
27440
27441
27443
27448
27450
27461
27462
27462
27466
27470
27473
27475
27479
27480
27483
27519
27530
27545
27546
27550
27571
27577
27586
27586
27587
27592
27597
27599
27601
27610
27612
27638
27639
27643
27652
27655
27684
27692
27693
27699
27699
27712
27721
27734
27741
27752
27754
27758
27764
27769
27771
27780
27785
27785
27791
27791
27798
27800
27800
27811
27822
27823
27835
27840
27841
27845
27856
27875
27876
27886
27892
27898
27906
27922
27954
27955
27968
27972
27972
27982
27991
27995
27997
27999
28003
28009
28012
28023
28034
28048
28048
28056
28057
28057
28079
28085
28086
28087
28094
28101
28102
28140
28141
28142
28146
28149
28153
28161
28161
28164
28166
28169
28172
28213
28217
28219
28220
28248
28262
28277
28280
28281
28283
28289
28296
28299
28301
28304
28320
28323
28331
28342
28346
28351
28357
28357
28373
28376
28381
28388
28392
28400
28404
28427
28459
28467
28472
28473
28473
28494
28498
28500
28507
28511
28516
28516
28520
28523
28528
28533
28535
28542
28568
28575
28576
28581
28584
28592
28623
28624
28624
28625
28635
28641
28649
28658
28670
28678
28682
28688
28702
28704
28718
28725
28727
28732
28734
28735
28736
28737
28738
28746
28773
28776
28783
28786
28812
28820
28832
28836
28837
28837
28842
28853
28856
28880
28880
28885
28887
28929
28929
28932
28934
28942
28943
28944
28950
28951
28953
28960
28963
28967
28980
29018
29021
29025
29045
29047
29055
29080
29095
29103
29110
29118
29120
29125
29126
29135
29144
29149
29155
29158
29166
29176
29177
29178
29183
29187
29213
29218
29219
29228
29230
29234
29235
29254
29263
29274
29301
29303
29317
29318
29320
29329
29353
29359
29364
29366
29393
29415
29441
29452
29462
29467
29477
29487
29501
29525
29536
29537
29537
29548
29548
29557
29571
29585
29589
29592
29594
29602
29612
29628
29629
29661
29678
29696
29697
29706
29706
29716
29717
29725
29726
29731
29732
29733
29741
29749
29761
29764
29769
29770
29782
29784
29791
29794
29802
29805
29812
29821
29823
29839
29843
29845
29849
29852
29853
29853
29854
29867
29870
29891
29902
29904
29912
29925
29931
29943
29958
29974
29984
29990
29994
30002
30012
30015
30019
30021
30044
30046
30046
30047
30049
30064
30071
30075
30078
30084
30090
30091
30094
30102
30105
30107
30119
30126
30131
30143
30154
30159
30165
30175
30181
30209
30209
30225
30231
30234
30248
30248
30251
30255
30256
30256
30265
30271
30277
30286
30310
30311
30312
30315
30321
30331
30334
30337
30337
30340
30351
30360
30367
30376
30379
30383
30392
30394
30398
30406
30406
30411
30412
30415
30419
30430
30437
30441
30446
30452
30452
30453
30492
30504
30518
30519
30529
30533
30551
30555
30555
30559
30561
30566
30568
30572
30572
30573
30578
30587
30587
30588
30590
30594
30599
30606
30610
30623
30625
30630
30639
30657
30659
30694
30697
30703
30709
30715
30715
30717
30727
30728
30731
30733
30733
30750
30753
30754
30770
30785
30787
30799
30799
30799
30800
30813
30826
30828
30841
30843
30863
30871
30873
30881
30885
30888
30889
30897
30901
30916
30934
30942
30944
30952
30952
30975
30987
30987
30988
30998
30999
31002
31004
31019
31020
31025
31041
31043
31050
31052
31058
31073
31076
31082
31082
31098
31098
31103
31108
31116
31116
31120
31124
31128
31128
31133
31141
31144
31145
31148
31153
31160
31182
31185
31186
31195
31198
31200
31209
31232
31233
31236
31267
31273
31275
31288
31289
31291
31295
31326
31327
31333
31337
31344
31367
31372
31372
31372
31375
31390
31393
31402
31404
31433
31436
31460
31460
31463
31465
31466
31470
31471
31472
31483
31486
31493
31501
31515
31515
31522
31524
31527
31529
31534
31539
31544
31554
31556
31556
31560
31564
31568
31568
31571
31574
31581
31612
31615
31617
31637
31637
31638
31639
31647
31650
31652
31653
31653
31655
31657
31660
31665
31678
31684
31684
31685
31687
31689
31699
31702
31702
31702
31707
31717
31734
31741
31744
31744
31768
31770
31779
31779
31782
31783
31785
31785
31792
31795
31799
31813
31814
31822
31824
31831
31840
31857
31862
31865
31878
31878
31884
31890
31891
31891
31896
31901
31905
31925
31930
31941
31942
31951
31959
31961
31999
32003
32005
32010
32010
32011
32011
32015
32023
32027
32037
32060
32065
32075
32081
32084
32086
32086
32092
32097
32100
32107
32108
32114
32123
32130
32130
32132
32134
32161
32180
32193
32194
32199
32226
32231
32238
32240
32243
32257
32266
32272
32293
32305
32318
32320
32337
32339
32353
32363
32379
32392
32397
32399
32400
32412
32412
32415
32425
32445
32475
32476
32476
32480
32485
32495
32512
32520
32526
32526
32527
32527
32545
32547
32548
32551
32555
32561
32566
32573
32574
32574
32575
32576
32577
32578
32585
32589
32597
32613
32625
32628
32631
32641
32647
32652
32664
32668
32688
32689
32692
32696
32697
32705
32717
32727
32734
32735
32746
32748
32750
32753
32761
32770
32774
32776
32791
32794
32796
32797
32807
32812
32818
32824
32831
32848
32856
32857
32859
32859
32862
32865
32868
32875
32889
32889
32890
32894
32901
32913
32915
32922
32925
32928
32936
32943
32959
32959
32965
32983
32995
33002
33016
33020
33032
33041
33049
33050
33053
33072
33090
33093
33098
33106
33106
33107
33121
33122
33127
33143
33150
33152
33162
33163
33175
33203
33210
33217
33228
33231
33244
33251
33255
33260
33261
33269
33271
33273
33283
33284
33298
33303
33304
33321
33331
33348
33349
33356
33361
33364
33375
33376
33381
33384
33391
33392
33396
33403
33404
33409
33414
33424
33428
33431
33432
33445
33452
33462
33491
33494
33497
33503
33506
33520
33521
33536
33537
33549
33560
33572
33577
33580
33588
33596
33599
33599
33608
33609
33620
33627
33634
33640
33642
33643
33649
33650
33654
33656
33677
33691
33694
33695
33697
33697
33711
33716
33719
33724
33727
33736
33742
33747
33748
33750
33751
33770
33775
33784
33786
33792
33803
33807
33810
33813
33819
33822
33835
33841
33845
33845
33860
33871
33875
33880
33894
33894
33896
33900
33923
33929
33934
33936
33936
33938
33938
33940
33964
33990
33991
33997
34002
34007
34014
34021
34022
34024
34036
34040
34050
34065
34065
34086
34086
34117
34127
34134
34151
34152
34153
34167
34175
34188
34193
34194
34198
34204
34207
34219
34225
34225
34227
34233
34241
34244
34247
34259
34270
34270
34275
34276
34278
34279
34282
34285
34285
34304
34312
34315
34318
34335
34340
34351
34359
34367
34368
34370
34384
34386
34405
34411
34412
34415
34423
34434
34451
34456
34458
34462
34467
34473
34505
34516
34517
34533
34533
34549
34561
34563
34569
34572
34583
34589
34608
34609
34611
34614
34619
34628
34635
34635
34636
34662
34664
34665
34670
34674
34679
34682
34685
34686
34696
34698
34699
34712
34718
34722
34724
34726
34728
34729
34730
34739
34745
34761
34769
34776
34780
34789
34790
34796
34798
34810
34816
34826
34829
34838
34845
34849
34854
34870
34892
34892
34898
34901
34902
34918
34920
34921
34942
34942
34980
34985
34993
35000
35004
35010
35011
35023
35025
35025
35026
35041
35052
35059
35075
35076
35079
35085
35088
35094
35111
35113
35117
35120
35127
35131
35134
35145
35157
35184
35185
35197
35203
35204
35217
35233
35234
35237
35241
35245
35248
35249
35250
35257
35259
35262
35267
35277
35295
35318
35322
35335
35339
35344
35348
35355
35359
35368
35368
35370
35371
35380
35390
35403
35409
35415
35427
35434
35436
35441
35445
35452
35454
35464
35471
35476
35476
35481
35485
35486
35492
35495
35500
35501
35513
35513
35516
35550
35592
35593
35599
35610
35621
35624
35624
35638
35642
35644
35654
35658
35666
35669
35671
35673
35682
35683
35684
35726
35728
35733
35735
35735
35745
35749
35754
35754
35758
35759
35761
35789
35797
35805
35813
35816
35821
35822
35823
35828
35831
35838
35841
35846
35855
35856
35863
35888
35888
35900
35903
35903
35903
35910
35917
35921
35944
35950
35954
35956
35963
35978
35982
35985
35988
36006
36009
36012
36019
36029
36033
36038
36042
36055
36058
36063
36089
36092
36101
36111
36115
36128
36130
36133
36134
36160
36166
36170
36171
36173
36184
36203
36204
36204
36212
36219
36226
36227
36234
36248
36251
36251
36263
36265
36267
36269
36279
36285
36287
36290
36300
36305
36310
36319
36322
36328
36345
36347
36353
36357
36363
36364
36367
36369
36372
36376
36382
36396
36400
36410
36411
36417
36418
36436
36447
36447
36453
36460
36464
36468
36469
36475
36478
36480
36480
36490
36509
36512
36540
36543
36546
36550
36551
36559
36566
36572
36575
36578
36581
36585
36597
36615
36615
36616
36616
36622
36625
36647
36657
36666
36666
36669
36673
36675
36690
36708
36720
36755
36757
36759
36763
36792
36798
36800
36816
36820
36821
36823
36828
36831
36832
36838
36841
36842
36846
36851
36871
36880
36888
36921
36921
36928
36947
36954
36970
36972
36979
36985
36986
36988
36989
36993
36993
36996
36997
37000
37012
37015
37016
37018
37018
37020
37021
37022
37024
37027
37035
37035
37038
37050
37054
37056
37060
37069
37071
37073
37074
37074
37074
37087
37089
37096
37103
37105
37106
37116
37118
37121
37137
37148
37163
37163
37180
37193
37196
37198
37228
37236
37246
37248
37250
37252
37270
37278
37291
37296
37307
37315
37317
37318
37321
37331
37331
37333
37339
37364
37369
37370
37372
37382
37407
37422
37425
37427
37427
37437
37442
37455
37459
37479
37491
37507
37510
37521
37524
37532
37548
37551
37559
37565
37565
37576
37584
37596
37598
37611
37620
37638
37651
37653
37662
37669
37674
37683
37691
37696
37697
37698
37702
37712
37712
37715
37746
37746
37764
37773
37776
37781
37781
37783
37792
37810
37811
37817
37822
37825
37827
37855
37858
37887
37888
37890
37895
37897
37917
37937
37938
37939
37953
37959
37959
37972
37977
37981
37981
37994
38002
38012
38014
38016
38020
38020
38026
38031
38034
38040
38047
38047
38061
38063
38068
38069
38070
38071
38085
38087
38099
38102
38112
38114
38120
38134
38146
38147
38154
38177
38182
38183
38199
38199
38209
38227
38232
38244
38246
38253
38280
38285
38286
38297
38307
38311
38321
38335
38336
38340
38352
38357
38362
38368
38383
38394
38394
38404
38410
38423
38449
38462
38471
38484
38506
38516
38516
38516
38525
38528
38537
38552
38557
38565
38566
38569
38574
38582
38584
38587
38608
38612
38615
38617
38617
38620
38620
38624
38633
38639
38642
38651
38652
38655
38664
38668
38672
38677
38685
38717
38719
38729
38730
38732
38733
38735
38736
38738
38749
38750
38750
38755
38761
38778
38781
38792
38806
38807
38807
38838
38841
38842
38847
38883
38884
38896
38898
38925
38936
38938
38940
38940
38945
38948
38955
38956
38957
38958
38959
38965
38967
38973
38974
38979
38985
38986
39004
39004
39010
39018
39019
39029
39053
39055
39063
39099
39101
39104
39112
39113
39126
39128
39129
39144
39153
39156
39160
39164
39169
39173
39193
39202
39217
39223
39231
39235
39248
39249
39250
39251
39253
39259
39272
39282
39285
39288
39294
39298
39311
39315
39318
39320
39332
39336
39342
39349
39350
39356
39362
39363
39382
39399
39404
39412
39413
39418
39432
39439
39442
39450
39454
39482
39484
39485
39485
39487
39500
39508
39510
39513
39513
39520
39524
39525
39530
39532
39542
39546
39549
39556
39573
39588
39593
39593
39615
39628
39637
39645
39647
39647
39652
39657
39661
39673
39678
39694
39697
39708
39708
39711
39717
39724
39725
39735
39735
39735
39742
39746
39752
39761
39761
39766
39778
39794
39794
39801
39802
39808
39809
39812
39823
39830
39834
39848
39848
39849
39851
39853
39856
39868
39873
39901
39908
39929
39938
39946
39949
39978
39979
40000
40002
40004
40004
40006
40021
40023
40032
40033
40035
40046
40068
40070
40071
40074
40089
40096
40104
40104
40108
40121
40126
40129
40141
40142
40151
40152
40173
40175
40178
40184
40189
40196
40216
40221
40228
40235
40241
40243
40253
40258
40262
40262
40263
40270
40276
40286
40288
40292
40312
40312
40324
40337
40350
40363
40376
40380
40383
40384
40385
40385
40394
40401
40405
40406
40414
40421
40424
40458
40470
40477
40483
40507
40509
40523
40526
40528
40531
40551
40556
40563
40567
40569
40578
40590
40594
40606
40616
40617
40640
40653
40677
40693
40708
40710
40715
40716
40726
40735
40741
40748
40771
40778
40783
40784
40788
40790
40793
40795
40797
40799
40802
40821
40827
40827
40829
40839
40853
40868
40874
40874
40882
40885
40885
40889
40892
40895
40915
40918
40922
40929
40932
40945
40946
40946
40948
40950
40951
40952
40962
40964
40976
40992
40994
41003
41008
41011
41018
41019
41020
41022
41034
41039
41045
41047
41047
41051
41057
41058
41074
41074
41080
41082
41082
41087
41096
41101
41110
41119
41125
41126
41134
41135
41148
41178
41179
41181
41184
41196
41198
41201
41202
41235
41238
41243
41246
41254
41263
41282
41283
41291
41292
41293
41296
41297
41326
41336
41343
41346
41349
41360
41372
41376
41387
41388
41403
41404
41413
41417
41425
41436
41445
41452
41463
41464
41468
41479
41484
41489
41490
41491
41491
41493
41505
41513
41516
41521
41525
41529
41531
41536
41537
41545
41564
41564
41564
41570
41596
41597
41597
41608
41614
41617
41622
41625
41632
41657
41664
41666
41673
41676
41679
41686
41696
41699
41714
41715
41720
41731
41737
41739
41741
41743
41755
41757
41759
41765
41768
41807
41821
41821
41822
41825
41827
41829
41829
41834
41843
41851
41853
41854
41858
41864
41864
41875
41892
41908
41916
41936
41940
41943
41948
41951
41969
41974
41977
41979
41980
42003
42011
42015
42016
42020
42026
42026
42027
42028
42030
42031
42032
42033
42033
42035
42039
42042
42045
42048
42049
42052
42052
42055
42056
42067
42075
42083
42086
42091
42092
42106
42107
42121
42130
42146
42156
42161
42162
42192
42194
42195
42196
42202
42205
42211
42216
42234
42243
42245
42253
42255
42261
42262
42271
42272
42281
42300
42310
42317
42323
42325
42359
42362
42368
42377
42387
42393
42394
42401
42402
42402
42408
42414
42417
42428
42445
42450
42459
42465
42469
42470
42478
42480
42481
42493
42494
42498
42503
42508
42509
42511
42514
42515
42528
42537
42537
42539
42560
42563
42568
42572
42574
42594
42617
42632
42645
42659
42660
42662
42678
42683
42683
42685
42693
42693
42704
42715
42716
42717
42732
42742
42768
42769
42769
42781
42801
42807
42810
42821
42825
42827
42829
42842
42847
42848
42878
42891
42895
42916
42918
42923
42935
42944
42947
42948
42950
42952
42952
42954
42972
42982
42983
42986
42991
42994
42996
43002
43005
43019
43022
43041
43053
43062
43081
43083
43104
43115
43125
43131
43135
43137
43139
43142
43155
43161
43169
43173
43173
43176
43186
43186
43202
43208
43209
43234
43243
43243
43245
43247
43249
43262
43265
43295
43299
43309
43323
43333
43341
43342
43343
43347
43358
43373
43373
43373
43382
43391
43394
43401
43403
43404
43430
43435
43437
43441
43453
43459
43467
43467
43469
43475
43478
43492
43517
43524
43528
43543
43550
43552
43552
43563
43582
43586
43591
43598
43600
43601
43602
43602
43614
43627
43639
43642
43642
43668
43678
43682
43685
43689
43693
43694
43714
43724
43728
43739
43746
43750
43751
43755
43770
43771
43804
43805
43808
43812
43824
43838
43842
43844
43844
43848
43856
43869
43877
43909
43910
43911
43912
43926
43927
43931
43931
43956
43957
43961
43966
43972
43973
43975
43976
43977
43982
43985
43991
43992
44007
44010
44011
44017
44037
44041
44047
44054
44055
44061
44063
44064
44073
44088
44095
44095
44101
44102
44105
44107
44110
44111
44119
44127
44144
44152
44157
44165
44168
44174
44182
44190
44205
44215
44218
44239
44243
44261
44274
44285
44285
44288
44294
44324
44330
44335
44339
44343
44343
44351
44361
44365
44367
44370
44378
44382
44383
44385
44387
44424
44432
44440
44451
44468
44474
44481
44481
44498
44500
44514
44523
44531
44544
44546
44579
44589
44592
44593
44600
44602
44609
44629
44644
44651
44651
44667
44677
44683
44685
44690
44700
44702
44710
44719
44721
44723
44745
44752
44753
44755
44764
44766
44774
44787
44790
44805
44807
44808
44820
44825
44829
44840
44847
44847
44850
44853
44856
44859
44859
44859
44872
44873
44874
44879
44884
44887
44888
44894
44898
44910
44913
44921
44925
44930
44931
44942
44942
44945
44952
44963
44967
44975
44983
45000
45003
45033
45034
45035
45041
45054
45057
45061
45066
45080
45094
45118
45125
45133
45135
45136
45146
45158
45158
45159
45199
45200
45201
45212
45221
45222
45224
45226
45227
45229
45243
45246
45259
45263
45267
45272
45275
45285
45286
45314
45319
45330
45330
45342
45345
45346
45355
45355
45379
45380
45394
45406
45423
45425
45430
45431
45440
45442
45448
45451
45451
45459
45490
45501
45506
45509
45513
45519
45531
45539
45540
45541
45544
45547
45548
45552
45576
45581
45582
45594
45597
45602
45615
45623
45630
45647
45649
45650
45667
45678
45679
45680
45700
45702
45710
45715
45720
45729
45730
45731
45758
45773
45781
45781
45796
45799
45812
45815
45819
45820
45820
45829
45842
45848
45849
45854
45860
45865
45867
45895
45933
45944
45949
45952
45952
45955
45958
45961
45961
45962
45962
45964
45966
45969
45972
45976
45976
46003
46005
46005
46014
46015
46020
46021
46050
46061
46072
46077
46080
46082
46082
46096
46099
46102
46103
46105
46105
46107
46108
46108
46114
46127
46130
46156
46165
46181
46189
46197
46221
46231
46248
46249
46261
46273
46284
46304
46317
46319
46320
46322
46323
46328
46329
46330
46339
46345
46347
46357
46360
46362
46376
46381
46399
46404
46411
46416
46417
46418
46420
46428
46433
46434
46440
46443
46447
46454
46455
46467
46468
46468
46473
46487
46493
46502
46506
46519
46519
46528
46530
46539
46546
46549
46559
46563
46573
46601
46606
46612
46622
46639
46641
46649
46660
46660
46664
46664
46665
46668
46671
46672
46672
46680
46682
46687
46689
46706
46708
46708
46710
46723
46743
46743
46752
46752
46763
46764
46767
46776
46780
46781
46785
46816
46820
46828
46837
46850
46851
46861
46866
46870
46872
46887
46888
46895
46914
46922
46930
46934
46934
46949
46962
46974
46976
46979
46980
46981
46986
46998
47008
47012
47012
47014
47017
47023
47042
47051
47053
47054
47059
47071
47078
47078
47082
47096
47113
47116
47130
47130
47133
47139
47146
47154
47164
47170
47172
47180
47182
47183
47201
47211
47217
47218
47235
47240
47247
47278
47278
47280
47294
47323
47325
47337
47340
47362
47378
47380
47400
47411
47414
47415
47427
47428
47431
47436
47444
47446
47448
47467
47469
47474
47485
47493
47527
47527
47540
47542
47544
47562
47563
47567
47572
47572
47578
47582
47587
47597
47608
47614
47623
47624
47625
47626
47633
47641
47649
47651
47657
47664
47665
47665
47682
47683
47683
47705
47706
47719
47719
47729
47732
47736
47740
47741
47748
47750
47756
47776
47777
47777
47788
47801
47804
47852
47868
47872
47879
47879
47879
47898
47908
47911
47913
47917
47922
47954
47955
47962
47981
47989
47991
47994
48009
48012
48020
48023
48025
48031
48032
48032
48035
48036
48040
48042
48051
48082
48088
48099
48101
48106
48108
48112
48114
48122
48123
48124
48125
48126
48132
48142
48143
48146
48147
48149
48162
48173
48178
48186
48190
48199
48229
48248
48250
48256
48264
48271
48273
48273
48276
48278
48290
48291
48298
48305
48312
48313
48317
48330
48351
48360
48379
48383
48389
48393
48399
48405
48412
48412
48419
48421
48421
48428
48436
48438
48438
48439
48448
48455
48458
48463
48480
48482
48483
48490
48490
48494
48501
48503
48534
48536
48545
48551
48553
48554
48558
48563
48589
48598
48600
48600
48611
48617
48623
48623
48630
48638
48659
48664
48672
48677
48678
48680
48692
48694
48696
48698
48709
48709
48722
48723
48724
48727
48733
48743
48744
48745
48748
48749
48759
48765
48770
48784
48794
48797
48814
48829
48848
48853
48860
48860
48865
48868
48868
48870
48870
48871
48873
48876
48887
48902
48902
48907
48908
48909
48913
48915
48916
48925
48932
48933
48945
48951
48965
48971
48974
48975
48976
48984
48990
48997
49002
49007
49011
49022
49026
49047
49047
49048
49053
49058
49064
49066
49090
49111
49111
49137
49143
49146
49150
49152
49152
49158
49195
49210
49226
49242
49247
49250
49256
49256
49263
49285
49293
49298
49311
49311
49326
49326
49329
49332
49355
49377
49379
49383
49399
49404
49415
49418
49431
49434
49434
49435
49438
49440
49444
49449
49470
49476
49476
49476
49479
49498
49509
49510
49512
49515
49520
49520
49521
49528
49533
49534
49535
49538
49540
49542
49552
49553
49558
49559
49575
49579
49585
49599
49602
49628
49632
49634
49639
49642
49644
49681
49696
49696
49697
49702
49720
49726
49732
49733
49746
49746
49757
49758
49761
49767
49776
49780
49780
49780
49781
49793
49799
49806
49809
49810
49812
49817
49822
49823
49823
49829
49833
49835
49844
49847
49851
49855
49857
49891
49893
49895
49920
49926
49927
49948
49950
49953
49962
49993
49993
50000
50018
50019
50029
50032
50035
50042
50060
50061
50064
50069
50078
50080
50080
50082
50103
50117
50135
50136
50140
50141
50154
50172
50177
50179
50180
50185
50186
50195
50203
50205
50233
50247
50249
50264
50271
50282
50286
50289
50298
50303
50323
50337
50342
50347
50358
50362
50388
50413
50428
50428
50428
50438
50443
50447
50470
50470
50472
50473
50473
50474
50477
50478
50493
50497
50519
50528
50535
50541
50549
50558
50560
50572
50588
50589
50609
50615
50619
50626
50627
50630
50635
50636
50639
50660
50665
50669
50673
50684
50689
50691
50703
50735
50736
50737
50745
50748
50749
50765
50767
50789
50800
50806
50816
50819
50824
50827
50828
50829
50842
50845
50863
50864
50871
50895
50911
50920
50923
50934
50936
50937
50940
50946
50951
50959
50964
50977
50988
51001
51002
51011
51022
51024
51032
51039
51045
51045
51064
51083
51083
51084
51097
51108
51114
51125
51127
51140
51141
51143
51149
51150
51171
51173
51174
51182
51190
51191
51200
51206
51207
51220
51221
51228
51229
51231
51235
51235
51235
51240
51240
51246
51267
51274
51280
51282
51286
51294
51310
51312
51315
51322
51323
51338
51360
51362
51365
51366
51368
51381
51388
51392
51393
51397
51398
51400
51406
51406
51413
51423
51424
51430
51448
51452
51455
51457
51465
51465
51475
51478
51479
51486
51487
51491
51501
51507
51508
51516
51517
51522
51527
51533
51548
51558
51560
51564
51598
51606
51624
51628
51628
51636
51644
51668
51673
51690
51692
51693
51700
51710
51721
51740
51748
51750
51774
51782
51802
51828
51836
51838
51846
51851
51865
51870
51878
51879
51888
51890
51920
51936
51938
51944
51958
51992
51998
52001
52004
52005
52011
52024
52024
52044
52052
52060
52077
52077
52090
52099
52101
52107
52122
52127
52133
52133
52134
52162
52172
52176
52182
52184
52214
52218
52218
52225
52228
52234
52237
52239
52257
52260
52262
52263
52263
52270
52271
52277
52278
52282
52289
52293
52297
52311
52312
52314
52327
52328
52329
52338
52339
52346
52347
52361
52366
52378
52402
52421
52428
52435
52446
52447
52456
52457
52469
52473
52475
52476
52485
52485
52513
52516
52518
52523
52532
52539
52543
52548
52559
52560
52561
52567
52568
52571
52576
52582
52602
52604
52615
52615
52617
52617
52619
52621
52632
52637
52644
52645
52648
52652
52663
52668
52672
52674
52683
52686
52698
52708
52711
52715
52723
52737
52745
52750
52753
52763
52765
52766
52776
52777
52786
52798
52810
52815
52822
52829
52853
52863
52870
52874
52887
52889
52889
52890
52891
52894
52899
52901
52920
52922
52922
52928
52930
52940
52942
52944
52946
52953
52973
52986
52989
53004
53006
53017
53023
53028
53038
53049
53050
53059
53073
53086
53099
53119
53121
53137
53138
53144
53147
53147
53150
53171
53183
53211
53214
53216
53225
53243
53244
53246
53255
53262
53269
53276
53279
53283
53284
53285
53286
53292
53294
53302
53310
53315
53325
53330
53345
53347
53358
53363
53363
53369
53375
53377
53392
53396
53403
53432
53435
53436
53437
53438
53459
53461
53463
53491
53493
53504
53506
53510
53511
53513
53514
53515
53519
53520
53523
53534
53542
53563
53578
53587
53605
53611
53619
53623
53626
53627
53639
53645
53646
53648
53648
53648
53650
53655
53658
53665
53666
53677
53679
53680
53680
53688
53696
53705
53716
53716
53718
53721
53723
53727
53730
53734
53751
53764
53774
53780
53788
53801
53836
53845
53846
53858
53859
53863
53869
53888
53890
53893
53900
53901
53904
53904
53908
53916
53925
53932
53955
53959
53963
53964
53971
53973
53974
53984
53985
54009
54010
54013
54014
54015
54022
54026
54028
54032
54034
54036
54040
54054
54054
54057
54069
54073
54093
54094
54095
54103
54105
54105
54116
54124
54127
54133
54134
54142
54148
54162
54170
54173
54218
54224
54231
54235
54251
54256
54271
54287
54288
54308
54312
54314
54315
54322
54326
54326
54337
54349
54355
54360
54369
54381
54385
54398
54427
54434
54435
54439
54443
54444
54456
54460
54476
54478
54480
54484
54485
54487
54495
54500
54505
54506
54515
54516
54539
54547
54554
54558
54567
54570
54580
54617
54623
54637
54641
54650
54671
54703
54705
54708
54710
54716
54716
54729
54735
54736
54737
54738
54754
54755
54757
54760
54772
54777
54780
54789
54790
54809
54819
54842
54843
54851
54860
54876
54881
54901
54901
54903
54904
54926
54936
54940
54942
54948
54950
54951
54954
54970
54977
54993
54995
55001
55005
55013
55041
55049
55051
55054
55054
55056
55056
55059
55070
55076
55086
55098
55100
55108
55116
55147
55154
55156
55190
55194
55201
55208
55211
55225
55227
55227
55230
55233
55241
55243
55246
55250
55251
55252
55257
55260
55261
55269
55274
55274
55284
55296
55309
55310
55311
55318
55320
55321
55331
55346
55347
55349
55354
55357
55358
55362
55362
55372
55376
55392
55409
55422
55426
55427
55428
55445
55463
55499
55503
55504
55514
55525
55543
55552
55603
55606
55609
55628
55634
55638
55668
55675
55676
55676
55682
55693
55694
55704
55709
55709
55713
55717
55738
55741
55742
55749
55756
55757
55760
55776
55790
55811
55819
55819
55821
55844
55845
55863
55865
55868
55895
55900
55915
55915
55927
55930
55942
55944
55945
55957
55959
55981
56003
56004
56004
56007
56008
56014
56017
56022
56025
56030
56036
56037
56040
56040
56041
56066
56081
56104
56123
56124
56127
56132
56140
56155
56157
56165
56171
56180
56187
56191
56192
56192
56204
56213
56224
56226
56257
56261
56275
56276
56276
56278
56281
56290
56298
56299
56303
56311
56313
56314
56317
56318
56327
56340
56348
56350
56356
56376
56386
56411
56414
56437
56448
56459
56466
56470
56487
56487
56488
56489
56490
56498
56502
56506
56519
56539
56544
56545
56555
56559
56559
56563
56565
56566
56582
56585
56592
56612
56625
56626
56627
56635
56651
56653
56654
56655
56656
56657
56661
56672
56707
56713
56721
56730
56730
56734
56735
56743
56745
56754
56765
56780
56786
56790
56796
56804
56819
56825
56834
56837
56842
56848
56854
56879
56885
56891
56899
56905
56907
56918
56925
56927
56927
56929
56945
56955
56961
56962
56963
56964
56966
56974
56984
56985
56985
57002
57015
57019
57026
57027
57032
57040
57053
57055
57060
57063
57069
57076
57078
57083
57087
57089
57089
57092
57097
57099
57112
57133
57136
57152
57163
57174
57176
57190
57201
57205
57213
57216
57219
57219
57220
57222
57226
57242
57243
57251
57253
57255
57270
57274
57276
57276
57320
57335
57349
57351
57351
57359
57365
57367
57380
57381
57389
57393
57399
57401
57404
57410
57410
57411
57418
57434
57459
57461
57465
57471
57474
57474
57477
57478
57481
57485
57491
57492
57492
57501
57511
57523
57526
57530
57553
57562
57566
57573
57580
57592
57600
57625
57629
57631
57633
57637
57643
57644
57655
57666
57679
57679
57680
57687
57692
57702
57703
57717
57719
57719
57721
57741
57747
57748
57751
57755
57760
57765
57767
57767
57769
57777
57782
57788
57792
57794
57797
57812
57840
57842
57866
57867
57876
57894
57895
57899
57902
57904
57909
57917
57924
57929
57932
57935
57935
57939
57942
57945
57946
57948
57952
57954
57964
57964
57968
57972
57972
57978
57978
57979
57982
57989
57994
57996
57998
58002
58005
58012
58019
58023
58025
58040
58046
58049
58052
58055
58059
58062
58064
58068
58070
58083
58087
58104
58105
58109
58129
58135
58144
58146
58149
58152
58161
58168
58172
58174
58180
58187
58192
58199
58200
58203
58204
58222
58226
58226
58227
58228
58231
58247
58251
58254
58269
58271
58276
58284
58285
58295
58309
58315
58330
58334
58342
58343
58345
58348
58348
58349
58360
58360
58365
58378
58380
58381
58383
58392
58396
58408
58430
58442
58454
58467
58469
58478
58480
58486
58491
58500
58503
58509
58511
58513
58514
58516
58526
58533
58535
58541
58552
58563
58563
58567
58577
58579
58601
58620
58622
58635
58656
58663
58665
58668
58671
58679
58680
58696
58703
58706
58719
58720
58721
58729
58752
58757
58760
58762
58764
58765
58765
58766
58767
58790
58809
58809
58811
58816
58821
58833
58854
58862
58862
58883
58888
58891
58892
58893
58907
58924
58931
58941
58943
58953
58954
58954
58959
58959
58962
58966
58967
58968
58983
59004
59004
59016
59025
59026
59043
59050
59054
59089
59090
59095
59101
59104
59108
59117
59119
59141
59145
59148
59153
59163
59174
59178
59181
59187
59199
59200
59211
59212
59213
59217
59218
59245
59251
59253
59269
59279
59281
59288
59294
59301
59301
59302
59306
59330
59332
59343
59350
59356
59366
59366
59377
59380
59381
59391
59398
59404
59406
59406
59416
59423
59426
59427
59428
59447
59448
59453
59454
59472
59484
59498
59498
59510
59510
59515
59525
59526
59527
59528
59532
59533
59534
59534
59547
59550
59563
59567
59568
59569
59590
59601
59601
59609
59610
59612
59619
59620
59623
59635
59636
59645
59649
59688
59690
59705
59710
59711
59713
59728
59729
59733
59737
59738
59740
59769
59770
59770
59784
59791
59797
59799
59804
59812
59814
59828
59830
59832
59841
59844
59850
59865
59867
59877
59878
59890
59903
59905
59911
59916
59941
59947
59950
59952
59972
59989
59990
59996
60003
60006
60010
60010
60010
60023
60028
60029
60038
60038
60039
60041
60068
60071
60081
60083
60087
60111
60112
60113
60119
60126
60134
60135
60147
60150
60168
60177
60180
60194
60200
60202
60207
60218
60220
60235
60236
60238
60254
60257
60258
60259
60265
60281
60281
60304
60309
60311
60319
60338
60338
60343
60346
60350
60360
60364
60367
60368
60380
60387
60396
60400
60401
60405
60420
60426
60427
60430
60433
60455
60460
60460
60466
60472
60477
60484
60485
60486
60490
60492
60493
60504
60506
60521
60526
60527
60529
60537
60544
60545
60566
60567
60572
60576
60589
60595
60605
60614
60620
60638
60644
60652
60653
60683
60693
60699
60700
60707
60717
60719
60720
60727
60739
60746
60753
60780
60795
60798
60828
60833
60842
60842
60843
60849
60850
60853
60853
60860
60874
60880
60891
60901
60908
60910
60910
60918
60923
60925
60935
60937
60938
60946
60962
60963
60964
60969
60977
60981
60982
60998
60999
61006
61018
61019
61032
61034
61040
61040
61041
61049
61053
61077
61078
61096
61098
61106
61112
61118
61135
61137
61146
61148
61156
61157
61175
61177
61182
61182
61191
61200
61204
61235
61239
61241
61245
61251
61256
61264
61265
61267
61284
61297
61306
61307
61318
61327
61330
61331
61331
61338
61355
61362
61372
61372
61380
61390
61393
61396
61399
61408
61421
61425
61428
61437
61438
61454
61457
61460
61464
61473
61484
61492
61502
61504
61511
61513
61519
61519
61525
61532
61535
61535
61537
61541
61543
61555
61557
61562
61568
61573
61585
61589
61591
61609
61616
61623
61632
61644
61659
61664
61679
61680
61683
61698
61706
61710
61723
61727
61732
61736
61739
61746
61752
61758
61775
61783
61786
61787
61792
61794
61804
61811
61811
61811
61825
61830
61832
61841
61842
61844
61846
61846
61850
61851
61854
61862
61864
61874
61877
61887
61909
61913
61927
61939
61939
61940
61945
61950
61951
61962
61980
61984
61994
61996
62001
62011
62012
62039
62044
62050
62053
62054
62057
62069
62076
62079
62085
62094
62103
62109
62140
62150
62162
62168
62174
62178
62179
62183
62184
62191
62205
62207
62212
62217
62221
62224
62235
62239
62251
62256
62262
62263
62264
62266
62279
62282
62284
62298
62305
62306
62311
62315
62321
62330
62333
62337
62365
62369
62375
62380
62382
62393
62400
62412
62415
62416
62418
62419
62421
62432
62432
62434
62436
62457
62463
62470
62470
62473
62474
62474
62474
62477
62478
62482
62489
62506
62518
62518
62532
62532
62538
62540
62541
62544
62548
62549
62552
62556
62566
62568
62569
62584
62595
62602
62604
62610
62622
62622
62623
62634
62646
62647
62652
62655
62657
62658
62667
62667
62669
62679
62684
62714
62717
62723
62735
62747
62752
62759
62785
62791
62792
62793
62797
62797
62797
62800
62810
62816
62821
62837
62848
62850
62850
62853
62856
62863
62864
62866
62870
62874
62888
62890
62895
62908
62928
62928
62928
62934
62939
62943
62959
62967
62987
62988
62993
62997
63006
63007
63011
63012
63036
63047
63047
63047
63056
63065
63065
63072
63085
63088
63092
63115
63118
63120
63133
63156
63171
63173
63181
63184
63189
63193
63198
63200
63201
63215
63220
63220
63222
63232
63250
63257
63257
63257
63265
63267
63270
63273
63275
63294
63297
63305
63310
63321
63347
63350
63361
63362
63364
63380
63381
63383
63388
63398
63408
63408
63421
63421
63450
63457
63468
63470
63484
63489
63509
63513
63517
63524
63525
63534
63537
63539
63539
63539
63541
63546
63559
63562
63575
63582
63583
63590
63610
63627
63632
63633
63643
63646
63650
63675
63676
63687
63696
63697
63697
63703
63704
63716
63723
63755
63764
63780
63788
63793
63794
63804
63809
63813
63815
63821
63829
63833
63834
63844
63847
63852
63877
63880
63887
63903
63903
63908
63910
63925
63945
63948
63952
63953
63966
63969
63995
64008
64012
64016
64038
64039
64039
64039
64040
64054
64056
64058
64062
64081
64101
64105
64111
64113
64117
64146
64147
64160
64162
64163
64168
64174
64175
64178
64178
64183
64183
64184
64187
64190
64191
64201
64203
64207
64213
64214
64215
64221
64226
64238
64239
64250
64251
64259
64264
64275
64286
64302
64303
64304
64305
64316
64325
64333
64334
64335
64338
64350
64352
64360
64399
64408
64413
64434
64435
64450
64468
64473
64484
64487
64498
64499
64501
64503
64506
64511
64533
64540
64541
64565
64568
64569
64570
64578
64595
64598
64602
64605
64607
64612
64614
64616
64619
64620
64626
64634
64637
64638
64654
64655
64660
64669
64675
64676
64677
64720
64721
64746
64750
64751
64753
64758
64760
64760
64761
64774
64782
64786
64790
64793
64805
64812
64812
64820
64829
64829
64832
64855
64865
64867
64876
64893
64896
64903
64910
64912
64925
64930
64933
64954
64957
64964
64964
64966
64966
64970
64976
64976
64986
64986
64989
64991
64998
65027
65033
65036
65047
65054
65058
65063
65071
65071
65071
65072
65081
65085
65086
65095
65095
65097
65097
65100
65132
65141
65145
65153
65153
65170
65175
65178
65184
65185
65195
65195
65195
65202
65203
65205
65236
65236
65238
65244
65247
65248
65249
65249
65262
65276
65278
65280
65300
65301
65317
65320
65320
65325
65326
65335
65345
65354
65360
65363
65366
65375
65376
65376
65377
65378
65382
65390
65397
65398
65401
65406
65407
65413
65415
65418
65424
65431
65439
65441
65454
65459
65486
65490
65493
65521
65522
65527
65536
65542
65559
65563
65564
65581
65587
65589
65623
65632
65642
65646
65648
65655
65665
65669
65677
65691
65700
65708
65709
65713
65717
65719
65724
65756
65795
65795
65801
65804
65807
65813
65817
65829
65835
65841
65841
65847
65865
65865
65882
65886
65896
65901
65902
65907
65928
65929
65942
65952
65952
65959
65970
65979
65986
65988
65995
66011
66014
66017
66032
66033
66083
66088
66110
66112
66129
66148
66152
66156
66173
66173
66174
66179
66206
66208
66209
66211
66211
66218
66219
66232
66236
66236
66256
66259
66264
66267
66272
66275
66290
66296
66296
66303
66314
66331
66357
66360
66362
66390
66416
66419
66420
66421
66439
66443
66455
66461
66463
66470
66475
66486
66497
66503
66513
66516
66516
66517
66528
66530
66542
66550
66554
66554
66556
66558
66570
66575
66577
66579
66584
66587
66597
66627
66631
66633
66634
66636
66640
66654
66664
66667
66668
66669
66672
66674
66682
66700
66701
66702
66704
66712
66717
66718
66726
66737
66751
66757
66758
66758
66766
66775
66789
66811
66811
66813
66814
66815
66821
66826
66834
66838
66838
66858
66861
66877
66877
66886
66888
66895
66906
66908
66908
66909
66911
66917
66918
66922
66922
66928
66950
66955
66964
66965
66968
66970
66997
66998
67016
67029
67031
67034
67034
67035
67039
67052
67057
67077
67078
67081
67086
67091
67103
67113
67114
67124
67126
67135
67138
67175
67194
67205
67224
67224
67241
67242
67242
67248
67249
67257
67260
67269
67274
67286
67300
67305
67305
67306
67317
67323
67337
67340
67343
67345
67350
67351
67353
67365
67369
67392
67399
67403
67408
67411
67414
67414
67432
67435
67439
67441
67443
67448
67452
67473
67473
67477
67483
67498
67500
67501
67501
67510
67510
67520
67521
67522
67525
67536
67541
67577
67584
67586
67591
67597
67600
67612
67626
67651
67654
67655
67660
67671
67675
67678
67682
67684
67686
67690
67691
67694
67695
67705
67719
67731
67736
67737
67742
67752
67755
67760
67763
67768
67778
67796
67803
67807
67808
67808
67815
67827
67831
67833
67841
67847
67850
67855
67862
67862
67865
67888
67891
67895
67903
67929
67929
67938
67944
67966
67966
67969
67973
67975
67989
67991
67998
68001
68005
68008
68012
68014
68014
68018
68021
68024
68027
68027
68029
68036
68038
68057
68062
68064
68066
68071
68079
68089
68096
68137
68146
68151
68159
68161
68166
68194
68194
68199
68201
68217
68222
68223
68228
68230
68235
68246
68249
68261
68298
68302
68319
68322
68323
68325
68328
68329
68329
68331
68335
68343
68349
68356
68365
68368
68402
68403
68413
68415
68418
68421
68434
68437
68444
68448
68468
68473
68476
68480
68481
68487
68494
68501
68503
68505
68518
68518
68526
68526
68533
68536
68536
68563
68570
68570
68576
68577
68597
68598
68598
68603
68604
68611
68618
68619
68634
68635
68642
68649
68655
68669
68670
68677
68679
68683
68716
68720
68733
68734
68735
68735
68736
68736
68740
68761
68775
68778
68781
68793
68796
68807
68823
68829
68835
68836
68837
68849
68851
68851
68854
68855
68859
68863
68869
68872
68876
68881
68886
68890
68891
68895
68900
68904
68910
68915
68927
68933
68939
68957
68983
68996
69000
69001
69001
69007
69010
69017
69019
69021
69022
69029
69036
69038
69039
69057
69058
69067
69078
69081
69085
69089
69090
69104
69109
69112
69116
69122
69122
69128
69139
69139
69144
69151
69152
69154
69155
69159
69160
69171
69173
69179
69203
69204
69207
69207
69208
69212
69236
69254
69262
69266
69285
69290
69297
69333
69346
69347
69358
69358
69363
69363
69367
69370
69376
69382
69385
69387
69388
69389
69389
69411
69411
69414
69414
69427
69432
69442
69451
69464
69472
69473
69487
69505
69505
69510
69511
69522
69524
69531
69534
69538
69543
69552
69554
69555
69555
69574
69575
69576
69577
69598
69612
69633
69634
69638
69643
69651
69653
69663
69673
69680
69691
69692
69695
69699
69701
69701
69706
69709
69710
69719
69723
69724
69745
69759
69766
69779
69779
69790
69804
69806
69815
69834
69838
69851
69863
69865
69873
69888
69902
69907
69910
69929
69934
69936
69940
69950
69955
69969
69991
69995
69998
70003
70007
70007
70015
70022
70024
70027
70039
70042
70048
70063
70065
70066
70082
70088
70092
70106
70108
70117
70118
70119
70134
70135
70136
70138
70138
70141
70143
70148
70150
70170
70174
70184
70202
70210
70214
70219
70226
70243
70244
70249
70254
70271
70297
70301
70322
70322
70322
70341
70364
70368
70369
70369
70383
70390
70390
70391
70393
70422
70430
70431
70431
70442
70445
70447
70458
70464
70466
70468
70474
70478
70485
70490
70492
70492
70503
70508
70514
70516
70545
70545
70553
70568
70580
70581
70587
70603
70604
70606
70608
70612
70617
70622
70626
70648
70654
70657
70658
70660
70662
70687
70694
70697
70713
70713
70716
70726
70728
70743
70744
70746
70751
70757
70765
70768
70769
70771
70772
70776
70777
70794
70800
70804
70809
70816
70824
70825
70840
70842
70847
70862
70863
70871
70878
70893
70895
70903
70905
70907
70912
70917
70920
70921
70931
70958
70959
70962
70963
70969
70973
70975
70978
70980
70988
70990
70998
71002
71026
71029
71033
71039
71053
71059
71067
71068
71069
71073
71074
71078
71080
71089
71096
71099
71100
71101
71114
71117
71133
71136
71145
71159
71164
71172
71177
71181
71188
71189
71191
71193
71199
71203
71203
71209
71217
71224
71226
71227
71235
71237
71239
71246
71248
71251
71251
71258
71268
71271
71275
71278
71288
71294
71301
71313
71313
71320
71333
71334
71338
71348
71350
71361
71363
71366
71373
71392
71398
71401
71417
71421
71422
71422
71426
71431
71431
71433
71436
71444
71450
71451
71455
71455
71461
71471
71475
71487
71490
71493
71495
71504
71507
71513
71538
71554
71554
71556
71559
71560
71563
71570
71576
71579
71592
71593
71598
71600
71603
71604
71606
71618
71626
71627
71628
71638
71642
71651
71661
71689
71691
71691
71695
71701
71710
71717
71725
71737
71741
71742
71744
71752
71754
71755
71761
71765
71766
71769
71787
71792
71792
71797
71798
71801
71803
71806
71813
71820
71825
71833
71834
71835
71835
71840
71849
71853
71861
71867
71871
71877
71886
71895
71913
71947
71948
71950
71957
71967
71969
71973
71979
71982
71986
72001
72004
72008
72020
72020
72028
72033
72035
72038
72041
72042
72047
72061
72072
72073
72078
72087
72087
72103
72107
72111
72118
72123
72124
72125
72143
72148
72157
72158
72173
72186
72187
72196
72198
72204
72208
72212
72224
72227
72234
72240
72249
72253
72264
72265
72269
72276
72282
72297
72299
72302
72307
72312
72313
72333
72339
72339
72349
72357
72371
72380
72381
72388
72392
72395
72402
72403
72406
72412
72416
72425
72427
72434
72439
72440
72441
72441
72442
72445
72446
72449
72453
72454
72461
72467
72473
72474
72480
72482
72498
72501
72508
72510
72515
72522
72523
72525
72532
72533
72533
72539
72542
72542
72546
72552
72553
72580
72580
72583
72584
72586
72597
72598
72605
72605
72609
72612
72619
72626
72636
72654
72658
72658
72659
72673
72677
72678
72704
72724
72724
72725
72733
72739
72742
72748
72752
72757
72763
72787
72789
72799
72804
72805
72807
72808
72809
72818
72819
72825
72827
72828
72839
72854
72857
72860
72867
72871
72875
72877
72900
72904
72907
72907
72913
72913
72913
72915
72915
72916
72921
72924
72925
72930
72942
72960
72964
72965
72972
72976
72984
72992
72994
73002
73002
73018
73031
73033
73043
73047
73053
73054
73056
73059
73065
73070
73073
73094
73114
73123
73142
73144
73149
73159
73165
73166
73168
73171
73176
73177
73187
73199
73204
73206
73206
73211
73221
73226
73230
73230
73242
73242
73250
73253
73260
73277
73279
73316
73331
73343
73346
73349
73356
73361
73361
73363
73364
73375
73378
73382
73391
73401
73405
73408
73424
73425
73427
73430
73437
73446
73456
73457
73466
73468
73471
73472
73473
73474
73489
73491
73494
73496
73496
73512
73516
73516
73526
73532
73533
73541
73552
73566
73578
73586
73602
73616
73623
73623
73627
73635
73648
73649
73649
73650
73654
73657
73662
73674
73722
73730
73743
73747
73752
73757
73761
73764
73773
73791
73806
73810
73816
73820
73829
73836
73843
73846
73857
73886
73888
73891
73899
73901
73908
73913
73919
73922
73930
73944
73950
73952
73956
73970
73973
73996
74002
74004
74010
74021
74024
74026
74026
74028
74034
74034
74036
74037
74038
74046
74047
74055
74055
74067
74071
74099
74101
74104
74109
74120
74121
74124
74152
74167
74167
74184
74184
74186
74188
74189
74189
74195
74198
74223
74226
74236
74237
74249
74257
74268
74273
74278
74290
74291
74314
74317
74348
74350
74351
74351
74353
74355
74357
74367
74373
74373
74376
74380
74384
74385
74403
74405
74406
74408
74409
74410
74413
74417
74418
74437
74439
74440
74448
74453
74455
74458
74466
74470
74480
74499
74530
74531
74535
74544
74554
74580
74593
74598
74611
74614
74615
74620
74621
74625
74633
74635
74637
74637
74646
74649
74657
74659
74666
74674
74680
74698
74701
74706
74719
74731
74778
74792
74797
74801
74804
74815
74830
74830
74842
74847
74854
74858
74863
74864
74866
74867
74868
74887
74892
74898
74906
74924
74931
74936
74946
74950
74954
74962
74965
74965
74968
74989
74992
75000
75005
75029
75032
75038
75044
75058
75068
75072
75079
75081
75083
75085
75089
75092
75093
75110
75112
75113
75120
75123
75138
75138
75141
75142
75144
75145
75153
75164
75167
75170
75175
75187
75190
75197
75209
75210
75221
75222
75235
75260
75270
75286
75288
75297
75301
75306
75312
75321
75327
75330
75343
75344
75347
75353
75363
75373
75377
75380
75389
75391
75393
75398
75409
75411
75443
75445
75450
75452
75455
75455
75466
75471
75473
75475
75476
75482
75485
75505
75508
75514
75526
75527
75532
75534
75537
75544
75565
75567
75569
75575
75582
75585
75587
75588
75588
75599
75603
75632
75634
75648
75664
75666
75687
75699
75708
75709
75715
75724
75728
75744
75750
75753
75769
75784
75787
75801
75802
75803
75808
75824
75828
75834
75838
75838
75840
75843
75852
75862
75870
75871
75876
75877
75880
75885
75889
75891
75892
75895
75896
75900
75908
75910
75918
75921
75929
75937
75942
75943
75947
75964
75964
75969
75976
75989
75999
76002
76014
76019
76023
76027
76034
76038
76039
76041
76044
76045
76063
76063
76064
76064
76066
76081
76088
76116
76124
76144
76145
76155
76159
76163
76165
76171
76177
76182
76190
76195
76204
76206
76206
76213
76215
76217
76217
76233
76235
76252
76262
76270
76272
76277
76281
76291
76302
76313
76321
76332
76344
76345
76351
76355
76355
76370
76375
76380
76387
76389
76390
76394
76395
76401
76403
76404
76414
76418
76438
76454
76464
76477
76481
76485
76486
76506
76508
76517
76518
76524
76532
76534
76536
76538
76549
76568
76569
76575
76579
76586
76592
76598
76606
76611
76616
76617
76618
76619
76619
76619
76646
76655
76655
76656
76666
76679
76681
76689
76692
76699
76699
76702
76708
76712
76725
76726
76747
76748
76752
76754
76779
76784
76785
76793
76795
76818
76819
76822
76822
76829
76834
76839
76868
76870
76888
76889
76909
76914
76922
76950
76959
76962
76967
76968
76971
76974
76996
77000
77001
77004
77019
77024
77027
77027
77033
77033
77037
77060
77061
77072
77074
77077
77078
77086
77087
77091
77104
77106
77128
77140
77143
77148
77157
77159
77164
77170
77173
77176
77177
77178
77185
77188
77189
77197
77203
77212
77222
77225
77230
77243
77249
77250
77254
77270
77280
77289
77296
77308
77311
77344
77344
77355
77358
77366
77373
77386
77406
77407
77408
77411
77438
77439
77446
77452
77456
77459
77469
77470
77477
77495
77496
77508
77511
77519
77525
77526
77529
77542
77543
77560
77560
77564
77567
77575
77585
77593
77603
77611
77633
77636
77641
77642
77671
77681
77696
77701
77710
77729
77730
77731
77733
77735
77737
77745
77747
77747
77751
77753
77757
77761
77781
77791
77791
77796
77798
77801
77806
77816
77818
77825
77829
77842
77851
77856
77860
77863
77884
77890
77902
77908
77923
77929
77936
77937
77942
77948
77949
77957
77980
77981
77982
77989
77995
77999
77999
78005
78007
78009
78018
78033
78038
78039
78040
78040
78046
78058
78081
78081
78082
78095
78095
78117
78119
78123
78128
78132
78141
78147
78150
78153
78168
78180
78180
78225
78225
78240
78241
78244
78245
78245
78250
78251
78260
78264
78271
78291
78301
78303
78305
78306
78309
78316
78318
78319
78322
78322
78330
78347
78355
78361
78362
78362
78378
78383
78385
78390
78394
78395
78404
78422
78439
78450
78451
78456
78468
78468
78470
78475
78479
78480
78481
78483
78496
78500
78510
78512
78517
78520
78524
78557
78564
78566
78580
78581
78583
78583
78589
78600
78603
78603
78611
78643
78648
78650
78652
78655
78655
78663
78681
78685
78689
78699
78704
78705
78711
78712
78718
78723
78724
78729
78732
78735
78738
78739
78749
78750
78752
78765
78769
78770
78789
78797
78800
78805
78810
78814
78815
78816
78831
78832
78833
78862
78863
78879
78880
78901
78905
78909
78913
78946
78955
78968
78971
78972
78973
78979
78986
78993
78993
78994
78998
78999
79005
79006
79008
79011
79017
79018
79030
79036
79038
79046
79051
79053
79060
79060
79062
79070
79074
79077
79080
79084
79086
79087
79100
79107
79113
79123
79128
79134
79141
79184
79185
79190
79192
79196
79196
79200
79204
79206
79207
79214
79216
79216
79229
79229
79231
79232
79237
79245
79245
79246
79255
79259
79268
79280
79285
79298
79298
79300
79315
79320
79324
79324
79328
79331
79332
79337
79343
79344
79344
79350
79367
79371
79375
79378
79389
79391
79398
79404
79423
79424
79426
79428
79430
79441
79444
79449
79457
79457
79463
79469
79471
79475
79476
79476
79477
79481
79485
79488
79490
79498
79502
79506
79515
79518
79536
79539
79557
79563
79566
79569
79572
79574
79575
79580
79582
79601
79604
79607
79610
79611
79617
79617
79626
79637
79643
79649
79652
79659
79667
79667
79667
79677
79679
79691
79694
79704
79706
79710
79717
79722
79724
79736
79738
79751
79757
79760
79761
79775
79778
79780
79809
79811
79815
79817
79819
79822
79847
79848
79851
79851
79853
79856
79858
79861
79874
79876
79885
79893
79898
79917
79919
79920
79925
79929
79933
79960
79963
79963
79966
79967
79968
79970
79997
79997
80000
80013
80013
80016
80030
80040
80047
80047
80060
80068
80068
80070
80070
80077
80084
80085
80086
80097
80105
80110
80111
80112
80117
80117
80118
80118
80122
80123
80125
80128
80132
80134
80135
80140
80156
80157
80164
80171
80183
80187
80191
80201
80205
80213
80228
80230
80232
80236
80259
80266
80271
80283
80286
80288
80289
80303
80306
80315
80316
80321
80325
80328
80330
80332
80347
80349
80368
80370
80378
80378
80391
80399
80414
80424
80425
80459
80463
80494
80496
80497
80500
80505
80532
80545
80545
80564
80569
80579
80583
80605
80607
80612
80623
80644
80650
80650
80657
80657
80666
80673
80684
80688
80705
80711
80720
80724
80724
80727
80729
80729
80732
80733
80734
80736
80745
80748
80752
80760
80777
80779
80780
80783
80791
80793
80797
80798
80799
80805
80806
80811
80828
80835
80847
80858
80883
80888
80888
80891
80894
80900
80903
80904
80914
80925
80932
80938
80938
80942
80945
80955
80958
80963
80964
80966
80981
80984
80990
80992
80996
81002
81002
81004
81014
81037
81045
81048
81048
81049
81050
81060
81060
81067
81069
81072
81079
81079
81080
81087
81096
81107
81108
81113
81127
81136
81139
81146
81152
81163
81173
81191
81195
81204
81218
81225
81231
81234
81240
81242
81260
81260
81267
81271
81279
81282
81290
81307
81338
81341
81351
81359
81362
81362
81365
81370
81376
81389
81401
81412
81415
81421
81425
81430
81439
81454
81462
81466
81472
81481
81490
81494
81497
81505
81507
81509
81510
81511
81516
81517
81542
81545
81549
81553
81554
81564
81568
81568
81573
81576
81583
81592
81594
81594
81600
81619
81620
81636
81643
81643
81648
81654
81667
81675
81713
81719
81727
81734
81739
81745
81747
81747
81750
81754
81756
81759
81771
81775
81777
81781
81782
81797
81798
81799
81799
81819
81825
81842
81862
81870
81875
81877
81881
81883
81883
81891
81897
81913
81934
81946
81949
81951
81963
81964
81978
81983
81987
81991
81996
82007
82008
82009
82017
82025
82034
82036
82042
82054
82058
82064
82069
82069
82083
82092
82093
82107
82114
82114
82114
82141
82149
82179
82191
82211
82214
82225
82229
82230
82232
82237
82239
82242
82251
82255
82260
82260
82263
82271
82276
82278
82284
82331
82333
82334
82343
82349
82357
82360
82374
82380
82384
82386
82400
82402
82403
82403
82408
82412
82421
82429
82433
82442
82470
82474
82481
82486
82487
82491
82498
82500
82520
82523
82533
82536
82540
82544
82552
82553
82560
82577
82584
82585
82594
82602
82602
82604
82609
82627
82631
82652
82652
82680
82688
82706
82711
82733
82733
82736
82737
82742
82749
82770
82774
82781
82790
82790
82792
82795
82796
82799
82800
82804
82814
82835
82850
82859
82866
82870
82881
82883
82914
82919
82923
82930
82931
82932
82933
82961
82965
82965
82972
82985
82989
83000
83011
83011
83011
83022
83025
83025
83025
83029
83032
83038
83042
83044
83050
83053
83056
83060
83062
83078
83083
83088
83098
83112
83129
83132
83134
83140
83149
83150
83173
83173
83188
83192
83208
83211
83220
83229
83232
83240
83255
83274
83287
83287
83288
83304
83315
83323
83327
83330
83331
83334
83335
83336
83351
83357
83363
83391
83394
83398
83402
83403
83412
83417
83424
83435
83437
83440
83452
83462
83473
83490
83490
83500
83502
83504
83511
83531
83534
83551
83564
83567
83585
83588
83588
83591
83601
83603
83611
83611
83618
83626
83644
83653
83657
83666
83679
83687
83691
83694
83701
83701
83708
83714
83725
83731
83741
83748
83765
83767
83775
83777
83779
83780
83791
83797
83798
83801
83813
83828
83836
83851
83855
83882
83896
83898
83899
83902
83905
83908
83911
83912
83922
83923
83947
83950
83954
83955
83955
83956
83956
83957
83965
83968
83970
83976
83983
83988
83992
84015
84025
84025
84042
84055
84059
84061
84070
84077
84078
84083
84096
84097
84109
84110
84112
84154
84167
84180
84186
84191
84193
84195
84197
84199
84199
84203
84206
84208
84214
84215
84222
84225
84243
84246
84259
84260
84262
84269
84279
84281
84287
84289
84308
84318
84333
84334
84335
84338
84339
84350
84354
84366
84367
84382
84404
84408
84411
84413
84421
84440
84440
84444
84452
84453
84461
84465
84482
84485
84491
84493
84494
84497
84501
84510
84522
84532
84536
84537
84539
84542
84549
84558
84560
84571
84574
84577
84578
84584
84589
84589
84597
84613
84639
84661
84671
84674
84675
84677
84704
84710
84715
84720
84721
84723
84735
84774
84778
84782
84784
84789
84791
84797
84797
84799
84799
84800
84800
84816
84816
84837
84842
84851
84851
84855
84865
84871
84885
84887
84892
84892
84915
84915
84922
84923
84950
84950
84951
84957
84958
84961
84970
84970
84972
84984
84985
84997
85000
85002
85003
85003
85008
85010
85014
85017
85018
85021
85024
85035
85039
85041
85044
85079
85084
85087
85094
85095
85102
85107
85114
85121
85122
85129
85132
85138
85143
85146
85146
85149
85153
85156
85157
85157
85160
85165
85165
85184
85185
85197
85198
85202
85214
85219
85222
85222
85223
85231
85233
85235
85240
85254
85257
85273
85274
85281
85291
85293
85305
85313
85315
85317
85319
85329
85333
85344
85352
85356
85362
85368
85385
85397
85400
85400
85407
85424
85427
85432
85433
85435
85444
85447
85449
85452
85457
85478
85504
85522
85524
85525
85527
85532
85534
85535
85535
85545
85560
85561
85574
85579
85583
85586
85586
85587
85590
85593
85599
85599
85601
85608
85612
85615
85619
85640
85642
85645
85647
85671
85673
85686
85689
85691
85695
85702
85704
85705
85712
85729
85741
85762
85764
85787
85793
85796
85800
85801
85807
85818
85825
85828
85829
85834
85838
85846
85859
85861
85861
85880
85882
85889
85891
85893
85899
85901
85915
85922
85925
85925
85929
85940
85946
85953
85959
85973
85977
85977
85978
86007
86008
86010
86012
86016
86020
86023
86038
86044
86044
86054
86062
86075
86088
86088
86093
86099
86107
86108
86127
86142
86147
86148
86148
86152
86160
86165
86165
86166
86169
86172
86173
86180
86190
86212
86215
86232
86243
86248
86257
86260
86261
86277
86299
86306
86319
86322
86325
86328
86331
86338
86348
86348
86348
86358
86381
86392
86393
86399
86417
86424
86430
86436
86442
86443
86451
86451
86455
86460
86477
86480
86483
86491
86505
86506
86511
86513
86518
86521
86525
86527
86541
86542
86543
86550
86556
86566
86568
86573
86575
86578
86580
86581
86585
86595
86607
86613
86614
86621
86626
86628
86633
86671
86680
86681
86689
86693
86710
86710
86713
86715
86721
86722
86727
86731
86733
86734
86736
86743
86757
86757
86760
86761
86761
86789
86796
86798
86811
86812
86823
86851
86856
86856
86859
86863
86866
86874
86875
86879
86881
86894
86896
86900
86905
86912
86934
86934
86947
86951
86955
86977
86991
86995
87002
87005
87006
87010
87015
87018
87041
87053
87062
87073
87079
87084
87098
87113
87114
87119
87133
87138
87139
87147
87153
87155
87158
87158
87159
87164
87169
87169
87178
87183
87186
87189
87197
87197
87199
87207
87212
87214
87221
87232
87232
87235
87252
87261
87267
87269
87278
87280
87280
87286
87286
87288
87293
87301
87306
87306
87312
87318
87320
87321
87326
87329
87347
87363
87388
87390
87396
87400
87400
87403
87403
87410
87422
87424
87435
87436
87442
87456
87460
87472
87488
87489
87491
87504
87504
87504
87510
87512
87516
87520
87531
87536
87550
87553
87555
87556
87562
87570
87571
87571
87572
87580
87584
87585
87608
87609
87615
87629
87641
87642
87661
87674
87678
87680
87691
87691
87694
87698
87710
87720
87731
87733
87735
87739
87741
87751
87760
87766
87771
87771
87779
87781
87786
87789
87807
87811
87812
87817
87823
87833
87835
87836
87841
87853
87858
87871
87879
87879
87884
87886
87909
87933
87938
87952
87960
87967
87967
87974
87996
88005
88017
88017
88024
88025
88036
88039
88049
88052
88053
88053
88056
88063
88063
88064
88066
88069
88084
88087
88090
88092
88093
88095
88109
88110
88111
88114
88120
88123
88127
88148
88148
88150
88164
88166
88167
88167
88175
88177
88177
88179
88183
88191
88199
88203
88206
88221
88225
88227
88237
88242
88243
88247
88259
88261
88263
88276
88288
88289
88292
88295
88295
88295
88297
88298
88299
88302
88311
88320
88326
88328
88331
88343
88348
88350
88363
88375
88397
88397
88398
88399
88407
88420
88425
88425
88433
88434
88437
88444
88445
88458
88465
88476
88483
88485
88508
88514
88515
88515
88520
88526
88534
88541
88546
88548
88553
88559
88562
88566
88570
88573
88580
88584
88588
88590
88594
88597
88599
88618
88628
88632
88635
88640
88641
88648
88661
88677
88677
88679
88687
88692
88694
88704
88728
88736
88740
88745
88757
88775
88782
88795
88800
88805
88833
88847
88854
88857
88869
88882
88889
88897
88899
88908
88913
88927
88955
88962
88968
88974
88982
88983
88991
88999
89006
89015
89017
89018
89028
89031
89034
89042
89045
89064
89066
89070
89071
89071
89086
89089
89090
89107
89111
89117
89117
89120
89125
89125
89127
89135
89158
89160
89163
89182
89202
89203
89205
89210
89210
89212
89215
89217
89218
89232
89236
89237
89239
89241
89241
89247
89253
89256
89265
89270
89280
89283
89287
89292
89293
89297
89318
89325
89328
89329
89333
89334
89336
89342
89351
89358
89360
89372
89377
89407
89419
89426
89427
89428
89439
89441
89446
89448
89456
89460
89473
89475
89480
89483
89495
89496
89501
89505
89508
89511
89511
89512
89517
89519
89520
89521
89532
89536
89542
89544
89547
89556
89571
89575
89576
89586
89588
89595
89599
89602
89602
89611
89617
89637
89646
89646
89648
89657
89663
89672
89674
89679
89684
89688
89689
89692
89694
89699
89714
89714
89715
89720
89722
89723
89724
89727
89737
89741
89756
89761
89764
89772
89781
89784
89785
89789
89827
89831
89835
89851
89853
89854
89874
89882
89885
89898
89898
89922
89941
89947
89967
89971
89971
89975
89977
89980
89987
89995
90001
90012
90012
90019
90023
90027
90034
90051
90055
90064
90073
90082
90084
90088
90093
90102
90109
90110
90123
90133
90134
90139
90139
90151
90158
90163
90163
90166
90166
90168
90197
90199
90200
90210
90216
90217
90224
90226
90236
90264
90267
90269
90269
90275
90289
90289
90292
90302
90305
90319
90321
90330
90331
90334
90334
90342
90351
90355
90373
90374
90398
90398
90412
90417
90420
90422
90423
90426
90434
90444
90445
90466
90467
90468
90477
90484
90488
90488
90490
90494
90522
90523
90531
90532
90538
90548
90555
90559
90561
90591
90601
90626
90642
90657
90712
90713
90719
90721
90724
90726
90734
90743
90750
90752
90761
90764
90767
90769
90782
90794
90798
90799
90809
90810
90816
90816
90823
90830
90835
90835
90844
90861
90868
90872
90876
90888
90890
90890
90895
90895
90898
90902
90902
90909
90911
90911
90915
90928
90931
90931
90939
90942
90945
90948
90954
90960
90976
90979
90980
90985
90990
90991
91021
91031
91044
91044
91057
91061
91068
91069
91073
91097
91098
91104
91106
91107
91107
91115
91117
91117
91132
91134
91134
91145
91150
91152
91166
91166
91176
91184
91189
91201
91206
91208
91209
91217
91218
91245
91248
91249
91260
91261
91264
91269
91281
91282
91282
91284
91291
91314
91324
91326
91329
91343
91347
91354
91358
91359
91379
91384
91384
91424
91424
91427
91427
91434
91441
91444
91450
91452
91457
91462
91466
91476
91478
91479
91481
91506
91508
91511
91519
91521
91522
91528
91541
91559
91580
91581
91594
91595
91598
91598
91600
91615
91623
91632
91636
91638
91643
91667
91679
91681
91685
91698
91703
91705
91709
91735
91759
91763
91766
91770
91780
91782
91785
91790
91806
91810
91812
91814
91828
91846
91866
91869
91869
91885
91890
91907
91908
91911
91914
91918
91927
91933
91935
91945
91953
91978
91979
91979
91984
91986
91992
91994
91997
92000
92009
92019
92022
92024
92026
92034
92039
92041
92042
92043
92049
92056
92059
92060
92066
92076
92078
92079
92080
92086
92089
92096
92097
92119
92122
92124
92152
92160
92161
92179
92180
92182
92183
92189
92189
92194
92206
92222
92225
92226
92227
92228
92232
92245
92250
92261
92274
92282
92286
92301
92305
92312
92331
92332
92346
92354
92367
92386
92399
92402
92405
92407
92410
92411
92414
92427
92437
92452
92476
92477
92478
92485
92488
92498
92504
92508
92522
92530
92531
92534
92536
92537
92545
92545
92556
92560
92570
92571
92583
92586
92591
92605
92613
92615
92616
92617
92620
92620
92633
92643
92655
92659
92664
92669
92671
92694
92698
92699
92709
92713
92719
92727
92732
92742
92751
92751
92753
92757
92766
92775
92777
92784
92793
92794
92795
92798
92824
92831
92837
92839
92840
92844
92869
92874
92890
92894
92910
92916
92923
92924
92931
92931
92942
92950
92959
92968
92978
92978
92982
92984
92991
93005
93014
93018
93020
93023
93025
93028
93035
93039
93053
93085
93093
93099
93110
93119
93122
93124
93126
93130
93135
93136
93140
93146
93147
93150
93157
93164
93179
93195
93201
93206
93212
93212
93215
93218
93220
93229
93232
93237
93239
93243
93246
93246
93249
93254
93257
93266
93276
93277
93277
93292
93298
93327
93330
93339
93339
93346
93347
93354
93370
93393
93398
93399
93399
93400
93432
93434
93436
93441
93445
93456
93464
93471
93491
93502
93515
93522
93533
93545
93549
93550
93553
93558
93561
93567
93571
93582
93583
93597
93607
93613
93653
93654
93657
93658
93672
93679
93688
93690
93698
93718
93725
93741
93741
93745
93754
93755
93756
93759
93764
93777
93778
93786
93795
93803
93813
93814
93816
93823
93825
93845
93847
93855
93857
93858
93869
93875
93884
93886
93889
93894
93904
93911
93919
93928
93933
93937
93939
93950
93959
93959
93965
93968
93987
93987
94006
94007
94015
94015
94021
94027
94028
94040
94040
94041
94074
94079
94080
94081
94086
94093
94101
94112
94120
94121
94124
94135
94139
94144
94145
94151
94164
94173
94177
94196
94199
94210
94217
94224
94225
94228
94244
94247
94255
94266
94282
94285
94285
94334
94338
94341
94368
94369
94375
94395
94395
94396
94400
94409
94414
94426
94443
94450
94454
94464
94466
94470
94484
94485
94493
94496
94507
94519
94521
94542
94544
94552
94557
94581
94584
94585
94594
94594
94615
94617
94640
94647
94668
94672
94673
94676
94682
94692
94698
94723
94734
94736
94740
94743
94744
94751
94777
94777
94801
94803
94810
94810
94814
94816
94823
94824
94830
94837
94841
94846
94848
94852
94861
94875
94875
94881
94898
94903
94903
94915
94928
94946
94950
94956
94973
94976
94978
94988
94998
95004
95013
95017
95029
95029
95032
95033
95033
95037
95053
95057
95079
95096
95114
95127
95128
95139
95139
95156
95182
95184
95205
95211
95217
95227
95228
95230
95234
95240
95248
95250
95254
95258
95258
95275
95282
95282
95283
95285
95285
95290
95290
95295
95302
95302
95361
95376
95380
95380
95384
95385
95401
95402
95409
95411
95416
95421
95431
95441
95445
95446
95449
95455
95457
95464
95464
95468
95482
95520
95525
95539
95561
95576
95577
95581
95596
95596
95598
95600
95601
95626
95627
95629
95640
95644
95660
95664
95674
95679
95680
95688
95702
95702
95729
95731
95736
95747
95748
95754
95761
95767
95767
95777
95783
95790
95796
95798
95803
95806
95815
95818
95824
95825
95828
95834
95837
95867
95892
95907
95912
95913
95924
95938
95940
95971
95980
95986
95989
95992
95996
96002
96006
96009
96015
96019
96020
96024
96032
96035
96046
96048
96060
96082
96096
96128
96130
96132
96139
96170
96171
96175
96181
96183
96185
96199
96213
96216
96222
96233
96241
96261
96263
96264
96273
96279
96285
96290
96305
96313
96321
96328
96331
96332
96361
96364
96378
96383
96392
96394
96397
96398
96399
96400
96424
96455
96458
96458
96464
96474
96474
96492
96500
96527
96543
96544
96560
96561
96563
96565
96568
96571
96575
96581
96584
96591
96604
96610
96615
96650
96659
96663
96663
96692
96696
96697
96708
96709
96710
96714
96715
96730
96732
96734
96739
96750
96750
96761
96780
96782
96783
96786
96794
96796
96797
96798
96811
96821
96831
96833
96840
96844
96851
96854
96879
96881
96892
96896
96906
96948
96954
96955
96956
96976
96987
97011
97028
97042
97046
97047
97050
97056
97060
97065
97068
97077
97086
97087
97093
97100
97101
97111
97116
97116
97121
97129
97142
97173
97190
97206
97221
97240
97244
97251
97267
97273
97286
97292
97298
97303
97305
97322
97327
97328
97328
97340
97348
97349
97352
97363
97365
97376
97380
97385
97386
97387
97389
97395
97395
97396
97400
97400
97402
97423
97426
97435
97441
97442
97445
97451
97451
97454
97459
97462
97480
97493
97505
97507
97517
97527
97529
97538
97541
97555
97559
97561
97580
97589
97590
97598
97599
97603
97625
97633
97640
97642
97662
97668
97668
97673
97679
97679
97690
97691
97693
97700
97704
97711
97714
97715
97726
97732
97733
97739
97751
97770
97774
97778
97784
97789
97807
97809
97826
97830
97848
97852
97865
97866
97866
97873
97884
97899
97906
97920
97920
97925
97943
97954
97955
97965
97973
97975
97986
97986
97995
98000
98005
98007
98008
98009
98013
98016
98016
98028
98032
98044
98044
98045
98046
98049
98062
98079
98080
98095
98100
98114
98121
98129
98133
98137
98139
98147
98154
98162
98171
98175
98187
98189
98201
98208
98217
98219
98220
98224
98226
98230
98230
98241
98246
98250
98262
98269
98272
98277
98281
98283
98301
98305
98341
98374
98393
98402
98402
98403
98408
98410
98412
98415
98443
98444
98449
98453
98455
98455
98459
98466
98471
98479
98479
98479
98480
98490
98497
98500
98513
98514
98535
98536
98537
98543
98548
98562
98573
98576
98576
98610
98612
98616
98625
98628
98636
98637
98648
98650
98651
98653
98663
98664
98667
98671
98686
98690
98693
98703
98711
98712
98714
98720
98721
98721
98723
98731
98735
98738
98751
98757
98762
98762
98775
98782
98793
98812
98814
98817
98827
98828
98830
98838
98841
98846
98854
98855
98863
98865
98885
98893
98894
98894
98903
98904
98945
98955
98993
98999
98999
99006
99008
99008
99014
99024
99032
99033
99043
99053
99055
99058
99061
99062
99103
99103
99104
99117
99119
99125
99127
99131
99135
99146
99150
99157
99178
99186
99187
99195
99197
99201
99206
99211
