0
21
27
38
77
99
104
112
122
129
130
147
152
157
158
160
170
184
193
195
202
230
235
240
241
261
268
305
305
306
312
315
316
323
327
327
337
359
365
377
380
381
381
382
390
390
403
407
420
430
445
458
470
494
497
503
504
509
513
519
528
533
558
566
569
595
596
602
610
610
640
648
665
666
679
679
689
691
691
704
705
726
739
744
747
764
775
777
785
810
836
842
844
846
849
874
882
887
898
921
929
934
944
974
983
986
987
990
1003
1020
1021
1035
1039
1048
1051
1053
1065
1065
1069
1071
1074
1085
1101
1117
1118
1124
1136
1137
1145
1154
1154
1163
1195
1197
1199
1202
1213
1216
1238
1261
1265
1274
1279
1281
1322
1333
1342
1347
1347
1358
1368
1373
1374
1378
1385
1391
1398
1402
1405
1414
1453
1458
1465
1467
1471
1491
1500
1516
1521
1538
1551
1552
1555
1562
1580
1587
1595
1595
1599
1602
1606
1610
1611
1629
1635
1640
1640
1644
1652
1655
1665
1666
1667
1668
1684
1687
1688
1711
1711
1718
1736
1738
1767
1769
1772
1780
1781
1784
1790
1797
1800
1804
1804
1827
1839
1856
1858
1858
1858
1868
1876
1887
1890
1914
1916
1938
1951
1953
1962
1968
1968
1985
2001
2022
2028
2059
2083
2094
2105
2124
2145
2147
2151
2155
2172
2182
2185
2186
2201
2207
2227
2228
2251
2257
2328
2344
2365
2381
2411
2419
2435
2476
2481
2485
2510
2511
2550
2565
2580
2590
2604
2646
2659
2663
2664
2682
2688
2705
2710
2719
2720
2735
2772
2781
2781
2795
2812
2825
2827
2834
2849
2881
2892
2893
2896
2905
2972
2975
2982
2987
2992
2993
3006
3017
3024
3033
3036
3041
3057
3061
3063
3064
3069
3075
3081
3096
3098
3103
3104
3113
3116
3116
3122
3122
3139
3151
3165
3166
3169
3173
3174
3206
3211
3221
3222
3234
3240
3246
3249
3252
3276
3297
3300
3306
3320
3320
3336
3337
3348
3350
3368
3390
3412
3427
3440
3444
3449
3456
3479
3490
3492
3494
3495
3503
3508
3517
3517
3521
3530
3532
3545
3577
3585
3596
3601
3616
3617
3645
3646
3668
3683
3684
3700
3704
3707
3712
3714
3718
3719
3721
3726
3732
3735
3736
3739
3747
3750
3753
3753
3762
3767
3772
3775
3784
3785
3785
3798
3800
3811
3821
3822
3823
3830
3841
3845
3860
3860
3862
3874
3877
3886
3888
3922
3926
3939
3945
3947
3949
3950
3950
3951
3954
3955
3959
3959
3966
3969
3972
3974
3986
3990
3996
4004
4011
4012
4023
4038
4042
4046
4062
4070
4073
4090
4099
4099
4103
4118
4120
4130
4140
4146
4154
4158
4184
4187
4188
4189
4199
4203
4211
4215
4218
4220
4221
4228
4230
4232
4240
4250
4261
4261
4268
4271
4280
4284
4294
4297
4300
4314
4317
4318
4349
4352
4354
4358
4366
4369
4371
4374
4389
4390
4392
4397
4398
4399
4401
4409
4410
4417
4430
4442
4455
4458
4460
4460
4462
4464
4479
4481
4486
4511
4514
4535
4554
4565
4577
4587
4588
4590
4593
4600
4605
4627
4632
4637
4641
4646
4647
4651
4652
4659
4661
4667
4669
4670
4674
4675
4676
4696
4696
4701
4709
4712
4717
4735
4746
4755
4765
4767
4788
4799
4805
4811
4817
4821
4826
4835
4842
4852
4859
4873
4875
4877
4884
4885
4891
4908
4909
4914
4928
4935
4942
4954
4955
4962
4965
4976
4980
4990
4996
4999
5001
5016
5022
5023
5032
5038
5044
5053
5057
5073
5089
5099
5105
5106
5112
5115
5123
5128
5133
5139
5143
5150
5152
5165
5172
5173
5199
5205
5206
5212
5221
5235
5252
5253
5258
5268
5276
5280
5315
5318
5334
5346
5352
5356
5385
5387
5387
5410
5432
5446
5462
5480
5488
5501
5519
5530
5549
5551
5551
5568
5583
5600
5624
5638
5660
5668
5676
5687
5707
5711
5714
5716
5718
5722
5729
5730
5731
5737
5737
5740
5742
5755
5769
5772
5788
5790
5813
5817
5824
5824
5830
5832
5839
5851
5858
5868
5870
5877
5878
5897
5904
5906
5907
5915
5916
5919
5925
5928
5933
5941
5945
5947
5956
5962
5981
5985
5997
6005
6006
6016
6017
6018
6019
6034
6047
6048
6064
6075
6075
6081
6088
6095
6104
6105
6115
6117
6121
6136
6137
6162
6163
6164
6173
6175
6188
6188
6188
6225
6227
6239
6242
6255
6263
6269
6281
6294
6297
6320
6324
6325
6331
6334
6341
6373
6383
6390
6391
6396
6399
6405
6410
6411
6411
6412
6421
6454
6468
6484
6491
6499
6505
6509
6527
6530
6544
6547
6550
6551
6554
6562
6565
6572
6584
6590
6590
6598
6606
6620
6620
6649
6652
6655
6672
6679
6686
6694
6697
6709
6714
6717
6718
6721
6740
6744
6765
6772
6776
6777
6781
6782
6788
6793
6809
6823
6836
6849
6863
6863
6872
6879
6883
6886
6887
6888
6893
6896
6904
6923
6924
6928
6936
6948
6952
6956
6969
6975
6976
6980
6981
6985
7009
7026
7028
7029
7033
7036
7043
7044
7052
7075
7076
7081
7087
7091
7099
7103
7141
7152
7161
7167
7187
7191
7192
7199
7213
7228
7234
7235
7249
7257
7257
7260
7265
7283
7306
7330
7331
7336
7338
7356
7370
7381
7382
7391
7397
7400
7403
7405
7412
7436
7440
7449
7453
7455
7459
7469
7470
7475
7478
7478
7479
7481
7485
7499
7503
7508
7510
7524
7530
7539
7569
7576
7576
7587
7587
7590
7592
7592
7593
7602
7606
7611
7619
7634
7656
7660
7672
7676
7690
7703
7711
7714
7715
7733
7734
7741
7745
7767
7788
7805
7810
7815
7822
7822
7823
7826
7836
7864
7866
7872
7873
7878
7886
7889
7902
7924
7933
7946
7952
7953
7959
7965
7973
7976
7978
7983
7993
7995
8000
8004
8013
8015
8021
8022
8023
8024
8026
8032
8044
8058
8065
8065
8068
8069
8074
8080
8082
8092
8096
8104
8119
8130
8135
8141
8143
8156
8166
8166
8167
8175
8175
8179
8184
8192
8194
8198
8203
8207
8207
8212
8212
8223
8225
8226
8227
8228
8228
8233
8236
8239
8242
8249
8258
8269
8272
8276
8282
8295
8301
8323
8342
8426
8432
8439
8441
8443
8460
8462
8462
8464
8465
8479
8514
8520
8521
8565
8566
8572
8596
8599
8605
8610
8610
8615
8616
8619
8628
8635
8646
8652
8656
8657
8671
8677
8683
8689
8693
8694
8700
8729
8732
8732
8743
8749
8760
8776
8788
8789
8800
8819
8825
8836
8840
8841
8852
8871
8875
8883
8889
8896
8897
8909
8912
8926
8927
8935
8952
8959
8964
8967
8968
8973
8988
8991
8995
9001
9020
9022
9026
9026
9033
9041
9056
9059
9073
9086
9086
9095
9103
9106
9111
9129
9154
9158
9161
9167
9176
9182
9200
9214
9217
9248
9251
9253
9254
9256
9262
9268
9270
9283
9283
9292
9305
9307
9315
9319
9331
9338
9348
9356
9362
9373
9375
9379
9381
9384
9389
9391
9408
9413
9413
9416
9425
9429
9432
9441
9459
9466
9473
9477
9501
9516
9524
9540
9541
9566
9567
9567
9574
9579
9583
9596
9607
9639
9650
9657
9663
9665
9672
9676
9684
9685
9708
9714
9715
9717
9719
9743
9751
9790
9798
9802
9830
9839
9865
9883
9889
9904
9919
9926
9941
9948
9948
9952
9952
9954
9956
9967
9971
9972
9991
10001
10016
10049
10084
10087
10114
10116
10121
10129
10140
10168
10171
10172
10175
10176
10180
10185
10186
10188
10189
10189
10192
10195
10199
10200
10216
10229
10230
10236
10249
10255
10266
10275
10283
10286
10286
10289
10292
10300
10301
10308
10313
10314
10314
10331
10338
10340
10343
10347
10348
10348
10352
10352
10358
10361
10362
10364
10364
10369
10376
10382
10389
10396
10397
10398
10410
10413
10413
10415
10417
10420
10421
10430
10439
10442
10446
10448
10449
10449
10470
10487
10488
10491
10497
10508
10518
10524
10546
10556
10567
10569
10572
10576
10583
10593
10619
10620
10624
10639
10642
10652
10665
10674
10675
10675
10681
10688
10693
10696
10709
10714
10720
10722
10725
10734
10746
10752
10759
10760
10765
10767
10775
10777
10792
10800
10810
10814
10817
10820
10826
10832
10840
10852
10855
10871
10883
10884
10888
10895
10895
10905
10909
10912
10931
10945
10948
10951
10958
10983
10994
10996
11010
11025
11036
11037
11037
11038
11053
11065
11080
11080
11080
11084
11093
11094
11094
11117
11135
11140
11143
11143
11151
11152
11161
11167
11168
11182
11185
11191
11193
11203
11207
11220
11228
11284
11288
11298
11306
11325
11338
11339
11344
11345
11355
11362
11371
11371
11375
11381
11399
11403
11406
11408
11419
11421
11423
11423
11434
11437
11448
11452
11463
11465
11478
11480
11490
11491
11492
11493
11494
11496
11513
11518
11520
11536
11543
11550
11552
11571
11571
11587
11595
11595
11597
11609
11617
11618
11625
11633
11637
11644
11646
11650
11656
11657
11678
11680
11690
11710
11711
11719
11725
11728
11728
11736
11748
11749
11759
11765
11770
11781
11792
11798
11798
11799
11817
11821
11825
11833
11839
11840
11842
11842
11854
11862
11862
11866
11867
11879
11899
11914
11924
11926
11931
11941
11944
11945
11950
11951
11955
11979
11979
11994
11998
11998
12007
12010
12021
12025
12036
12038
12042
12046
12048
12050
12067
12073
12084
12098
12100
12102
12111
12113
12119
12138
12145
12145
12154
12162
12163
12165
12166
12169
12175
12178
12180
12180
12182
12194
12199
12201
12207
12208
12212
12225
12225
12234
12244
12244
12252
12253
12257
12267
12269
12269
12275
12278
12279
12283
12301
12307
12331
12334
12358
12360
12369
12382
12382
12382
12386
12386
12389
12408
12413
12428
12448
12454
12464
12464
12484
12485
12500
12502
12511
12513
12519
12523
12527
12531
12534
12547
12559
12562
12564
12566
12569
12569
12578
12583
12584
12588
12596
12612
12614
12614
12614
12615
12621
12623
12628
12656
12666
12675
12679
12682
12694
12700
12706
12725
12739
12744
12745
12754
12773
12776
12804
12807
12810
12823
12829
12829
12838
12838
12843
12846
12851
12855
12857
12857
12863
12869
12875
12877
12878
12882
12887
12912
12915
12920
12926
12929
12930
12934
12935
12940
12943
12965
12978
12983
12986
12987
12995
12998
13001
13011
13015
13016
13023
13034
13044
13064
13065
13071
13073
13074
13084
13084
13091
13093
13105
13114
13121
13130
13152
13156
13156
13160
13170
13176
13184
13202
13202
13205
13206
13211
13212
13214
13215
13217
13230
13237
13238
13239
13245
13245
13248
13251
13258
13273
13277
13278
13299
13301
13309
13313
13323
13324
13326
13327
13330
13336
13337
13338
13354
13359
13369
13382
13385
13391
13395
13396
13402
13420
13420
13423
13429
13431
13435
13439
13448
13451
13459
13460
13471
13488
13490
13490
13496
13505
13508
13521
13536
13553
13563
13564
13569
13577
13589
13598
13610
13616
13622
13624
13626
13627
13628
13628
13634
13641
13648
13656
13657
13675
13676
13678
13682
13686
13708
13727
13730
13776
13787
13788
13788
13791
13792
13797
13799
13828
13832
13838
13840
13845
13852
13857
13863
13864
13889
13899
13900
13906
13907
13921
13923
13925
13933
13933
13934
13948
13954
13954
13988
13988
14001
14007
14016
14019
14023
14028
14033
14035
14045
14061
14074
14084
14096
14099
14102
14113
14124
14133
14137
14145
14163
14172
14187
14189
14200
14207
14216
14218
14246
14251
14260
14263
14275
14281
14329
14338
14341
14342
14343
14366
14367
14369
14373
14374
14381
14395
14397
14397
14398
14398
14401
14401
14407
14410
14414
14416
14419
14422
14424
14432
14446
14447
14450
14456
14456
14464
14465
14484
14488
14489
14499
14511
14526
14545
14545
14576
14581
14584
14588
14590
14608
14608
14608
14616
14620
14631
14654
14655
14661
14662
14663
14668
14685
14686
14693
14696
14702
14731
14733
14738
14742
14743
14752
14753
14759
14774
14842
14844
14853
14859
14861
14863
14869
14873
14877
14885
14897
14898
14901
14905
14916
14919
14923
14930
14933
14933
14934
14937
14937
14966
14975
14984
14987
15001
15008
15014
15016
15016
15027
15033
15054
15058
15088
15095
15097
15100
15112
15118
15134
15136
15143
15163
15167
15172
15182
15191
15197
15206
15209
15214
15228
15234
15234
15236
15240
15244
15254
15257
15263
15267
15272
15279
15289
15303
15327
15328
15341
15354
15354
15360
15362
15374
15377
15381
15383
15388
15396
15403
15404
15412
15412
15421
15425
15435
15440
15459
15481
15487
15496
15503
15514
15520
15539
15543
15550
15561
15567
15591
15595
15608
15610
15615
15626
15628
15648
15666
15679
15720
15753
15755
15765
15765
15779
15783
15787
15813
15813
15831
15832
15836
15847
15852
15853
15857
15857
15866
15867
15868
15869
15871
15874
15874
15878
15887
15889
15894
15897
15912
15913
15914
15915
15925
15928
15934
15941
15947
15956
15992
16002
16003
16006
16008
16012
16013
16017
16028
16047
16049
16057
16060
16060
16073
16081
16097
16110
16114
16114
16119
16126
16138
16141
16142
16145
16151
16159
16165
16165
16179
16180
16191
16191
16193
16207
16208
16240
16258
16260
16263
16273
16273
16284
16288
16303
16307
16322
16333
16338
16345
16346
16350
16358
16362
16372
16377
16387
16406
16433
16438
16439
16443
16444
16449
16453
16462
16483
16490
16490
16507
16508
16510
16515
16516
16517
16525
16528
16529
16539
16539
16544
16546
16556
16563
16567
16568
16582
16583
16584
16592
16597
16604
16606
16617
16623
16628
16654
16655
16675
16705
16715
16721
16737
16739
16747
16772
16793
16799
16799
16800
16808
16810
16812
16819
16831
16850
16872
16880
16888
16891
16913
16921
16926
16927
16929
16931
16940
16943
16962
16996
17013
17014
17017
17022
17027
17032
17040
17049
17101
17137
17157
17170
17176
17184
17188
17189
17207
17209
17215
17217
17221
17230
17238
17247
17253
17260
17263
17265
17270
17274
17278
17284
17285
17292
17302
17302
17303
17310
17310
17317
17350
17359
17416
17450
17475
17485
17498
17501
17504
17517
17521
17551
17566
17575
17579
17580
17584
17602
17604
17608
17611
17625
17635
17638
17644
17650
17651
17652
17654
17676
17696
17697
17703
17706
17726
17743
17758
17759
17788
17792
17806
17812
17814
17814
17815
17815
17828
17841
17842
17847
17858
17861
17861
17864
17882
17886
17898
17900
17918
17923
17923
17937
17950
17960
17981
17990
18001
18016
18016
18031
18044
18046
18048
18073
18081
18095
18096
18120
18141
18167
18167
18177
18182
18185
18191
18199
18204
18215
18217
18226
18232
18242
18249
18257
18263
18263
18266
18274
18287
18289
18295
18296
18296
18302
18310
18320
18330
18337
18341
18349
18352
18374
18374
18377
18385
18389
18407
18411
18416
18418
18431
18437
18442
18446
18459
18460
18463
18471
18473
18475
18478
18492
18516
18522
18524
18525
18528
18529
18538
18540
18544
18552
18553
18557
18561
18561
18563
18573
18580
18581
18589
18594
18594
18595
18601
18602
18605
18605
18624
18628
18639
18643
18643
18645
18652
18667
18670
18699
18704
18723
18732
18741
18752
18763
18770
18771
18777
18779
18783
18785
18787
18787
18788
18790
18794
18812
18820
18821
18826
18827
18837
18846
18847
18850
18854
18855
18863
18864
18869
18874
18874
18878
18885
18891
18891
18910
18913
18913
18923
18924
18929
18932
18941
18944
18959
18962
18976
18980
18986
18988
18990
18990
18997
18998
19008
19009
19020
19027
19031
19031
19038
19042
19053
19054
19057
19063
19068
19073
19074
19076
19095
19101
19115
19117
19133
19135
19135
19136
19137
19137
19143
19153
19154
19156
19159
19161
19180
19197
19206
19211
19218
19219
19223
19223
19226
19235
19242
19253
19254
19267
19291
19294
19299
19301
19305
19305
19313
19315
19319
19319
19319
19325
19352
19357
19359
19364
19367
19375
19379
19383
19385
19387
19388
19389
19393
19394
19399
19408
19422
19430
19434
19463
19464
19468
19471
19474
19478
19495
19495
19496
19497
19505
19517
19524
19531
19533
19539
19544
19562
19580
19590
19594
19595
19596
19604
19614
19617
19637
19640
19658
19658
19667
19670
19671
19677
19681
19681
19692
19695
19695
19703
19708
19710
19711
19716
19716
19718
19722
19753
19755
19761
19761
19763
19765
19778
19780
19787
19798
19799
19802
19803
19805
19806
19824
19850
19868
19872
19886
19890
19892
19893
19902
19918
19921
19926
19936
19939
19940
19947
19950
19959
19967
19967
19969
19972
19976
19981
19988
19990
20010
20011
20012
20020
20026
20038
20040
20046
20058
20061
20061
20064
20070
20078
20080
20083
20085
20118
20121
20141
20144
20154
20156
20156
20169
20171
20187
20192
20194
20194
20197
20212
20214
20225
20225
20230
20253
20254
20263
20274
20277
20280
20283
20284
20289
20292
20300
20305
20306
20309
20320
20329
20330
20343
20348
20363
20371
20374
20376
20379
20387
20411
20411
20415
20417
20418
20423
20425
20436
20439
20441
20442
20446
20453
20460
20468
20475
20476
20478
20486
20490
20491
20494
20495
20508
20521
20523
20529
20536
20541
20551
20581
20591
20593
20594
20607
20611
20613
20618
20627
20631
20642
20643
20648
20653
20656
20664
20682
20683
20684
20685
20695
20699
20712
20712
20715
20721
20724
20726
20729
20729
20733
20740
20749
20754
20761
20770
20792
20794
20797
20808
20828
20830
20837
20841
20845
20848
20848
20862
20864
20877
20881
20886
20895
20909
20909
20948
20967
20978
20994
20998
21012
21038
21047
21053
21056
21059
21064
21068
21070
21071
21072
21074
21085
21095
21097
21103
21116
21131
21132
21134
21136
21148
21151
21159
21177
21182
21182
21192
21193
21194
21207
21210
21223
21225
21234
21235
21236
21237
21239
21241
21245
21254
21257
21269
21276
21277
21280
21281
21286
21292
21310
21318
21320
21336
21338
21343
21344
21352
21363
21364
21364
21372
21375
21382
21398
21398
21401
21402
21407
21417
21418
21429
21430
21434
21438
21439
21439
21444
21451
21456
21475
21475
21487
21487
21490
21496
21527
21533
21540
21541
21547
21548
21560
21563
21565
21569
21582
21583
21588
21592
21593
21600
21612
21621
21624
21625
21641
21643
21648
21651
21654
21657
21671
21678
21680
21689
21693
21701
21717
21726
21728
21733
21733
21735
21742
21778
21782
21783
21786
21799
21807
21817
21820
21823
21823
21848
21853
21861
21863
21891
21905
21913
21923
21925
21926
21934
21935
21949
21975
21980
21981
21992
21995
22002
22003
22006
22022
22025
22030
22041
22050
22052
22059
22063
22083
22087
22105
22106
22119
22121
22124
22135
22141
22153
22166
22173
22174
22182
22184
22186
22204
22213
22221
22227
22242
22249
22266
22269
22275
22277
22281
22294
22303
22315
22316
22317
22326
22327
22328
22331
22331
22331
22343
22349
22360
22380
22381
22395
22399
22404
22409
22414
22416
22417
22423
22451
22451
22466
22489
22491
22492
22504
22508
22513
22514
22517
22517
22536
22537
22553
22556
22563
22579
22584
22596
22596
22630
22630
22638
22638
22651
22661
22664
22675
22679
22684
22699
22728
22729
22734
22747
22749
22757
22767
22769
22787
22798
22800
22802
22816
22822
22845
22852
22858
22860
22875
22876
22877
22888
22889
22891
22899
22901
22906
22910
22921
22925
22929
22931
22938
22941
22945
22955
22956
22971
22984
22986
22991
22992
22993
22996
22997
23004
23008
23047
23050
23058
23059
23066
23072
23091
23096
23097
23103
23111
23124
23136
23140
23143
23158
23171
23197
23199
23225
23259
23260
23269
23301
23320
23328
23329
23332
23351
23369
23385
23387
23392
23409
23411
23413
23413
23425
23444
23444
23448
23457
23458
23469
23469
23476
23477
23482
23491
23512
23516
23517
23520
23521
23529
23553
23563
23564
23564
23568
23571
23596
23603
23603
23613
23619
23626
23626
23642
23648
23664
23667
23683
23697
23718
23718
23729
23730
23743
23756
23764
23770
23771
23773
23775
23778
23783
23784
23785
23789
23791
23811
23813
23814
23819
23826
23829
23836
23842
23842
23842
23857
23859
23870
23878
23889
23896
23900
23911
23920
23937
23947
23950
23957
23969
23971
23976
23976
23998
23999
24007
24010
24011
24013
24019
24025
24026
24030
24045
24059
24068
24087
24090
24091
24095
24104
24106
24108
24109
24112
24113
24126
24139
24161
24168
24170
24176
24177
24183
24183
24193
24219
24223
24226
24239
24242
24246
24288
24290
24296
24307
24308
24312
24322
24340
24346
24350
24355
24363
24371
24376
24384
24389
24390
24392
24393
24398
24400
24401
24402
24418
24429
24429
24436
24446
24450
24453
24458
24458
24481
24486
24487
24489
24498
24504
24507
24512
24517
24517
24520
24523
24548
24549
24553
24561
24562
24562
24565
24576
24592
24593
24597
24600
24603
24607
24611
24614
24627
24648
24653
24665
24673
24673
24682
24695
24705
24721
24724
24726
24727
24737
24738
24742
24760
24776
24783
24797
24800
24812
24824
24828
24845
24851
24852
24871
24900
24914
24939
24942
24963
24973
24973
24993
25019
25035
25054
25056
25064
25076
25090
25090
25093
25102
25116
25118
25119
25129
25134
25141
25177
25198
25199
25213
25214
25222
25224
25247
25247
25263
25275
25284
25295
25296
25312
25327
25334
25349
25387
25400
25412
25425
25428
25430
25438
25445
25446
25447
25471
25481
25484
25494
25506
25509
25541
25544
25573
25617
25631
25640
25642
25663
25670
25672
25672
25678
25686
25708
25712
25723
25730
25734
25737
25752
25757
25763
25784
25788
25798
25805
25830
25844
25844
25855
25858
25860
25862
25863
25869
25879
25883
25888
25890
25892
25892
25894
25903
25927
25927
25929
25939
25941
25950
25956
25973
25976
25980
25985
25988
25990
25990
26007
26013
26015
26025
26046
26054
26058
26068
26070
26091
26111
26129
26136
26139
26147
26150
26154
26157
26159
26175
26177
26178
26201
26202
26209
26211
26225
26225
26230
26264
26266
26268
26274
26289
26317
26329
26329
26330
26330
26332
26353
26356
26362
26364
26366
26370
26374
26377
26387
26396
26403
26404
26405
26408
26410
26412
26415
26420
26437
26449
26458
26468
26487
26504
26504
26514
26533
26535
26544
26553
26565
26568
26568
26572
26583
26583
26588
26593
26598
26601
26606
26619
26621
26637
26652
26669
26680
26687
26693
26700
26705
26717
26717
26739
26748
26749
26756
26765
26774
26775
26778
26788
26791
26792
26795
26805
26823
26824
26833
26833
26840
26843
26848
26856
26857
26863
26878
26879
26886
26892
26904
26920
26926
26927
26929
26936
26974
26975
26989
26999
27005
27005
27017
27020
27028
27031
27033
27047
27066
27070
27074
27075
27081
27095
27101
27121
27123
27124
27139
27142
27155
27155
27160
27170
27176
27178
27190
27211
27218
27222
27224
27226
27227
27263
27267
27267
27279
27284
27293
27298
27318
27318
27329
27331
27332
27335
27337
27356
27386
27392
27398
27399
27400
27413
27422
27429
27445
27454
27456
27484
27485
27487
27500
27505
27516
27518
27519
27522
27523
27524
27537
27554
27559
27560
27567
27569
27570
27573
27580
27584
27600
27606
27606
27617
27654
27675
27709
27713
27725
27732
27735
27738
27741
27750
27755
27764
27781
27785
27800
27814
27829
27832
27835
27848
27867
27868
27868
27870
27874
27875
27876
27883
27884
27900
27900
27909
27919
27921
27922
27926
27938
27938
27962
27967
27971
28007
28021
28029
28032
28036
28043
28052
28053
28073
28084
28098
28113
28126
28141
28162
28163
28168
28171
28183
28197
28202
28214
28217
28230
28231
28237
28241
28261
28276
28287
28299
28300
28301
28301
28306
28315
28316
28326
28349
28350
28352
28359
28370
28404
28411
28412
28429
28430
28448
28453
28456
28459
28490
28496
28517
28520
28521
28535
28555
28557
28565
28566
28569
28571
28590
28594
28595
28598
28617
28625
28634
28641
28646
28665
28668
28672
28686
28688
28693
28708
28712
28716
28727
28730
28737
28758
28761
28766
28768
28781
28789
28812
28812
28813
28814
28816
28820
28822
28822
28823
28824
28827
28829
28839
28850
28856
28861
28861
28871
28871
28873
28888
28891
28891
28891
28892
28893
28903
28913
28913
28927
28947
28948
28950
28958
28961
28972
28981
28984
28994
28995
28996
28998
29010
29011
29013
29016
29020
29029
29031
29035
29077
29087
29091
29105
29106
29115
29115
29116
29117
29118
29136
29138
29143
29147
29175
29183
29204
29217
29220
29224
29228
29233
29238
29240
29243
29255
29259
29265
29300
29315
29319
29323
29324
29325
29342
29345
29361
29365
29379
29390
29390
29403
29411
29412
29425
29433
29440
29446
29449
29451
29483
29516
29540
29582
29589
29597
29607
29625
29634
29650
29670
29679
29681
29684
29687
29691
29698
29708
29711
29717
29722
29726
29731
29755
29772
29774
29783
29785
29816
29827
29832
29834
29843
29844
29853
29855
29872
29880
29891
29922
29923
29927
29939
29960
29968
29976
30007
30015
30029
30029
30034
30061
30079
30096
30101
30101
30102
30176
30195
30195
30222
30222
30227
30230
30241
30246
30256
30258
30275
30287
30287
30330
30345
30353
30357
30360
30365
30368
30377
30378
30383
30383
30409
30419
30426
30433
30434
30442
30460
30489
30491
30502
30508
30514
30524
30540
30548
30549
30550
30554
30555
30580
30583
30599
30605
30611
30613
30624
30646
30647
30656
30670
30688
30702
30706
30709
30714
30718
30732
30736
30750
30751
30774
30787
30801
30804
30809
30817
30825
30849
30850
30854
30866
30882
30892
30913
30930
30931
30935
30960
30967
30967
30980
30984
30993
30995
31001
31004
31020
31030
31040
31057
31080
31092
31092
31099
31111
31129
31130
31141
31143
31144
31147
31150
31152
31172
31173
31174
31177
31178
31184
31186
31195
31197
31201
31225
31234
31253
31254
31255
31262
31262
31263
31271
31274
31276
31278
31285
31288
31297
31335
31338
31338
31348
31353
31354
31362
31371
31374
31385
31392
31397
31406
31406
31420
31421
31423
31426
31426
31431
31433
31433
31445
31447
31449
31457
31457
31462
31470
31479
31481
31482
31487
31492
31497
31506
31510
31516
31517
31520
31526
31557
31568
31569
31608
31615
31616
31617
31620
31633
31642
31648
31650
31653
31654
31657
31667
31670
31674
31680
31682
31688
31704
31712
31712
31722
31729
31730
31736
31743
31765
31770
31774
31778
31784
31785
31796
31802
31806
31815
31817
31821
31821
31828
31828
31835
31848
31863
31863
31870
31889
31916
31918
31923
31924
31929
31941
31962
31973
31995
32007
32014
32015
32016
32030
32031
32054
32068
32072
32077
32081
32081
32086
32092
32106
32116
32118
32132
32137
32139
32169
32171
32177
32183
32203
32203
32207
32220
32232
32236
32248
32250
32251
32257
32258
32278
32284
32306
32321
32325
32329
32346
32354
32370
32377
32385
32386
32400
32400
32406
32416
32424
32444
32446
32460
32462
32465
32469
32473
32478
32490
32499
32501
32504
32507
32518
32523
32536
32559
32566
32566
32571
32585
32587
32593
32602
32604
32610
32622
32627
32630
32640
32678
32694
32698
32703
32708
32719
32726
32733
32735
32748
32752
32753
32757
32758
32759
32765
32791
32796
32808
32808
32812
32812
32813
32818
32821
32836
32842
32846
32851
32869
32869
32876
32876
32878
32884
32886
32893
32895
32906
32916
32924
32977
32978
32981
32991
33001
33003
33015
33017
33022
33024
33025
33039
33043
33059
33070
33084
33096
33098
33101
33112
33124
33142
33143
33146
33163
33172
33177
33191
33202
33224
33225
33231
33235
33238
33241
33289
33290
33299
33304
33305
33313
33315
33320
33320
33321
33322
33333
33336
33343
33344
33366
33368
33376
33385
33405
33407
33413
33414
33423
33424
33425
33433
33443
33449
33469
33476
33478
33480
33494
33511
33517
33532
33542
33546
33561
33563
33565
33570
33590
33592
33630
33646
33650
33656
33660
33664
33672
33680
33682
33701
33701
33718
33723
33734
33746
33750
33756
33761
33775
33783
33783
33783
33785
33787
33789
33797
33798
33804
33804
33815
33826
33830
33841
33845
33853
33854
33858
33862
33865
33867
33867
33871
33875
33882
33885
33889
33891
33892
33900
33901
33908
33920
33936
33939
33945
33953
33955
33972
33976
33992
33994
34008
34012
34018
34028
34030
34034
34035
34035
34037
34041
34046
34051
34052
34052
34052
34060
34082
34085
34091
34096
34098
34100
34109
34153
34153
34162
34163
34178
34182
34184
34195
34198
34200
34204
34204
34231
34233
34236
34240
34251
34256
34258
34260
34271
34280
34291
34292
34298
34299
34301
34308
34319
34322
34327
34335
34336
34342
34355
34385
34389
34392
34397
34403
34432
34446
34447
34455
34482
34486
34494
34499
34504
34515
34522
34526
34551
34557
34577
34577
34580
34592
34597
34610
34610
34616
34624
34635
34641
34656
34657
34667
34668
34669
34686
34698
34701
34706
34721
34734
34735
34740
34745
34753
34754
34754
34757
34764
34777
34786
34787
34791
34794
34795
34800
34800
34813
34831
34842
34843
34843
34848
34848
34855
34875
34887
34893
34914
34915
34926
34930
34935
34942
34950
34958
34965
34971
34972
34982
34996
34999
35002
35006
35008
35013
35018
35036
35036
35045
35058
35083
35117
35131
35137
35137
35147
35156
35161
35168
35172
35190
35197
35201
35212
35225
35231
35234
35240
35258
35264
35281
35284
35285
35324
35332
35348
35351
35356
35356
35360
35371
35371
35372
35374
35380
35383
35406
35410
35417
35418
35424
35437
35439
35448
35463
35467
35467
35469
35481
35482
35492
35493
35496
35506
35523
35527
35536
35540
35551
35565
35573
35575
35579
35580
35587
35593
35609
35612
35613
35618
35623
35623
35623
35625
35632
35633
35643
35650
35656
35690
35694
35706
35718
35730
35732
35733
35737
35749
35749
35759
35773
35773
35773
35787
35792
35794
35805
35806
35819
35821
35822
35839
35845
35856
35856
35860
35863
35866
35871
35876
35880
35882
35886
35888
35896
35909
35911
35914
35915
35924
35936
35946
35955
35967
35974
35974
35988
36004
36014
36023
36027
36047
36048
36057
36069
36084
36090
36094
36096
36098
36098
36102
36113
36119
36122
36133
36149
36159
36172
36189
36190
36194
36200
36232
36254
36268
36271
36277
36287
36299
36314
36315
36317
36324
36326
36332
36335
36348
36350
36352
36359
36366
36372
36380
36382
36382
36388
36389
36415
36416
36417
36417
36422
36423
36427
36428
36435
36437
36437
36442
36446
36446
36451
36456
36461
36461
36462
36464
36467
36471
36475
36494
36495
36496
36496
36505
36509
36510
36525
36525
36537
36539
36542
36550
36568
36578
36593
36596
36601
36621
36629
36632
36633
36638
36638
36664
36666
36667
36669
36690
36699
36735
36757
36759
36761
36761
36777
36785
36795
36802
36804
36809
36812
36821
36838
36861
36865
36873
36889
36893
36911
36916
36919
36923
36927
36931
36935
36952
36961
36978
36981
36983
36983
36991
37007
37013
37018
37019
37026
37031
37034
37041
37047
37059
37063
37067
37081
37097
37116
37120
37156
37170
37170
37191
37191
37195
37199
37205
37212
37213
37219
37223
37236
37237
37261
37273
37275
37277
37279
37283
37286
37290
37296
37299
37300
37313
37313
37316
37317
37326
37332
37341
37350
37352
37364
37369
37379
37383
37390
37393
37412
37417
37428
37428
37432
37435
37444
37455
37463
37465
37465
37481
37483
37484
37485
37489
37489
37489
37496
37500
37504
37510
37511
37516
37520
37525
37531
37537
37562
37565
37581
37586
37601
37612
37617
37625
37629
37649
37649
37649
37654
37670
37693
37695
37697
37705
37712
37723
37731
37737
37738
37738
37747
37748
37753
37757
37775
37781
37802
37805
37815
37817
37818
37821
37824
37825
37845
37852
37858
37864
37872
37872
37881
37891
37903
37905
37908
37911
37913
37918
37923
37930
37933
37938
37944
37953
37963
37973
37978
37978
37980
37984
37988
37990
38032
38043
38046
38055
38058
38067
38074
38081
38118
38120
38127
38136
38141
38144
38158
38161
38161
38163
38192
38201
38204
38211
38216
38220
38244
38254
38254
38265
38273
38275
38277
38284
38285
38290
38294
38299
38300
38309
38314
38320
38322
38328
38329
38333
38335
38350
38353
38361
38379
38381
38391
38400
38401
38402
38402
38406
38412
38417
38427
38429
38433
38448
38448
38453
38457
38461
38469
38500
38504
38505
38506
38515
38530
38547
38550
38557
38563
38565
38579
38591
38593
38599
38611
38615
38616
38622
38626
38641
38643
38652
38658
38660
38668
38675
38689
38695
38705
38706
38708
38710
38717
38732
38734
38735
38739
38753
38770
38798
38799
38830
38841
38856
38861
38861
38890
38892
38919
38925
38927
38927
38932
38960
38961
38987
39003
39011
39031
39033
39044
39049
39053
39058
39068
39081
39089
39094
39099
39104
39105
39112
39121
39159
39166
39171
39174
39181
39188
39198
39202
39220
39250
39267
39272
39274
39275
39287
39291
39292
39297
39336
39347
39359
39360
39376
39381
39387
39400
39411
39411
39435
39435
39443
39448
39457
39468
39473
39473
39489
39537
39558
39560
39562
39574
39580
39587
39594
39608
39635
39678
39685
39703
39718
39721
39723
39731
39749
39763
39811
39811
39822
39829
39838
39846
39862
39867
39891
39901
39924
39927
39931
39936
39937
39952
39953
39954
39971
39973
40000
40005
40011
40012
40021
40027
40036
40040
40053
40064
40067
40068
40082
40083
40097
40105
40111
40117
40123
40149
40167
40169
40191
40228
40234
40243
40246
40250
40257
40257
40277
40294
40309
40330
40333
40344
40347
40381
40405
40407
40439
40447
40461
40481
40490
40507
40525
40540
40542
40563
40567
40590
40623
40637
40651
40659
40672
40676
40693
40707
40710
40720
40730
40731
40744
40744
40749
40766
40769
40771
40774
40780
40786
40787
40792
40807
40809
40829
40829
40831
40837
40843
40850
40856
40860
40898
40899
40903
40920
40923
40924
40925
40930
40930
40932
40942
40944
40949
40952
40959
40973
40979
40984
40988
40989
40996
41001
41017
41029
41037
41038
41051
41063
41071
41073
41073
41076
41077
41091
41108
41125
41134
41135
41136
41152
41153
41155
41158
41158
41161
41163
41195
41200
41206
41207
41218
41225
41226
41227
41227
41232
41262
41285
41290
41295
41303
41304
41320
41324
41327
41331
41332
41344
41360
41369
41370
41388
41392
41398
41429
41436
41439
41439
41457
41463
41477
41477
41480
41485
41485
41495
41509
41515
41527
41569
41574
41581
41594
41609
41613
41613
41614
41620
41621
41630
41639
41639
41642
41643
41649
41657
41665
41665
41676
41695
41699
41709
41713
41716
41720
41724
41725
41730
41736
41739
41748
41757
41776
41820
41824
41832
41832
41837
41847
41853
41865
41878
41884
41893
41895
41897
41920
41920
41932
41934
41937
41948
41952
41956
41960
41975
41985
41991
42004
42009
42011
42021
42022
42027
42036
42044
42046
42047
42047
42052
42066
42100
42120
42127
42142
42151
42153
42160
42160
42167
42179
42207
42215
42224
42226
42232
42233
42237
42243
42245
42256
42258
42262
42273
42304
42310
42312
42314
42320
42322
42333
42339
42344
42369
42369
42377
42379
42382
42395
42401
42420
42444
42444
42445
42451
42456
42469
42469
42514
42520
42522
42534
42538
42540
42545
42552
42592
42604
42620
42625
42628
42630
42648
42674
42682
42690
42692
42696
42705
42706
42707
42711
42719
42730
42730
42732
42759
42767
42771
42777
42785
42787
42799
42805
42809
42810
42816
42839
42845
42856
42871
42917
42934
42957
42965
42967
42975
42983
42992
42993
43026
43029
43038
43049
43062
43077
43084
43088
43091
43120
43125
43127
43131
43131
43140
43160
43161
43174
43178
43181
43211
43224
43233
43245
43251
43258
43265
43270
43292
43293
43297
43299
43309
43314
43314
43318
43328
43339
43345
43354
43355
43367
43371
43390
43394
43396
43405
43406
43412
43420
43429
43440
43440
43455
43458
43464
43478
43479
43484
43501
43507
43528
43537
43539
43543
43549
43553
43563
43569
43576
43593
43600
43615
43623
43627
43628
43629
43642
43644
43648
43672
43684
43694
43697
43713
43731
43740
43760
43766
43790
43817
43838
43848
43856
43857
43869
43884
43890
43903
43922
43924
43939
43953
43965
43973
43974
43989
43990
43996
44012
44042
44044
44046
44061
44086
44096
44098
44099
44103
44113
44127
44137
44140
44163
44168
44173
44186
44186
44196
44203
44210
44214
44217
44227
44251
44252
44272
44273
44312
44340
44346
44353
44364
44385
44409
44428
44433
44444
44463
44465
44479
44483
44483
44484
44500
44510
44517
44519
44525
44527
44532
44541
44552
44559
44564
44575
44596
44598
44601
44606
44638
44647
44663
44669
44673
44678
44684
44686
44692
44698
44699
44706
44737
44750
44751
44755
44765
44774
44781
44783
44818
44827
44832
44857
44862
44869
44872
44878
44881
44897
44897
44899
44910
44911
44927
44946
44952
44955
44959
44960
44963
44963
44976
44978
44983
44988
45004
45005
45006
45020
45021
45023
45040
45044
45045
45056
45074
45075
45077
45100
45103
45106
45106
45107
45110
45111
45122
45135
45138
45141
45145
45156
45163
45164
45165
45185
45194
45198
45206
45212
45218
45221
45227
45227
45229
45232
45243
45250
45267
45267
45269
45273
45280
45283
45286
45302
45306
45315
45321
45328
45330
45331
45338
45346
45352
45357
45358
45359
45366
45370
45373
45375
45379
45384
45392
45392
45400
45401
45402
45403
45441
45443
45444
45448
45460
45466
45477
45482
45485
45489
45490
45496
45498
45509
45523
45534
45538
45549
45553
45559
45570
45580
45582
45585
45586
45590
45594
45615
45619
45623
45624
45641
45646
45670
45679
45685
45724
45725
45735
45737
45748
45751
45752
45765
45767
45793
45804
45809
45809
45810
45822
45837
45847
45862
45863
45863
45866
45868
45879
45885
45888
45901
45905
45906
45910
45958
45962
45964
45966
45985
45991
45993
45994
45996
45996
46008
46011
46028
46030
46036
46067
46068
46076
46107
46121
46130
46136
46145
46149
46150
46155
46161
46166
46171
46175
46176
46190
46200
46203
46207
46208
46222
46224
46248
46255
46262
46264
46268
46274
46283
46294
46294
46296
46299
46317
46323
46325
46327
46335
46367
46371
46373
46385
46406
46409
46427
46427
46437
46437
46441
46453
46470
46478
46485
46486
46489
46529
46573
46574
46575
46575
46601
46606
46609
46636
46636
46653
46654
46655
46675
46678
46687
46691
46698
46704
46712
46713
46718
46719
46721
46740
46746
46760
46762
46764
46764
46779
46802
46809
46822
46822
46830
46831
46856
46859
46859
46862
46862
46865
46898
46914
46918
46920
46934
46936
46938
46956
46956
46964
46968
46971
46972
46987
46994
46995
47007
47019
47022
47030
47061
47066
47068
47070
47071
47072
47072
47089
47116
47123
47131
47134
47151
47158
47159
47167
47170
47176
47177
47185
47195
47197
47205
47209
47213
47213
47217
47218
47228
47228
47228
47240
47244
47258
47263
47273
47274
47278
47286
47293
47293
47294
47296
47304
47307
47313
47316
47328
47332
47346
47355
47360
47375
47403
47411
47412
47417
47429
47431
47462
47468
47474
47499
47500
47501
47517
47531
47532
47532
47544
47544
47552
47558
47590
47591
47605
47615
47616
47626
47655
47669
47672
47674
47681
47682
47690
47691
47695
47701
47707
47709
47716
47732
47741
47768
47777
47788
47789
47790
47791
47797
47818
47822
47823
47827
47834
47838
47843
47849
47849
47852
47860
47862
47867
47875
47891
47909
47909
47910
47924
47932
47935
47943
47944
47951
47957
47957
47959
47988
47996
47997
48018
48018
48029
48036
48049
48062
48071
48086
48089
48089
48094
48110
48110
48120
48122
48136
48136
48141
48144
48145
48146
48149
48158
48161
48171
48180
48194
48202
48207
48211
48216
48229
48237
48237
48250
48259
48262
48263
48266
48275
48283
48289
48300
48319
48333
48340
48349
48349
48356
48370
48379
48383
48392
48396
48402
48403
48406
48409
48420
48421
48423
48454
48458
48459
48469
48473
48473
48490
48495
48503
48510
48510
48522
48534
48561
48568
48569
48576
48591
48600
48605
48606
48609
48625
48630
48631
48631
48639
48643
48645
48645
48646
48652
48660
48662
48663
48665
48666
48666
48668
48672
48687
48692
48700
48722
48725
48747
48758
48764
48766
48769
48785
48791
48792
48801
48814
48821
48823
48825
48831
48831
48837
48845
48860
48881
48890
48892
48892
48895
48901
48915
48918
48922
48923
48955
48966
48973
48991
49007
49028
49030
49034
49050
49051
49053
49059
49077
49077
49084
49085
49088
49099
49103
49108
49113
49128
49140
49154
49167
49174
49180
49187
49192
49207
49216
49218
49223
49225
49228
49235
49243
49244
49247
49249
49263
49264
49278
49284
49292
49295
49312
49317
49326
49340
49343
49348
49348
49356
49359
49365
49390
49391
49397
49402
49402
49403
49413
49416
49425
49430
49450
49459
49462
49480
49482
49485
49503
49508
49520
49530
49535
49536
49537
49542
49549
49551
49555
49560
49564
49565
49567
49569
49572
49589
49594
49601
49608
49611
49621
49623
49629
49631
49640
49651
49654
49656
49661
49668
49675
49676
49678
49682
49682
49685
49698
49702
49707
49707
49712
49712
49724
49733
49737
49740
49746
49751
49752
49762
49780
49793
49794
49797
49798
49815
49821
49827
49828
49831
49838
49839
49857
49859
49859
49866
49867
49901
49910
49914
49914
49916
49916
49916
49920
49926
49947
49973
49984
49985
49988
49989
49991
49992
49999
50000
50013
50034
50036
50037
50045
50049
50064
50094
50097
50105
50110
50122
50132
50164
50164
50181
50197
50200
50211
50212
50213
50217
50224
50231
50240
50244
50244
50255
50260
50266
50303
50311
50319
50331
50334
50338
50339
50339
50344
50345
50345
50348
50350
50351
50351
50353
50363
50370
50371
50375
50385
50394
50394
50395
50400
50405
50409
50412
50421
50425
50427
50430
50431
50446
50455
50455
50456
50469
50476
50478
50491
50499
50506
50508
50508
50515
50525
50528
50532
50534
50539
50548
50572
50573
50574
50578
50584
50589
50593
50598
50602
50604
50606
50611
50622
50640
50649
50664
50665
50672
50684
50685
50698
50700
50704
50704
50738
50740
50751
50753
50766
50802
50821
50833
50846
50860
50861
50865
50878
50880
50888
50906
50913
50928
50934
50935
50944
50954
50955
50956
50965
50968
50968
50975
50987
50988
50998
50999
51017
51024
51042
51056
51063
51069
51076
51099
51102
51110
51111
51119
51133
51149
51154
51159
51161
51167
51170
51170
51179
51181
51187
51206
51216
51220
51222
51235
51242
51255
51259
51261
51261
51267
51267
51276
51290
51290
51295
51301
51319
51322
51323
51328
51340
51355
51375
51379
51386
51387
51391
51397
51406
51422
51438
51439
51449
51462
51465
51482
51482
51483
51487
51490
51506
51524
51530
51544
51562
51571
51577
51581
51597
51608
51615
51622
51647
51652
51657
51661
51672
51681
51690
51706
51707
51710
51715
51721
51723
51728
51733
51733
51736
51741
51746
51772
51779
51793
51794
51802
51803
51817
51822
51827
51835
51838
51842
51847
51847
51855
51858
51867
51868
51868
51896
51912
51917
51926
51929
51940
51972
51972
51978
51978
51989
51990
51992
51998
52004
52004
52005
52008
52013
52013
52015
52022
52045
52051
52068
52069
52069
52090
52093
52102
52111
52112
52121
52123
52127
52132
52133
52138
52152
52157
52176
52180
52184
52189
52190
52195
52202
52211
52212
52217
52218
52218
52220
52231
52240
52240
52245
52262
52263
52264
52281
52290
52294
52295
52303
52312
52330
52332
52342
52350
52370
52377
52383
52413
52416
52435
52441
52456
52459
52460
52465
52472
52476
52486
52502
52528
52535
52556
52564
52567
52608
52614
52620
52620
52637
52651
52655
52656
52660
52665
52688
52691
52697
52722
52759
52763
52765
52773
52784
52789
52793
52794
52806
52829
52861
52868
52874
52881
52886
52903
52939
52962
52964
52964
52976
52981
52987
52998
53002
53023
53024
53038
53049
53064
53067
53091
53110
53112
53131
53132
53132
53133
53141
53145
53146
53150
53163
53172
53178
53201
53201
53208
53228
53248
53263
53278
53278
53280
53300
53305
53308
53330
53341
53347
53359
53360
53371
53375
53381
53384
53398
53402
53419
53421
53438
53457
53464
53470
53481
53491
53501
53502
53502
53512
53525
53527
53545
53562
53566
53572
53600
53606
53609
53626
53641
53645
53649
53658
53664
53667
53695
53696
53697
53710
53720
53720
53721
53733
53760
53773
53776
53781
53782
53783
53804
53815
53825
53827
53830
53831
53843
53881
53892
53899
53907
53926
53937
53949
53965
53968
53969
53969
54015
54016
54050
54054
54061
54065
54092
54110
54127
54131
54157
54159
54219
54254
54258
54259
54263
54271
54274
54275
54283
54284
54295
54317
54325
54365
54388
54389
54422
54425
54441
54441
54443
54462
54463
54475
54477
54496
54508
54521
54554
54559
54563
54587
54614
54637
54655
54656
54657
54662
54663
54663
54667
54685
54697
54698
54702
54713
54719
54733
54747
54758
54765
54766
54771
54790
54790
54795
54802
54804
54834
54843
54845
54855
54856
54873
54876
54878
54894
54894
54914
54917
54921
54951
54955
54964
54984
54984
54987
54994
55000
55006
55008
55032
55037
55040
55051
55061
55071
55076
55077
55087
55093
55096
55098
55116
55116
55125
55126
55146
55147
55150
55151
55163
55165
55169
55188
55201
55202
55211
55214
55221
55236
55237
55264
55284
55293
55326
55328
55336
55338
55340
55340
55340
55369
55369
55382
55390
55414
55425
55427
55431
55433
55434
55437
55438
55455
55463
55473
55479
55481
55492
55503
55509
55510
55511
55512
55517
55525
55525
55533
55566
55566
55571
55580
55584
55584
55589
55590
55590
55599
55605
55609
55621
55629
55630
55637
55645
55654
55662
55679
55679
55681
55697
55723
55727
55731
55734
55741
55752
55775
55782
55796
55835
55836
55846
55847
55849
55849
55869
55871
55916
55918
55920
55937
55946
55953
55968
56025
56026
56028
56029
56032
56047
56055
56060
56064
56071
56080
56106
56109
56111
56113
56137
56139
56141
56142
56145
56158
56160
56163
56163
56173
56183
56188
56190
56192
56200
56201
56204
56211
56215
56231
56237
56244
56273
56273
56274
56283
56294
56297
56302
56304
56305
56308
56321
56329
56341
56345
56355
56369
56379
56382
56385
56392
56401
56402
56411
56411
56419
56419
56432
56434
56435
56462
56472
56475
56486
56487
56497
56507
56510
56513
56514
56529
56534
56542
56544
56571
56575
56577
56577
56577
56582
56584
56591
56592
56617
56625
56625
56630
56637
56642
56647
56650
56651
56651
56652
56656
56678
56687
56692
56696
56698
56700
56719
56720
56725
56728
56735
56743
56744
56747
56750
56759
56775
56778
56791
56792
56799
56818
56828
56839
56848
56848
56879
56915
56918
56930
56944
56951
56964
56991
56995
56995
57000
57006
57018
57018
57026
57037
57053
57065
57077
57081
57087
57096
57103
57105
57115
57116
57124
57125
57126
57129
57132
57133
57144
57157
57167
57177
57179
57190
57231
57243
57245
57259
57269
57274
57276
57277
57291
57308
57311
57312
57317
57317
57318
57323
57335
57341
57342
57345
57348
57348
57353
57385
57391
57399
57401
57404
57420
57423
57427
57452
57465
57467
57492
57496
57503
57514
57547
57549
57552
57558
57581
57595
57598
57600
57610
57620
57621
57628
57641
57652
57658
57658
57666
57671
57673
57675
57693
57712
57717
57724
57735
57735
57736
57745
57751
57763
57768
57782
57794
57820
57821
57822
57826
57834
57849
57850
57857
57867
57876
57879
57884
57892
57911
57911
57913
57917
57918
57918
57920
57927
57929
57930
57932
57946
57946
57960
57994
57998
57999
58001
58007
58009
58017
58026
58028
58038
58039
58060
58076
58087
58091
58108
58117
58124
58129
58131
58170
58194
58200
58202
58205
58227
58230
58237
58241
58242
58248
58249
58249
58266
58270
58271
58289
58297
58298
58301
58307
58311
58316
58325
58329
58334
58336
58340
58342
58342
58346
58349
58367
58367
58386
58391
58391
58392
58404
58421
58427
58434
58467
58476
58501
58503
58507
58522
58526
58547
58557
58573
58577
58578
58593
58612
58621
58642
58652
58658
58666
58695
58707
58708
58714
58720
58744
58747
58754
58761
58762
58764
58768
58774
58775
58783
58783
58792
58797
58825
58840
58842
58847
58850
58869
58872
58874
58875
58876
58877
58879
58879
58883
58889
58892
58892
58898
58901
58901
58909
58923
58924
58927
58932
58958
58959
58961
58977
58979
58981
59002
59003
59005
59008
59026
59053
59066
59067
59074
59076
59077
59082
59084
59086
59095
59098
59099
59100
59106
59118
59127
59133
59136
59140
59140
59149
59159
59166
59178
59185
59189
59191
59196
59196
59201
59226
59227
59238
59268
59277
59291
59293
59336
59340
59352
59361
59381
59382
59388
59399
59403
59405
59406
59409
59420
59427
59435
59450
59454
59456
59461
59466
59469
59496
59503
59503
59508
59523
59528
59544
59544
59544
59546
59546
59547
59550
59552
59553
59553
59575
59576
59614
59616
59617
59638
59656
59659
59678
59695
59709
59726
59731
59736
59764
59765
59767
59770
59772
59772
59775
59781
59793
59803
59804
59830
59833
59835
59842
59843
59846
59846
59850
59856
59859
59863
59870
59895
59900
59917
59920
59922
59932
59936
59944
59954
59957
59959
59972
59980
59983
59988
59993
60039
60044
60050
60053
60061
60062
60062
60071
60083
60092
60101
60123
60124
60132
60133
60134
60150
60159
60160
60166
60167
60170
60176
60180
60190
60196
60197
60197
60201
60204
60206
60207
60212
60214
60214
60221
60229
60235
60238
60239
60244
60246
60249
60252
60255
60265
60266
60268
60271
60280
60280
60300
60303
60303
60315
60317
60324
60325
60334
60351
60362
60373
60373
60383
60400
60410
60411
60412
60420
60442
60447
60449
60452
60458
60465
60477
60480
60481
60482
60493
60494
60504
60508
60510
60521
60533
60534
60536
60544
60559
60565
60568
60574
60583
60584
60586
60599
60615
60622
60623
60624
60633
60644
60645
60648
60652
60672
60675
60683
60687
60689
60693
60693
60693
60698
60701
60706
60708
60715
60719
60721
60734
60734
60736
60743
60752
60757
60762
60762
60762
60774
60785
60790
60792
60797
60805
60811
60815
60825
60831
60841
60844
60845
60858
60879
60880
60897
60904
60912
60928
60932
60936
60942
60950
60957
60959
60964
60966
60975
60988
60991
60995
61012
61038
61039
61045
61049
61050
61051
61059
61065
61095
61114
61121
61123
61125
61126
61141
61145
61152
61155
61178
61183
61197
61205
61210
61214
61215
61223
61246
61258
61264
61293
61293
61294
61302
61307
61319
61360
61371
61393
61400
61410
61442
61442
61448
61449
61456
61457
61470
61479
61497
61509
61513
61514
61516
61533
61547
61555
61558
61567
61578
61621
61622
61629
61640
61641
61646
61647
61649
61665
61688
61693
61701
61711
61712
61720
61724
61724
61725
61744
61744
61747
61749
61749
61760
61779
61784
61791
61797
61798
61800
61808
61816
61822
61825
61830
61834
61842
61849
61854
61864
61865
61865
61870
61873
61878
61891
61894
61899
61907
61911
61919
61930
61939
61943
61946
61974
61998
62007
62011
62030
62032
62036
62062
62070
62080
62085
62087
62089
62098
62100
62101
62106
62112
62139
62139
62149
62149
62163
62167
62169
62170
62171
62185
62212
62220
62224
62224
62237
62253
62258
62269
62272
62272
62294
62300
62300
62307
62309
62315
62330
62342
62346
62348
62367
62370
62371
62378
62381
62392
62403
62413
62418
62422
62427
62430
62433
62440
62446
62459
62462
62465
62467
62473
62475
62507
62517
62518
62543
62551
62556
62564
62564
62573
62578
62584
62584
62585
62599
62600
62601
62615
62619
62626
62646
62646
62655
62656
62664
62667
62677
62682
62685
62685
62691
62692
62729
62731
62759
62760
62763
62772
62773
62774
62784
62800
62821
62822
62826
62837
62847
62851
62861
62863
62866
62867
62867
62877
62881
62884
62899
62903
62908
62914
62918
62931
62932
62943
62945
62963
62968
62970
62984
62985
62986
62992
62992
62996
63000
63002
63021
63025
63029
63035
63039
63045
63057
63072
63087
63109
63110
63137
63161
63172
63177
63183
63187
63191
63206
63212
63237
63238
63240
63249
63257
63261
63261
63264
63270
63271
63273
63276
63293
63306
63313
63318
63322
63332
63339
63345
63352
63361
63364
63364
63366
63378
63381
63386
63388
63390
63393
63396
63397
63420
63423
63440
63455
63458
63463
63500
63502
63506
63515
63521
63550
63557
63571
63587
63593
63597
63614
63623
63644
63648
63651
63657
63658
63666
63689
63691
63695
63703
63716
63730
63741
63745
63747
63747
63761
63761
63762
63770
63774
63782
63793
63794
63800
63802
63803
63803
63816
63817
63817
63819
63820
63822
63839
63851
63866
63868
63906
63928
63941
63942
63943
63964
63966
63970
63980
63990
63996
63996
63997
64004
64024
64026
64029
64029
64029
64029
64039
64039
64042
64055
64055
64060
64060
64069
64077
64080
64105
64107
64109
64116
64124
64124
64127
64128
64129
64129
64153
64157
64178
64179
64180
64194
64209
64217
64227
64227
64228
64234
64251
64252
64254
64263
64263
64265
64275
64285
64287
64292
64293
64321
64334
64339
64343
64346
64347
64350
64392
64396
64402
64419
64420
64429
64432
64443
64445
64452
64466
64470
64479
64483
64486
64495
64496
64502
64502
64508
64521
64528
64538
64539
64542
64553
64555
64571
64584
64590
64592
64594
64595
64597
64602
64607
64620
64622
64630
64631
64636
64637
64643
64673
64681
64683
64696
64704
64717
64722
64735
64738
64743
64745
64751
64760
64760
64763
64767
64768
64774
64779
64786
64803
64815
64820
64837
64838
64843
64866
64872
64882
64889
64893
64899
64909
64914
64916
64919
64920
64925
64933
64938
64943
64944
64947
64962
64967
64969
64991
64992
65004
65011
65015
65015
65020
65024
65057
65072
65074
65074
65074
65084
65094
65115
65122
65123
65142
65148
65164
65167
65179
65182
65183
65186
65195
65198
65215
65221
65252
65254
65262
65267
65276
65290
65300
65312
65317
65319
65326
65338
65339
65344
65347
65348
65356
65361
65371
65387
65424
65430
65436
65443
65445
65447
65451
65451
65457
65483
65488
65492
65526
65548
65562
65568
65569
65590
65592
65603
65640
65642
65697
65713
65725
65726
65728
65736
65746
65746
65761
65766
65780
65810
65833
65843
65851
65869
65871
65873
65887
65915
65936
65945
65952
65960
65967
65974
65998
66000
66004
66007
66009
66014
66017
66032
66065
66096
66098
66100
66119
66124
66137
66159
66159
66160
66180
66180
66187
66187
66208
66226
66229
66244
66248
66279
66290
66315
66318
66327
66334
66346
66368
66372
66376
66376
66378
66394
66397
66403
66404
66414
66423
66423
66434
66464
66471
66479
66480
66480
66484
66489
66495
66496
66537
66555
66557
66558
66566
66572
66572
66582
66590
66599
66602
66606
66608
66608
66643
66652
66659
66664
66684
66694
66703
66723
66727
66727
66732
66740
66741
66745
66765
66768
66770
66772
66797
66797
66800
66805
66818
66825
66843
66859
66892
66904
66908
66919
66940
66986
66986
66994
66996
67007
67011
67012
67025
67037
67043
67043
67055
67057
67059
67077
67093
67096
67101
67109
67155
67158
67158
67161
67180
67183
67191
67216
67229
67233
67240
67257
67262
67264
67272
67273
67282
67305
67313
67314
67315
67321
67322
67325
67325
67333
67337
67349
67363
67366
67367
67392
67392
67396
67407
67431
67461
67461
67462
67466
67469
67470
67474
67475
67491
67497
67499
67513
67518
67520
67529
67531
67538
67539
67547
67557
67559
67559
67565
67572
67595
67597
67602
67603
67613
67616
67636
67644
67649
67660
67677
67713
67717
67720
67760
67762
67762
67766
67774
67789
67791
67808
67813
67818
67823
67829
67843
67852
67873
67884
67893
67899
67905
67916
67929
67937
67960
67961
67964
67972
67998
68000
68036
68041
68048
68052
68067
68087
68095
68102
68108
68116
68118
68144
68156
68159
68162
68164
68171
68194
68196
68203
68204
68230
68245
68266
68283
68292
68297
68325
68331
68337
68338
68373
68382
68383
68395
68400
68405
68419
68425
68426
68431
68431
68442
68442
68446
68448
68449
68457
68458
68466
68466
68467
68479
68479
68484
68486
68497
68505
68516
68527
68530
68542
68553
68556
68577
68592
68598
68604
68617
68627
68628
68629
68640
68647
68676
68713
68720
68727
68734
68753
68754
68775
68776
68785
68789
68792
68800
68804
68814
68827
68842
68853
68859
68870
68874
68885
68896
68917
68918
68924
68928
68930
68956
68970
68971
68974
68979
68986
68994
68995
69001
69003
69006
69006
69010
69010
69016
69028
69039
69045
69048
69050
69064
69072
69076
69088
69094
69106
69114
69115
69115
69118
69123
69130
69143
69156
69160
69168
69169
69171
69190
69205
69213
69229
69236
69242
69253
69266
69273
69276
69279
69280
69298
69308
69309
69316
69316
69322
69325
69325
69345
69350
69353
69356
69371
69375
69378
69385
69386
69399
69401
69425
69433
69444
69448
69449
69476
69478
69485
69486
69494
69502
69503
69510
69512
69515
69544
69546
69567
69571
69571
69585
69586
69591
69611
69638
69639
69653
69658
69687
69692
69695
69704
69707
69723
69728
69739
69745
69746
69767
69771
69772
69773
69784
69788
69792
69795
69796
69801
69805
69822
69827
69828
69832
69838
69849
69850
69882
69885
69894
69898
69914
69935
69969
69977
70000
70002
70002
70004
70015
70021
70022
70030
70030
70035
70051
70053
70064
70066
70079
70092
70099
70120
70130
70140
70156
70157
70160
70162
70174
70174
70181
70181
70189
70199
70227
70270
70273
70274
70283
70285
70286
70287
70298
70350
70353
70367
70367
70388
70392
70398
70413
70415
70431
70442
70444
70445
70450
70461
70465
70473
70473
70474
70474
70476
70490
70493
70510
70517
70518
70526
70530
70534
70541
70544
70549
70558
70570
70581
70584
70591
70594
70603
70630
70680
70698
70703
70706
70728
70732
70744
70754
70756
70774
70785
70790
70815
70824
70828
70831
70832
70838
70848
70852
70859
70862
70863
70878
70883
70884
70893
70895
70905
70912
70920
70923
70941
70958
70962
70966
70967
70979
70993
70995
70998
71010
71019
71022
71035
71043
71047
71050
71054
71071
71075
71079
71099
71125
71126
71141
71142
71162
71168
71169
71177
71178
71179
71188
71198
71214
71231
71234
71234
71237
71239
71243
71249
71250
71262
71265
71275
71288
71295
71304
71306
71317
71328
71337
71355
71362
71363
71364
71365
71369
71374
71384
71396
71400
71405
71409
71412
71416
71420
71425
71432
71444
71456
71459
71490
71493
71513
71530
71542
71552
71566
71580
71584
71597
71599
71608
71609
71611
71647
71652
71660
71662
71664
71685
71686
71687
71688
71696
71703
71705
71720
71724
71732
71733
71735
71739
71761
71763
71765
71768
71770
71779
71806
71806
71820
71829
71831
71834
71835
71852
71866
71876
71881
71885
71895
71900
71900
71905
71906
71912
71920
71934
71951
71955
71955
71973
71979
71995
72019
72033
72052
72056
72074
72079
72080
72110
72111
72124
72139
72142
72168
72170
72176
72195
72199
72212
72214
72217
72246
72250
72259
72300
72307
72309
72327
72330
72333
72341
72344
72359
72360
72363
72364
72367
72377
72379
72382
72397
72397
72402
72407
72410
72415
72419
72427
72438
72443
72453
72454
72462
72466
72482
72488
72495
72499
72548
72561
72570
72578
72589
72594
72602
72604
72605
72610
72611
72616
72632
72648
72651
72653
72658
72666
72667
72669
72671
72687
72688
72696
72700
72707
72709
72711
72714
72741
72764
72768
72768
72775
72798
72798
72802
72802
72845
72846
72847
72851
72854
72858
72865
72869
72870
72872
72873
72882
72892
72894
72899
72909
72916
72919
72950
72950
72997
73017
73019
73023
73026
73030
73035
73055
73058
73061
73071
73073
73073
73078
73090
73092
73118
73121
73139
73143
73145
73151
73151
73159
73161
73172
73190
73192
73192
73196
73196
73198
73201
73205
73208
73208
73219
73228
73240
73243
73246
73251
73252
73253
73261
73266
73266
73274
73275
73295
73306
73316
73331
73339
73350
73365
73375
73384
73386
73388
73396
73404
73411
73412
73423
73433
73438
73448
73457
73457
73467
73479
73480
73486
73500
73505
73529
73533
73543
73543
73569
73590
73598
73603
73609
73612
73618
73658
73665
73666
73668
73676
73680
73697
73697
73700
73708
73720
73737
73765
73766
73769
73774
73779
73784
73787
73799
73811
73833
73844
73846
73847
73856
73885
73885
73893
73894
73911
73913
73919
73924
73936
73941
73959
73960
73961
73965
73967
73968
73976
73994
74000
74005
74015
74050
74057
74061
74064
74066
74071
74077
74082
74082
74090
74092
74096
74106
74111
74119
74119
74134
74137
74148
74154
74155
74158
74168
74180
74198
74212
74213
74215
74216
74217
74229
74242
74250
74266
74274
74281
74286
74288
74288
74290
74295
74307
74320
74333
74334
74352
74361
74369
74386
74390
74390
74410
74412
74429
74438
74444
74445
74446
74451
74465
74466
74468
74477
74494
74497
74500
74500
74501
74503
74522
74522
74526
74530
74532
74538
74540
74545
74549
74552
74557
74558
74562
74577
74582
74592
74600
74602
74606
74609
74615
74652
74660
74672
74673
74676
74685
74699
74703
74709
74721
74739
74808
74819
74822
74860
74865
74870
74911
74911
74921
74928
74928
74954
74956
74960
74961
74972
74982
74985
74999
75002
75004
75037
75040
75043
75050
75058
75089
75101
75108
75128
75144
75149
75152
75163
75174
75180
75183
75183
75186
75188
75191
75192
75206
75207
75210
75215
75215
75215
75218
75219
75224
75230
75234
75238
75241
75250
75259
75261
75266
75269
75274
75278
75286
75307
75312
75326
75329
75330
75344
75350
75350
75356
75357
75358
75365
75372
75382
75384
75387
75394
75408
75422
75424
75428
75430
75437
75448
75467
75467
75479
75490
75498
75521
75530
75541
75550
75593
75599
75601
75612
75615
75620
75628
75630
75647
75648
75657
75660
75678
75689
75702
75705
75728
75735
75742
75748
75759
75762
75769
75769
75782
75785
75788
75794
75799
75800
75812
75815
75815
75821
75821
75836
75839
75860
75872
75872
75910
75911
75930
75963
75966
75974
75975
75979
75979
75988
75989
76005
76005
76014
76025
76034
76037
76095
76102
76110
76121
76131
76143
76148
76150
76151
76152
76154
76164
76172
76173
76180
76181
76184
76186
76201
76212
76216
76219
76222
76226
76231
76237
76238
76241
76243
76249
76250
76250
76264
76264
76272
76302
76304
76308
76314
76314
76315
76320
76327
76339
76360
76365
76366
76369
76375
76376
76387
76387
76412
76413
76414
76418
76418
76438
76440
76449
76457
76465
76465
76466
76476
76478
76516
76516
76517
76519
76523
76525
76536
76544
76544
76555
76558
76559
76561
76561
76563
76563
76569
76570
76570
76585
76587
76588
76589
76608
76623
76637
76648
76665
76667
76677
76686
76689
76699
76701
76704
76708
76709
76711
76714
76715
76728
76735
76748
76748
76752
76763
76763
76773
76787
76798
76807
76819
76827
76844
76849
76872
76875
76878
76885
76901
76902
76917
76920
76931
76939
76943
76952
76957
77012
77018
77020
77021
77021
77022
77033
77053
77056
77063
77065
77070
77082
77095
77096
77096
77099
77106
77109
77109
77114
77115
77123
77127
77136
77140
77143
77160
77161
77166
77174
77178
77185
77198
77214
77215
77215
77221
77229
77232
77234
77243
77244
77254
77276
77281
77285
77300
77304
77305
77313
77319
77342
77348
77365
77366
77399
77403
77408
77419
77424
77426
77432
77433
77450
77464
77469
77479
77480
77482
77492
77498
77509
77513
77513
77530
77532
77534
77541
77543
77554
77565
77565
77577
77581
77586
77602
77614
77617
77618
77624
77629
77647
77650
77661
77664
77665
77671
77672
77686
77705
77725
77730
77733
77742
77758
77758
77764
77769
77782
77796
77798
77832
77839
77853
77853
77870
77878
77879
77880
77882
77882
77888
77889
77890
77896
77910
77911
77915
77920
77931
77933
77959
77964
77965
77965
77993
77995
78001
78012
78043
78051
78051
78052
78053
78055
78079
78098
78102
78111
78115
78123
78134
78148
78156
78162
78171
78187
78195
78205
78206
78211
78218
78225
78229
78231
78232
78246
78273
78287
78289
78297
78300
78320
78328
78329
78362
78363
78370
78382
78387
78391
78399
78408
78409
78415
78419
78429
78437
78444
78444
78482
78499
78501
78503
78511
78517
78529
78529
78534
78538
78560
78563
78567
78571
78588
78599
78610
78615
78651
78659
78659
78664
78668
78673
78684
78700
78701
78707
78708
78735
78735
78738
78741
78741
78743
78751
78754
78755
78756
78771
78787
78789
78796
78799
78802
78803
78811
78822
78826
78829
78835
78838
78852
78864
78866
78873
78873
78877
78879
78886
78887
78895
78897
78905
78906
78909
78915
78925
78949
78953
78960
78977
78985
79010
79011
79012
79018
79031
79038
79044
79045
79049
79057
79061
79064
79065
79069
79086
79087
79093
79094
79100
79101
79127
79135
79138
79145
79147
79147
79149
79152
79165
79174
79177
79179
79198
79200
79212
79218
79221
79223
79230
79242
79260
79268
79270
79274
79290
79301
79305
79306
79324
79331
79341
79345
79353
79355
79361
79368
79374
79375
79383
79384
79387
79398
79399
79400
79418
79428
79429
79432
79443
79447
79459
79473
79474
79485
79492
79498
79503
79514
79552
79554
79564
79577
79594
79600
79607
79609
79624
79636
79638
79647
79652
79652
79673
79675
79681
79725
79735
79743
79761
79764
79808
79829
79832
79840
79844
79845
79853
79857
79861
79880
79898
79908
79913
79929
79931
79958
79959
79976
79979
79987
80016
80025
80038
80050
80053
80060
80061
80068
80072
80076
80108
80110
80125
80130
80136
80137
80140
80142
80158
80173
80173
80183
80196
80210
80225
80227
80236
80250
80288
80306
80313
80318
80324
80325
80328
80339
80347
80352
80355
80358
80386
80391
80395
80402
80439
80448
80465
80468
80473
80489
80495
80495
80500
80512
80514
80524
80534
80534
80537
80545
80556
80563
80567
80597
80597
80615
80618
80638
80649
80655
80660
80661
80669
80676
80683
80704
80712
80722
80730
80749
80769
80804
80815
80818
80820
80825
80826
80835
80855
80866
80866
80875
80895
80895
80896
80896
80896
80900
80902
80902
80909
80913
80920
80927
80952
80957
80963
80973
80984
80990
80992
80993
80995
81006
81021
81048
81061
81062
81087
81100
81126
81136
81145
81148
81157
81161
81174
81177
81182
81186
81208
81228
81231
81235
81247
81267
81281
81299
81338
81355
81367
81378
81384
81388
81391
81392
81402
81414
81423
81424
81425
81448
81450
81452
81486
81486
81495
81509
81510
81537
81547
81567
81572
81618
81618
81635
81640
81643
81648
81654
81666
81672
81677
81685
81692
81701
81707
81708
81716
81724
81740
81752
81762
81770
81772
81782
81786
81787
81790
81792
81803
81805
81813
81819
81822
81826
81828
81829
81832
81840
81865
81874
81875
81881
81918
81940
81966
81967
81973
81974
81983
81985
81987
81988
81992
82035
82045
82046
82046
82049
82064
82074
82075
82076
82087
82114
82116
82122
82131
82133
82145
82174
82174
82178
82192
82197
82209
82264
82271
82298
82313
82316
82317
82319
82330
82341
82344
82363
82371
82376
82401
82409
82443
82452
82461
82511
82515
82531
82532
82535
82544
82545
82545
82571
82587
82591
82603
82605
82611
82623
82629
82637
82642
82653
82657
82666
82676
82685
82687
82691
82698
82710
82725
82747
82763
82765
82787
82787
82809
82815
82832
82840
82848
82848
82853
82855
82874
82874
82877
82877
82883
82887
82894
82903
82906
82908
82910
82915
82928
82931
82931
82938
82950
82955
82958
82962
82969
82982
82986
82993
83009
83018
83020
83020
83024
83024
83032
83035
83049
83053
83057
83101
83103
83108
83114
83127
83140
83146
83146
83155
83166
83184
83200
83201
83208
83217
83220
83235
83242
83244
83257
83258
83260
83272
83295
83302
83302
83309
83334
83335
83339
83352
83354
83355
83369
83371
83390
83399
83419
83424
83427
83431
83435
83455
83467
83469
83475
83495
83506
83510
83518
83519
83540
83560
83598
83612
83624
83632
83653
83656
83672
83685
83688
83694
83697
83701
83706
83720
83721
83727
83734
83735
83736
83739
83742
83756
83765
83775
83801
83826
83831
83853
83856
83888
83895
83914
83921
83923
83938
83949
83955
83957
83957
83958
83975
83976
83983
83984
83989
84005
84014
84016
84024
84031
84036
84041
84043
84061
84065
84087
84096
84097
84101
84103
84112
84113
84114
84118
84127
84133
84142
84143
84150
84153
84159
84165
84197
84199
84204
84205
84209
84211
84213
84220
84228
84229
84234
84243
84245
84248
84279
84287
84306
84314
84321
84332
84335
84341
84342
84346
84346
84357
84370
84384
84391
84393
84397
84406
84415
84436
84462
84465
84470
84504
84538
84561
84589
84611
84615
84618
84641
84651
84665
84677
84681
84731
84754
84767
84771
84784
84796
84827
84839
84840
84846
84850
84887
84895
84899
84903
84906
84908
84948
84968
84972
85005
85014
85014
85020
85036
85036
85036
85041
85045
85046
85070
85085
85091
85095
85104
85108
85126
85137
85147
85157
85158
85159
85182
85196
85197
85200
85214
85219
85229
85239
85256
85294
85299
85313
85320
85327
85328
85331
85343
85345
85346
85349
85367
85377
85383
85383
85384
85387
85388
85418
85424
85426
85436
85444
85447
85464
85471
85473
85474
85476
85485
85497
85501
85510
85522
85524
85530
85544
85553
85553
85555
85569
85569
85573
85575
85585
85590
85590
85593
85608
85614
85617
85625
85633
85633
85640
85641
85644
85645
85659
85668
85673
85675
85681
85686
85698
85701
85701
85709
85709
85728
85730
85736
85739
85751
85753
85763
85775
85782
85783
85783
85785
85790
85793
85794
85796
85798
85810
85812
85829
85833
85843
85847
85857
85859
85875
85878
85879
85895
85905
85908
85908
85909
85916
85950
85953
85979
85987
85995
85999
86022
86041
86042
86066
86068
86074
86086
86086
86094
86097
86099
86105
86120
86126
86128
86139
86146
86158
86175
86183
86192
86194
86213
86228
86228
86228
86231
86249
86252
86263
86265
86278
86289
86290
86290
86295
86296
86301
86310
86315
86316
86331
86342
86342
86344
86355
86357
86358
86365
86366
86394
86396
86411
86449
86456
86460
86465
86473
86481
86483
86490
86501
86504
86505
86516
86519
86522
86555
86563
86566
86567
86573
86591
86603
86606
86608
86620
86622
86623
86644
86656
86661
86665
86676
86681
86702
86712
86717
86722
86731
86738
86743
86747
86760
86768
86789
86791
86799
86804
86821
86825
86827
86831
86831
86874
86874
86881
86886
86897
86899
86918
86919
86920
86921
86940
86940
86944
86953
86979
86999
87009
87016
87037
87087
87089
87091
87100
87108
87115
87119
87120
87148
87148
87153
87154
87161
87168
87181
87182
87184
87184
87192
87195
87205
87208
87217
87218
87219
87222
87230
87235
87239
87243
87261
87261
87264
87292
87306
87311
87316
87328
87332
87333
87345
87354
87369
87380
87384
87388
87393
87423
87444
87449
87453
87470
87493
87498
87500
87507
87523
87533
87539
87547
87552
87553
87572
87583
87588
87598
87606
87611
87614
87615
87616
87623
87637
87654
87669
87742
87749
87753
87788
87788
87789
87809
87811
87819
87823
87823
87827
87831
87832
87835
87838
87845
87851
87858
87858
87860
87860
87862
87870
87873
87875
87879
87882
87898
87900
87902
87911
87914
87966
87967
87974
87975
87977
87990
88003
88022
88030
88036
88049
88051
88058
88071
88091
88096
88104
88112
88117
88120
88130
88131
88137
88140
88160
88162
88164
88174
88175
88178
88181
88182
88187
88197
88198
88199
88201
88202
88224
88229
88230
88246
88248
88252
88259
88260
88262
88270
88273
88279
88286
88299
88308
88312
88349
88355
88362
88367
88375
88406
88411
88414
88429
88429
88434
88440
88446
88449
88453
88458
88458
88461
88466
88471
88489
88497
88507
88510
88524
88532
88543
88552
88557
88559
88560
88570
88572
88576
88578
88579
88583
88584
88590
88595
88603
88619
88623
88650
88659
88660
88661
88661
88665
88673
88685
88685
88685
88690
88691
88702
88708
88709
88719
88720
88721
88728
88733
88734
88746
88748
88750
88762
88762
88766
88771
88783
88785
88786
88789
88793
88793
88811
88818
88838
88847
88852
88858
88864
88867
88869
88888
88894
88897
88902
88915
88915
88921
88923
88926
88937
88963
88964
88976
88979
88984
88984
88991
89006
89007
89014
89023
89033
89033
89034
89038
89051
89052
89057
89059
89062
89064
89077
89077
89081
89099
89129
89134
89136
89146
89146
89161
89163
89178
89186
89188
89189
89207
89212
89220
89224
89225
89237
89241
89243
89250
89251
89252
89259
89259
89259
89265
89278
89283
89287
89288
89293
89303
89304
89313
89323
89327
89341
89348
89386
89399
89402
89405
89420
89422
89425
89426
89431
89433
89465
89473
89502
89574
89576
89584
89598
89635
89637
89644
89662
89665
89670
89684
89686
89693
89704
89709
89711
89717
89725
89735
89746
89750
89776
89780
89791
89794
89809
89810
89813
89813
89814
89816
89817
89835
89839
89847
89847
89849
89865
89874
89906
89909
89925
89928
89938
89961
89972
89976
89986
90018
90023
90027
90033
90039
90045
90097
90107
90108
90154
90171
90172
90172
90175
90202
90210
90229
90239
90256
90260
90263
90273
90273
90273
90274
90303
90312
90321
90328
90334
90335
90342
90343
90345
90346
90347
90348
90354
90356
90359
90380
90389
90392
90399
90417
90422
90425
90429
90439
90443
90443
90454
90471
90491
90494
90497
90505
90523
90527
90532
90534
90538
90559
90569
90572
90579
90580
90583
90586
90590
90591
90608
90615
90626
90634
90650
90651
90658
90668
90680
90681
90681
90682
90685
90688
90694
90695
90698
90715
90716
90721
90721
90734
90740
90770
90772
90787
90789
90806
90812
90818
90847
90868
90869
90870
90872
90873
90898
90906
90907
90928
90928
90928
90940
90940
90945
90959
90959
90961
90965
90969
90983
90986
90988
91003
91005
91015
91022
91024
91027
91043
91056
91066
91087
91089
91097
91142
91150
91152
91164
91166
91167
91182
91182
91193
91220
91221
91225
91231
91238
91244
91252
91261
91271
91279
91283
91287
91304
91308
91313
91316
91324
91325
91327
91328
91331
91332
91334
91336
91338
91344
91358
91367
91368
91368
91376
91376
91378
91381
91385
91388
91389
91396
91410
91420
91422
91425
91427
91432
91442
91446
91459
91460
91471
91472
91481
91485
91486
91492
91505
91508
91517
91520
91524
91526
91534
91549
91554
91559
91566
91572
91573
91581
91586
91587
91597
91602
91603
91606
91612
91631
91650
91652
91662
91670
91682
91691
91700
91710
91712
91715
91715
91719
91731
91732
91735
91738
91750
91757
91757
91764
91781
91793
91796
91797
91799
91799
91805
91814
91817
91818
91818
91821
91823
91827
91832
91833
91837
91843
91859
91860
91861
91875
91881
91883
91889
91904
91914
91919
91925
91925
91930
91945
91950
91962
91962
91965
91966
91967
91970
91970
91972
91973
91981
91981
91994
92001
92001
92007
92022
92048
92053
92055
92068
92085
92094
92099
92108
92108
92109
92120
92120
92122
92130
92132
92135
92146
92155
92161
92165
92168
92169
92170
92178
92187
92201
92204
92205
92211
92221
92230
92237
92242
92252
92254
92258
92261
92279
92282
92298
92299
92301
92308
92310
92317
92317
92320
92324
92336
92337
92343
92350
92359
92360
92380
92396
92416
92424
92428
92431
92437
92452
92456
92456
92460
92460
92464
92466
92475
92480
92482
92513
92515
92523
92536
92556
92558
92564
92565
92565
92573
92575
92575
92593
92597
92605
92612
92638
92642
92652
92659
92674
92687
92694
92712
92726
92740
92744
92753
92758
92778
92782
92788
92802
92812
92825
92840
92847
92847
92848
92851
92865
92871
92880
92914
92921
92925
92935
92941
92962
92975
92978
92982
92982
92986
92987
93012
93013
93017
93021
93026
93029
93044
93050
93060
93071
93081
93085
93090
93092
93093
93099
93118
93119
93127
93132
93146
93155
93164
93173
93193
93195
93210
93225
93230
93232
93232
93240
93255
93262
93269
93273
93305
93306
93309
93311
93314
93314
93322
93326
93327
93330
93331
93331
93342
93346
93348
93357
93362
93363
93370
93380
93386
93398
93398
93403
93405
93407
93421
93436
93446
93446
93459
93467
93482
93494
93499
93502
93506
93511
93516
93524
93540
93555
93564
93565
93577
93586
93596
93611
93612
93618
93648
93649
93656
93680
93682
93698
93709
93710
93716
93730
93737
93752
93753
93760
93761
93764
93792
93798
93801
93806
93813
93813
93813
93815
93827
93844
93846
93852
93874
93878
93883
93885
93892
93893
93899
93914
93919
93930
93960
93960
93970
93980
93988
94000
94000
94017
94020
94028
94031
94032
94032
94048
94049
94056
94056
94059
94065
94074
94078
94107
94113
94114
94130
94135
94136
94156
94160
94166
94176
94192
94193
94197
94203
94203
94203
94222
94224
94239
94239
94242
94251
94253
94282
94287
94289
94294
94299
94301
94309
94321
94339
94343
94344
94360
94369
94373
94374
94375
94387
94391
94408
94420
94420
94422
94423
94429
94445
94446
94472
94474
94474
94476
94477
94492
94497
94500
94510
94514
94517
94525
94531
94565
94570
94573
94577
94583
94591
94596
94600
94605
94609
94611
94625
94638
94651
94663
94673
94695
94703
94706
94715
94717
94720
94720
94730
94733
94737
94738
94742
94746
94748
94756
94764
94765
94772
94772
94779
94784
94788
94802
94815
94815
94816
94838
94851
94851
94854
94854
94867
94883
94888
94890
94900
94907
94908
94920
94940
94940
94950
94954
94956
94965
94968
94969
94976
95005
95026
95028
95034
95039
95054
95064
95065
95068
95076
95078
95085
95090
95104
95105
95171
95185
95187
95196
95197
95198
95205
95207
95211
95228
95279
95281
95282
95282
95295
95299
95301
95318
95336
95342
95365
95371
95396
95401
95406
95407
95412
95413
95414
95421
95425
95440
95443
95455
95459
95463
95481
95486
95490
95510
95554
95557
95607
95610
95616
95644
95644
95652
95671
95702
95704
95712
95714
95714
95717
95722
95738
95739
95741
95748
95750
95763
95786
95793
95804
95808
95812
95820
95836
95845
95864
95871
95874
95883
95884
95912
95921
95922
95924
95954
95983
95990
95991
95992
96005
96021
96031
96036
96036
96040
96070
96085
96090
96119
96137
96144
96150
96152
96155
96170
96181
96199
96204
96206
96222
96226
96236
96242
96256
96276
96290
96292
96297
96302
96307
96311
96314
96326
96338
96356
96367
96372
96385
96385
96388
96395
96395
96409
96411
96415
96421
96442
96446
96453
96475
96489
96490
96508
96515
96519
96523
96555
96555
96563
96569
96572
96608
96611
96611
96621
96626
96628
96628
96633
96655
96655
96675
96699
96704
96707
96707
96711
96715
96719
96723
96725
96726
96735
96756
96758
96798
96803
96810
96814
96816
96818
96824
96827
96838
96847
96860
96863
96871
96873
96873
96884
96891
96892
96897
96908
96914
96916
96928
96945
96947
96949
96963
96969
96999
97004
97007
97009
97013
97019
97027
97042
97045
97059
97060
97070
97076
97085
97106
97116
97117
97128
97129
97130
97134
97145
97168
97171
97174
97175
97182
97187
97193
97197
97202
97208
97213
97220
97227
97231
97247
97254
97261
97262
97264
97266
97272
97274
97281
97282
97282
97284
97287
97289
97292
97302
97313
97325
97333
97356
97358
97366
97370
97377
97387
97392
97397
97403
97404
97407
97412
97413
97414
97423
97433
97444
97445
97453
97458
97462
97463
97467
97475
97489
97498
97499
97523
97535
97540
97544
97545
97555
97557
97563
97569
97576
97592
97593
97601
97607
97627
97636
97644
97667
97674
97674
97679
97687
97693
97693
97697
97698
97708
97730
97732
97734
97735
97748
97749
97756
97784
97787
97791
97793
97794
97799
97804
97813
97818
97827
97855
97855
97865
97878
97885
97886
97893
97894
97899
97911
97935
97950
97950
97971
97974
97996
98009
98009
98021
98045
98046
98047
98054
98072
98074
98075
98076
98083
98094
98102
98103
98104
98122
98165
98165
98178
98178
98186
98187
98194
98206
98218
98227
98232
98234
98235
98244
98246
98254
98260
98261
98271
98277
98283
98286
98287
98291
98299
98299
98330
98344
98352
98369
98372
98373
98376
98380
98381
98398
98412
98420
98423
98426
98448
98455
98460
98460
98473
98476
98486
98488
98494
98512
98532
98537
98542
98542
98566
98580
98590
98596
98600
98612
98613
98617
98622
98625
98626
98631
98642
98653
98675
98679
98682
98684
98699
98701
98713
98717
98730
98757
98768
98784
98789
98791
98795
98802
98811
98813
98822
98832
98836
98848
98878
98880
98900
98908
98914
98916
98928
98946
98947
98951
98957
98973
98977
98988
98997
99003
99007
99013
99020
99039
99039
99083
99092
99094
99107
99107
99116
99136
99167
99218
99263
99264
99270
